1 0.7932692307692307 0.04588607594936709 0.057692307692307696 0.06645569620253165
11 0.3954326923076923 0.4731012658227848 0.05048076923076923 0.06012658227848101
11 0.49399038461538464 0.49683544303797467 0.05048076923076923 0.0569620253164557
1 0.7487980769230769 0.052215189873417715 0.04567307692307692 0.06012658227848101
11 0.6550480769230769 0.5965189873417721 0.05048076923076923 0.06645569620253165
1 0.07932692307692307 0.7943037974683544 0.057692307692307696 0.08860759493670886
9 0.6694711538461539 0.09018987341772151 0.06971153846153846 0.0981012658227848
16 0.33413461538461536 0.185126582278481 0.0625 0.06012658227848101
16 0.28966346153846156 0.25 0.05048076923076923 0.0569620253164557
11 0.3088942307692308 0.3987341772151899 0.036057692307692304 0.0569620253164557
11 0.1622596153846154 0.4224683544303798 0.07451923076923077 0.07911392405063292