11 0.1622596153846154 0.4872611464968153 0.04567307692307692 0.044585987261146494
9 0.7127403846153846 0.5238853503184714 0.06971153846153846 0.07961783439490445
9 0.26802884615384615 0.5573248407643312 0.05048076923076923 0.07006369426751592
11 0.8028846153846154 0.6592356687898089 0.028846153846153848 0.025477707006369428
11 0.7548076923076923 0.6656050955414012 0.03365384615384615 0.05732484076433121
11 0.8966346153846154 0.6894904458598726 0.052884615384615384 0.04777070063694268
16 0.5256490384615384 0.7080573248407643 0.04326923076923077 0.07643312101910828
11 0.8822115384615384 0.7229299363057324 0.028846153846153848 0.03821656050955414
11 0.2764423076923077 0.767515923566879 0.052884615384615384 0.03821656050955414
11 0.7055288461538461 0.8232484076433121 0.05048076923076923 0.06050955414012739
11 0.5504807692307693 0.8519108280254777 0.052884615384615384 0.04777070063694268
11 0.4879807692307692 0.959140127388535 0.02403846153846154 0.028662420382165606
11 0.5853846153846154 0.9607006369426753 0.040865384615384616 0.044585987261146494