9 0.7379807692307693 0.3662420382165605 0.0673076923076923 0.08280254777070063
11 0.6057692307692307 0.3885350318471338 0.04807692307692308 0.044585987261146494
11 0.35096153846153844 0.4156050955414013 0.057692307692307696 0.054140127388535034
11 0.5829326923076923 0.4410828025477707 0.04567307692307692 0.06050955414012739
11 0.22716346153846154 0.4840764331210191 0.05048076923076923 0.05732484076433121
11 0.6586538461538461 0.5063694267515924 0.04807692307692308 0.050955414012738856
9 0.6610576923076923 0.5907643312101911 0.057692307692307696 0.07961783439490445
9 0.5456730769230769 0.7101910828025477 0.052884615384615384 0.08280254777070063
1 0.3942307692307692 0.7993630573248408 0.04326923076923077 0.05732484076433121
14 0.07033653846153846 0.8906050955414012 0.06971153846153846 0.08280254777070063
11 0.46033653846153844 0.11624203821656051 0.05048076923076923 0.04777070063694268
11 0.6334134615384616 0.030254777070063694 0.040865384615384616 0.06050955414012739