9 0.3870192307692308 0.32961783439490444 0.052884615384615384 0.06050955414012739
9 0.28365384615384615 0.35987261146496813 0.0673076923076923 0.07006369426751592
9 0.3894230769230769 0.36942675159235666 0.0625 0.050955414012738856
6 0.546875 0.38057324840764334 0.10336538461538461 0.1178343949044586
9 0.29086538461538464 0.40764331210191085 0.052884615384615384 0.05732484076433121
9 0.44471153846153844 0.410828025477707 0.038461538461538464 0.05732484076433121
9 0.328125 0.4713375796178344 0.05048076923076923 0.050955414012738856
14 0.2548076923076923 0.4745222929936306 0.052884615384615384 0.05732484076433121
9 0.17427884615384615 0.5414012738853503 0.04567307692307692 0.050955414012738856
9 0.4879807692307692 0.5573248407643312 0.0625 0.05732484076433121
1 0.5673076923076923 0.5647452229299363 0.04326923076923077 0.050955414012738856
16 0.7199519230769231 0.5764331210191083 0.036057692307692304 0.050955414012738856
9 0.1658653846153846 0.5955414012738853 0.052884615384615384 0.050955414012738856
9 0.45072115384615385 0.5971337579617835 0.036057692307692304 0.06687898089171974
9 0.47596153846153844 0.6130573248407644 0.04326923076923077 0.06050955414012739
9 0.1778846153846154 0.660828025477707 0.038461538461538464 0.03503184713375796
9 0.5180288461538461 0.6671974522292994 0.05048076923076923 0.04777070063694268
9 0.09495192307692307 0.7054140127388535 0.04567307692307692 0.06050955414012739
9 0.5036057692307693 0.7277070063694268 0.04567307692307692 0.07961783439490445
16 0.6334134615384616 0.11624203821656051 0.04567307692307692 0.07961783439490445
1 0.09615384615384616 0.15445859872611464 0.04326923076923077 0.06050955414012739
1 0.6646634615384616 0.1926751592356688 0.036057692307692304 0.054140127388535034
1 0.23076923076923078 0.2070063694267516 0.07692307692307693 0.07643312101910828
9 0.5745192307692307 0.23089171974522293 0.0625 0.07961783439490445