11 0.16826923076923078 0.044585987261146494 0.03365384615384615 0.03821656050955414
11 0.46875 0.44904458598726116 0.028846153846153848 0.050955414012738856
11 0.3016826923076923 0.052547770700636945 0.04567307692307692 0.04777070063694268
9 0.7043269230769231 0.5843949044585988 0.07692307692307693 0.07961783439490445
9 0.4026442307692308 0.6035031847133758 0.10336538461538461 0.10509554140127389
16 0.33052884615384615 0.7659235668789809 0.06971153846153846 0.07961783439490445
9 0.21754807692307693 0.767515923566879 0.07451923076923077 0.08280254777070063
9 0.42908653846153844 0.7993630573248408 0.11778846153846154 0.08917197452229299
16 0.5673076923076923 0.8869426751592356 0.057692307692307696 0.07961783439490445
1 0.31850961538461536 0.9219745222929936 0.06009615384615385 0.06050955414012739
1 0.4375 0.9585987261146497 0.0625 0.07006369426751592
11 0.6177884615384616 0.1035031847133758 0.0625 0.06050955414012739
11 0.3605769230769231 0.18949044585987262 0.057692307692307696 0.03503184713375796
16 0.33774038461538464 0.2754777070063694 0.08413461538461539 0.09872611464968153
11 0.6778846153846154 0.2898089171974522 0.052884615384615384 0.05732484076433121
11 0.4230769230769231 0.3359872611464968 0.038461538461538464 0.04777070063694268
11 0.5012019230769231 0.37898089171974525 0.036057692307692304 0.03821656050955414