1 0.39302884615384615 0.4620253164556962 0.06971153846153846 0.08227848101265824
1 0.4326923076923077 0.4651898734177215 0.0625 0.08227848101265824
1 0.27403846153846156 0.5015822784810127 0.052884615384615384 0.06012658227848101
1 0.28846153846153844 0.5379746835443038 0.038461538461538464 0.0379746835443038
1 0.5288461538461539 0.5838607594936709 0.0625 0.06645569620253165
1 0.296875 0.5949367088607596 0.04567307692307692 0.04430379746835443
1 0.3918269230769231 0.6186708860759493 0.057692307692307696 0.04746835443037974
1 0.34975961538461536 0.6598101265822784 0.04567307692307692 0.06012658227848101
1 0.59375 0.6930379746835442 0.052884615384615384 0.06962025316455696
1 0.6201923076923077 0.7737341772151899 0.0673076923076923 0.06645569620253165
1 0.13942307692307693 0.7800632911392404 0.0625 0.07911392405063292
1 0.8701923076923077 0.8860759493670886 0.038461538461538464 0.06962025316455696
1 0.5180288461538461 0.08860759493670886 0.07451923076923077 0.06962025316455696
1 0.8461538461538461 0.9414556962025317 0.0673076923076923 0.06012658227848101
1 0.23197115384615385 0.20253164556962025 0.06971153846153846 0.0569620253164557
1 0.8209134615384616 0.2753164556962025 0.06971153846153846 0.08227848101265824
1 0.47716346153846156 0.3829113924050633 0.06971153846153846 0.08860759493670886