16 0.3938221153846154 0.44799363057324837 0.04567307692307692 0.05732484076433121
6 0.5733173076923077 0.482484076433121 0.08413461538461539 0.10509554140127389
6 0.5685096153846154 0.06210191082802548 0.06971153846153846 0.09872611464968153
6 0.5012019230769231 0.06847133757961783 0.07932692307692307 0.11146496815286625
6 0.5072115384615384 0.6719745222929936 0.09134615384615384 0.08280254777070063
6 0.3954326923076923 0.07111464968152865 0.07932692307692307 0.07643312101910828
9 0.22877403846153846 0.7760191082802548 0.06490384615384616 0.05732484076433121
11 0.3942307692307692 0.9490445859872612 0.04326923076923077 0.05732484076433121
11 0.7079326923076923 0.02388535031847134 0.036057692307692304 0.04777070063694268
9 0.8978365384615384 0.23248407643312102 0.05048076923076923 0.07006369426751592
14 0.4326923076923077 0.2515923566878981 0.10576923076923077 0.12101910828025478