14 0.6850961538461539 0.4984076433121019 0.08653846153846154 0.09178343949044586
14 0.5841346153846154 0.5015923566878981 0.08653846153846154 0.10442675159235669
14 0.9699519230769231 0.5142356687898089 0.05048076923076923 0.10442675159235669
14 0.7043269230769231 0.5807006369426752 0.0625 0.06012738853503184
14 0.5336538461538461 0.6028343949044586 0.08653846153846154 0.09178343949044586
14 0.359375 0.6234076433121019 0.0985576923076923 0.10127388535031848
14 0.6862980769230769 0.6977707006369427 0.11778846153846154 0.11076433121019108
14 0.44350961538461536 0.7072929936305733 0.06971153846153846 0.0980891719745223
14 0.5925480769230769 0.734171974522293 0.0985576923076923 0.08859872611464968
14 0.3762019230769231 0.734171974522293 0.08413461538461539 0.12025477707006368
14 0.2548076923076923 0.825955414012739 0.09134615384615384 0.07595541401273886
14 0.4050480769230769 0.8639171974522293 0.07451923076923077 0.08859872611464968
14 0.1778846153846154 0.8828980891719745 0.057692307692307696 0.05697452229299363
9 0.5925480769230769 0.8971656050955413 0.07451923076923077 0.1360828025477707
14 0.31490384615384615 0.9161464968152867 0.052884615384615384 0.06646496815286625
14 0.2439903846153846 0.9477707006369428 0.07932692307692307 0.06012738853503184
14 0.4230769230769231 0.9525159235668789 0.125 0.06961783439490446
14 0.5504807692307693 0.2610828025477707 0.0673076923076923 0.07910828025477706
14 0.484375 0.265828025477707 0.06971153846153846 0.08229299363057324
14 0.4723557692307692 0.3813375796178344 0.10817307692307693 0.09178343949044586
16 0.8125 0.406656050955414 0.0625 0.07910828025477706
9 0.7415865384615384 0.40980891719745227 0.09375 0.09178343949044586