11 0.43509615384615385 0.3519108280254777 0.04326923076923077 0.03503184713375796
11 0.5757211538461539 0.35668789808917195 0.05048076923076923 0.03821656050955414
16 0.20072115384615385 0.4140127388535032 0.07451923076923077 0.08280254777070063
16 0.28365384615384615 0.42356687898089174 0.0673076923076923 0.08280254777070063
11 0.5649038461538461 0.4856687898089172 0.038461538461538464 0.04777070063694268
16 0.4579326923076923 0.5318471337579618 0.04567307692307692 0.08280254777070063
16 0.5120192307692307 0.6528662420382165 0.07692307692307693 0.08280254777070063
16 0.4831730769230769 0.732484076433121 0.0673076923076923 0.07643312101910828
14 0.28365384615384615 0.7372611464968153 0.09615384615384616 0.11146496815286625
1 0.3389423076923077 0.23089171974522293 0.038461538461538464 0.04777070063694268
11 0.5997596153846154 0.23089171974522293 0.021634615384615384 0.03503184713375796
11 0.5685096153846154 0.23248407643312102 0.036057692307692304 0.044585987261146494