11 0.4182692307692308 0.32270700636942673 0.038461538461538464 0.050955414012738856
9 0.8713942307692307 0.3885350318471338 0.05048076923076923 0.07006369426751592
9 0.32091346153846156 0.39490445859872614 0.08413461538461539 0.08917197452229299
1 0.2536057692307692 0.4267515923566879 0.040865384615384616 0.03821656050955414
1 0.19831730769230768 0.43471337579617836 0.06009615384615385 0.06050955414012739
9 0.8137019230769231 0.4713375796178344 0.06971153846153846 0.07643312101910828
1 0.7331730769230769 0.4984076433121019 0.052884615384615384 0.06687898089171974
9 0.5997596153846154 0.6130573248407644 0.05048076923076923 0.06050955414012739
6 0.18389423076923078 0.7356687898089171 0.07451923076923077 0.07643312101910828
6 0.28966346153846156 0.7929936305732485 0.06490384615384616 0.07006369426751592
6 0.71875 0.8296178343949044 0.07692307692307693 0.06687898089171974
16 0.18588942307692308 0.09076433121019108 0.052884615384615384 0.06687898089171974
9 0.8730048076923077 0.19480891719745225 0.04567307692307692 0.09235668789808917
9 0.8125 0.2356687898089172 0.052884615384615384 0.07006369426751592
11 0.3485576923076923 0.2770700636942675 0.04326923076923077 0.050955414012738856