6 0.13822115384615385 0.3853503184713376 0.09375 0.09554140127388536
6 0.8569711538461539 0.4410828025477707 0.05048076923076923 0.06050955414012739
6 0.7956730769230769 0.4729299363057325 0.057692307692307696 0.06050955414012739
9 0.27524038461538464 0.5 0.06009615384615385 0.11464968152866242
16 0.8425480769230769 0.5764331210191083 0.06009615384615385 0.050955414012738856
16 0.7800480769230769 0.6289808917197452 0.021634615384615384 0.03503184713375796
16 0.4675480769230769 0.6321656050955414 0.06971153846153846 0.06050955414012739
16 0.609375 0.6385350318471338 0.06009615384615385 0.09235668789808917
6 0.078125 0.6480891719745223 0.07451923076923077 0.09235668789808917
16 0.5228365384615384 0.6496815286624203 0.06009615384615385 0.07006369426751592
16 0.7572115384615384 0.7165605095541401 0.038461538461538464 0.050955414012738856
16 0.8377403846153846 0.7515923566878981 0.04567307692307692 0.03821656050955414
16 0.5745192307692307 0.7786624203821656 0.0625 0.04777070063694268
16 0.5384615384615384 0.7914012738853503 0.052884615384615384 0.06050955414012739
1 0.5504807692307693 0.8598726114649682 0.038461538461538464 0.044585987261146494
6 0.13221153846153846 0.2754777070063694 0.11057692307692307 0.11146496815286625