14 0.06490384615384616 0.37738853503184716 0.0625 0.06050955414012739
6 0.36177884615384615 0.40923566878980894 0.07932692307692307 0.09872611464968153
6 0.6983173076923077 0.04777070063694268 0.05048076923076923 0.07006369426751592
14 0.5901442307692307 0.5493630573248408 0.05048076923076923 0.06050955414012739
14 0.0625 0.6369426751592356 0.038461538461538464 0.10191082802547771
14 0.19591346153846154 0.6480891719745223 0.06009615384615385 0.06050955414012739
16 0.16466346153846154 0.767515923566879 0.06971153846153846 0.07643312101910828
14 0.2704326923076923 0.7977707006369427 0.05048076923076923 0.06050955414012739
9 0.2323798076923077 0.8413057324840765 0.052884615384615384 0.06687898089171974
14 0.28125 0.8996815286624203 0.038461538461538464 0.06687898089171974
16 0.7211538461538461 0.16401273885350318 0.052884615384615384 0.04777070063694268
14 0.13221153846153846 0.19745222929936307 0.04326923076923077 0.050955414012738856
14 0.2860576923076923 0.28343949044585987 0.038461538461538464 0.07006369426751592