2 0.3918269230769231 0.49203821656050956 0.038461538461538464 0.04777070063694268
2 0.5168269230769231 0.5015923566878981 0.04326923076923077 0.04777070063694268
2 0.6394230769230769 0.5079617834394905 0.04326923076923077 0.04777070063694268
2 0.7331730769230769 0.5334394904458599 0.04326923076923077 0.04777070063694268
14 0.7283653846153846 0.05573248407643312 0.0625 0.04777070063694268
14 0.7512019230769231 0.6146496815286624 0.09375 0.07006369426751592
14 0.6454326923076923 0.06369426751592357 0.04567307692307692 0.05732484076433121
14 0.5889423076923077 0.6544585987261147 0.052884615384615384 0.06687898089171974
14 0.4795673076923077 0.6528662420382165 0.05048076923076923 0.03821656050955414
14 0.6454326923076923 0.6735668789808917 0.07451923076923077 0.06687898089171974
14 0.5480769230769231 0.7308917197452229 0.038461538461538464 0.03503184713375796
14 0.5949519230769231 0.7563694267515924 0.05048076923076923 0.04777070063694268
14 0.3269230769230769 0.7691082802547771 0.07692307692307693 0.06050955414012739
14 0.5865384615384616 0.8136942675159236 0.052884615384615384 0.04777070063694268
14 0.7127403846153846 0.11942675159235669 0.06009615384615385 0.04777070063694268
14 0.6105769230769231 0.16878980891719744 0.057692307692307696 0.050955414012738856
14 0.30649038461538464 0.1751592356687898 0.06971153846153846 0.07006369426751592
14 0.3858173076923077 0.18471337579617833 0.036057692307692304 0.03821656050955414
14 0.4387019230769231 0.19745222929936307 0.06971153846153846 0.05732484076433121
14 0.6454326923076923 0.2085987261146497 0.06009615384615385 0.06050955414012739
14 0.765625 0.2229299363057325 0.036057692307692304 0.044585987261146494
14 0.5444711538461539 0.2611464968152866 0.06971153846153846 0.08280254777070063
14 0.3870192307692308 0.2627388535031847 0.0625 0.06687898089171974
14 0.6706730769230769 0.2659235668789809 0.0673076923076923 0.06050955414012739
14 0.2127403846153846 0.2770700636942675 0.04567307692307692 0.044585987261146494
14 0.4423076923076923 0.3057324840764331 0.08653846153846154 0.07006369426751592
14 0.5600961538461539 0.3184713375796178 0.08653846153846154 0.050955414012738856
14 0.3389423076923077 0.321656050955414 0.052884615384615384 0.05732484076433121
14 0.6478365384615384 0.3487261146496815 0.08413461538461539 0.06687898089171974
14 0.2620192307692308 0.3519108280254777 0.057692307692307696 0.06050955414012739
14 0.6995192307692307 0.39331210191082805 0.052884615384615384 0.06050955414012739
14 0.6358173076923077 0.4156050955414013 0.06009615384615385 0.06050955414012739
14 0.5949519230769231 0.4140127388535032 0.06009615384615385 0.05732484076433121
14 0.36899038461538464 0.428343949044586 0.04567307692307692 0.06050955414012739
14 0.29086538461538464 0.43312101910828027 0.08653846153846154 0.05732484076433121
14 0.5564903846153846 0.445859872611465 0.06009615384615385 0.05732484076433121