11 0.4575240384615385 0.32219745222929935 0.052884615384615384 0.04777070063694268
11 0.26802884615384615 0.3535031847133758 0.04567307692307692 0.05732484076433121
11 0.5240384615384616 0.35828025477707004 0.03365384615384615 0.04777070063694268
11 0.38221153846153844 0.39490445859872614 0.038461538461538464 0.050955414012738856
11 0.6069711538461539 0.40605095541401276 0.036057692307692304 0.04777070063694268
11 0.5877403846153846 0.6560509554140127 0.036057692307692304 0.03821656050955414
11 0.38341346153846156 0.06847133757961783 0.026442307692307692 0.04777070063694268
11 0.42908653846153844 0.08917197452229299 0.036057692307692304 0.044585987261146494
11 0.2764423076923077 0.09235668789808917 0.04326923076923077 0.050955414012738856
11 0.3485576923076923 0.11464968152866242 0.038461538461538464 0.044585987261146494
11 0.28846153846153844 0.14968152866242038 0.038461538461538464 0.03821656050955414
11 0.4411057692307692 0.15286624203821655 0.04567307692307692 0.050955414012738856
11 0.42427884615384615 0.01751592356687898 0.04567307692307692 0.03503184713375796
11 0.6177884615384616 0.16719745222929935 0.03365384615384615 0.06050955414012739
11 0.5336538461538461 0.21496815286624205 0.052884615384615384 0.06050955414012739