0 0.6362474437627812 0.2906441717791411 0.019427402862985686 0.017254601226993866
0 0.7011758691206544 0.3195935582822086 0.011758691206543968 0.011886503067484663
0 0.22111451942740287 0.3638803680981595 0.03425357873210634 0.024539877300613498
0 0.28169734151329245 0.32630368098159507 0.044989775051124746 0.021088957055214724
1 0.299079754601227 0.6154141104294478 0.07822085889570553 0.026840490797546013
0 0.4649795501022495 0.5289493865030674 0.013803680981595092 0.012653374233128834
0 0.4460633946830266 0.6236579754601227 0.010736196319018405 0.011503067484662576
0 0.2367075664621677 0.6154141104294478 0.014314928425357873 0.013420245398773007
0 0.4082310838445808 0.8957055214723927 0.01789366053169734 0.015337423312883436
0 0.6416155419222904 0.816909509202454 0.017382413087934562 0.01303680981595092
0 0.7175357873210634 0.5977760736196319 0.03425357873210634 0.010352760736196318
0 0.7816973415132924 0.5605828220858896 0.014314928425357873 0.014570552147239263