12 0.5860051055728626 0.20011249567324335 0.5730248355832468 0.20119418483904464 0.5562586535133264 0.20137446636667816 0.5316502249913464 0.20443925233644858 0.5094755970924195 0.20876600899965386 0.48811223606784354 0.20948713511018807 0.4713460539979231 0.21309276566285912 0.4491714260989962 0.21399417330102685 0.43267566632052606 0.21417445482866043 0.4053630148840429 0.21417445482866043 0.38264754240221527 0.2172392407984308 0.35533489096573206 0.22282796815507097 0.3301856178608515 0.2322026075920157 0.31098563516787814 0.24680541133033346 0.3263997057805469 0.2392335871697242 0.339650398061613 0.2322026075920157 0.3529010903426791 0.22679416176300912 0.3696672724125995 0.22156599746163608 0.3880559882312219 0.2185012114918657 0.41104188300449984 0.2172392407984308 0.43592073381793006 0.21705895927079727 0.45836578400830735 0.21669839621553014 0.4754023883696781 0.21597727010499593 0.4916277258566978 0.2116505134417907 0.5078530633437176 0.21074910580362294 0.5254305122879889 0.20840544594438673 0.5446304949809622 0.2047998153917157 0.5643713222568363 0.20335756317064724
12 0.4562024056767047 0.19848996192454135 0.45971789546555897 0.20389840775354792 0.4616108515057113 0.21309276566285912 0.46350380754586357 0.22264768662743736 0.4645854967116649 0.2329237337025499 0.4672897196261682 0.24536315910926504 0.47080520941502246 0.2549180800738433 0.46701929733471786 0.2532955463251413 0.46350380754586357 0.2408561209184262 0.46215169608861195 0.2294983846775124 0.4602587400484597 0.21922233760239987 0.4602587400484597 0.21020826122072228
12 0.49406152647975077 0.2363490827275874 0.4981178608515057 0.24211809161186107 0.5046079958463136 0.250591323410638 0.5108277085496712 0.2576223029883466 0.49974039460020764 0.24716597438560053
12 0.39779119072343366 0.1891153224875966 0.4080672377985462 0.18641109957309332 0.4188841294565593 0.18641109957309332 0.4297010211145725 0.18803363332179532 0.4440334025614399 0.1891153224875966 0.46134042921426094 0.18803363332179532 0.48324463482173763 0.18677166262836042 0.5070417964693665 0.1865913811007269 0.5162361543786778 0.18677166262836042 0.49406152647975077 0.18929560401523018 0.47296858774662515 0.19055757470866502 0.4513348044305988 0.1929012345679012 0.4315939771547248 0.192180108457367 0.4145573727933541 0.18875475943232953
12 0.28475467289719625 0.24374062536056304 0.28881100726895115 0.23761105342102226 0.2974645205953617 0.22967866620514593 0.30963352371062647 0.22120543440636897 0.32072083766008996 0.2145350178839275 0.33370110764970573 0.20696319372331834 0.3415433541017653 0.20209559247721243 0.34965602284527514 0.20263643706011306 0.36479967116649353 0.20119418483904464 0.37696867428175834 0.1983096803969078 0.36615178262374526 0.20299700011538016 0.3564165801315334 0.2047998153917157 0.3439771547248182 0.20714347525095186 0.33937997577016266 0.20642234914041765 0.3266701280719972 0.21435473635629398 0.31477154724818274 0.22048430829583476 0.30206169955001727 0.22913782162224527
12 0.3418137763932156 0.1736111111111111 0.361013759086189 0.1649575977847006 0.38508134302526825 0.16315478250836504 0.4050925925925926 0.16207309334256373 0.4232108861197646 0.16135196723202955 0.43727284527518173 0.16333506403599862 0.4464672031844929 0.16423647167416636 0.4656671858774662 0.16099140417676244 0.44592635860159224 0.166399850005769 0.42807848736587056 0.16405619014653283 0.41239399446175146 0.16297450098073152 0.39670950155763235 0.16423647167416636 0.3753461405330564 0.16585900542286833 0.3566870024229837 0.1687435098650052
12 0.31882788161993764 0.324326468212761 0.31477154724818274 0.32811238029306566 0.30530676704742127 0.33243913695627086 0.2971940983039114 0.3367658936194762 0.2898926964347525 0.34145321333794854 0.2863772066458982 0.34289546555901695 0.2939490308065074 0.3365856120918426 0.30098001038421596 0.33243913695627086 0.3088222568362755 0.3288335064035999
12 0.2966532537210107 0.32306449751932614 0.30530676704742127 0.32072083766008996 0.3161236587054344 0.31819689627322023 0.32585886119764623 0.3156729548863505 0.3312673070266528 0.3142307026652821 0.3261292834890966 0.3171152071074189 0.3163940809968847 0.3201799930771893 0.3069293007961232 0.3221630898811584
12 0.2970013835674755 0.3690621895842202 0.29683508939974457 0.3644059528877536 0.2994957960834398 0.3590845395203633 0.3044846211153682 0.3540957144884348 0.3098060344827586 0.3509915566907904 0.31462856534695616 0.34677877110827304 0.31994997871434655 0.3422333971902938 0.3259365687526607 0.33868578827870016 0.334750159642401 0.33635766993046684 0.34239969135802467 0.33447300269618274 0.3488851638995317 0.33214488434794953 0.3558695189442316 0.3309253937845892 0.36268757982120053 0.3300384915566908 0.3678426990208599 0.32826468710089396 0.3756585249042146 0.3259365687526607 0.3656808748403576 0.3302602171136654 0.36119093231162197 0.33170143323400025 0.3550380481055768 0.3328100610188733 0.3480536930608769 0.3345838654746701 0.3387412196679438 0.3372445721583653 0.33208945295870584 0.3384640627217256 0.3241073329076202 0.34178994607634455 0.318453331204768 0.34611359443734924 0.31379709450830146 0.3498829289059174 0.308641975308642 0.3537631261529729 0.30398573861217537 0.3564238328366681 0.3003272669220945 0.36019316730523626 0.29833173690932313 0.3640733645522918
12 0.3397389846743295 0.33669025826592874 0.34489410387398894 0.33669025826592874 0.35304251809280546 0.3358033560380304 0.3583639314601958 0.3358033560380304 0.3628538739889315 0.3350273165886193 0.3640179331630481 0.3353599049240812 0.36734381651766707 0.33524904214559387 0.37216634738186466 0.3341404143607209 0.37831923158790975 0.3318122960124876 0.3856361749680715 0.32826468710089396 0.3881305874840358 0.3266017454235845 0.38297546828437634 0.3307036682276146 0.37715517241379315 0.3334752376897971 0.37299781822051936 0.3353599049240812 0.36418422733077904 0.33646853270895416 0.3570335781183482 0.3369119838229033 0.35137957641549594 0.3372445721583653 0.34522669220945085 0.33768802327231445
12 0.3934520008514262 0.33646853270895416 0.38796429331630483 0.3370228466013907 0.38164511494252873 0.33868578827870016 0.37349670072371227 0.3403487299560096 0.3656808748403576 0.3422333971902938 0.35736616645381014 0.3437854760891159 0.34838628139633887 0.34589186888037465 0.34239969135802467 0.3482199872286079 0.3528762239250745 0.3452266922094508 0.36202240315027673 0.34356375053214133 0.37017081736909324 0.34178994607634455 0.37931699659429546 0.33979441606357313 0.3876317049808429 0.33790974882928904
12 0.5812568082788672 0.30512436456063907 0.5909586056644881 0.3060321350762527 0.6008306100217865 0.30716684822076984 0.6146173747276689 0.3088689179375454 0.6275531045751634 0.31147875816993464 0.6413398692810458 0.31318082788671026 0.6527437363834423 0.3153367828612927 0.6569989106753812 0.3153367828612927 0.6687431917211328 0.3191948075526507 0.6782747821350762 0.32486837327523604 0.6847426470588235 0.33133623819898333 0.6898488562091503 0.3398465867828613 0.6924019607843137 0.34302378358750907 0.6854234749455338 0.33496732026143794 0.6806576797385622 0.32929375453885257 0.6721473311546841 0.3225989469862019 0.6597222222222222 0.3172657952069717 0.646275871459695 0.31499636891793753 0.6321486928104576 0.3129538852578069 0.6147875816993464 0.3096632171387073 0.6001497821350762 0.30784767610748004
12 0.6833809912854031 0.33122276688453156 0.6888276143790849 0.33292483660130723 0.691891339869281 0.3355346768336965 0.6968273420479304 0.33927923021060274 0.6983592047930283 0.3416621278140886 0.6932529956427016 0.3376906318082789 0.6905296840958606 0.3366693899782135 0.6886574074074074 0.3339460784313726
12 0.6830405773420479 0.31340777051561364 0.6884872004357299 0.3161310820624546 0.6924019607843137 0.3194217501815541 0.695806100217865 0.3227124183006536 0.6993804466230936 0.3230528322440087 0.7017633442265796 0.3262300290486565 0.7036356209150327 0.32838598402323893 0.6988698257080611 0.32645697167755994 0.6964869281045751 0.32486837327523604 0.6920615468409587 0.3225989469862019 0.6881467864923748 0.31851397966594047
12 0.6090503613369466 0.331225534477567 0.6168134598012647 0.3335779885576633 0.6238708220415538 0.33569519722975005 0.6341039972899729 0.33828289671785605 0.6383384146341463 0.34275255947003913 0.6429257000903342 0.34769271303824145 0.6461015130984642 0.3523976211984342 0.640455623306233 0.3441640319180969 0.6337511291779584 0.3394591237579042 0.6235179539295392 0.33545995182174043
12 0.6577461607949412 0.3498099217103282 0.6630391824751581 0.35592630231857875 0.6683322041553749 0.36274841915085815 0.6718608852755195 0.371217253839205 0.6764481707317073 0.3787451068955134 0.6782125112917795 0.3876844323998795 0.6782125112917795 0.3947417946401686 0.6778305606430606 0.4044566544566544 0.6734584859584859 0.41632749966083304 0.6715080171635049 0.4199130532971996 0.6744123931623931 0.4102330925247592 0.6767971611721612 0.4005880307963641 0.677035637973138 0.39173789173789175 0.6766381766381767 0.3842126237959571 0.6725666214995483 0.37380495332731106 0.6697436766034327 0.3662771002710027 0.6655092592592593 0.35827875639867507
12 0.5832909891598915 0.31334688346883466 0.5949356368563685 0.3145231105088828 0.6069331526648599 0.3149936013249021 0.6182249322493225 0.31616982836495033 0.6273995031616982 0.3171108099969888 0.6386912827461607 0.31852228244504666 0.6422199638663053 0.31852228244504666 0.6273995031616982 0.3171108099969888 0.6154019873532067 0.31569933754893104 0.6037573396567298 0.3145231105088828
12 0.5924655600722674 0.3794508431195423 0.6005815266485998 0.38956639566395657 0.6097560975609755 0.40603357422463104 0.6146962511291778 0.4208540349292381 0.617872064137308 0.43826219512195125 0.6150491192411924 0.45496461909063535 0.6189306684733514 0.44320234869015357 0.6182249322493225 0.43026385124962363 0.6143433830171635 0.41403191809695866 0.6079917570009032 0.3987409665763324 0.6005815266485998 0.3858024691358024
12 0.4163843721770551 0.39779998494429386 0.41109135049683826 0.4046221017765733 0.40544546070460696 0.41262044564890094 0.39838809846431794 0.424853206865402 0.3934479448961156 0.4354392502258355 0.3927422086720867 0.44626053899427875 0.3916836043360433 0.4337925323697681 0.3969766260162601 0.4239122252333634 0.40262251580849134 0.4142671635049684 0.40897414182475156 0.4048573471845829
12 0.35427958446251123 0.4213245257452574 0.3571025293586269 0.43167532369768136 0.3609840785907859 0.44061464920204757 0.3652184959349593 0.4486129930743752 0.37262872628726285 0.45943428184281837 0.3793332204155374 0.4697850797952423 0.386743450767841 0.48013587774766636 0.3772160117434507 0.46907934357121345 0.3698057813911472 0.45755231857874135 0.3616898148148148 0.4455548027702499 0.35639679313459793 0.43238105992171033
12 0.6503359304426377 0.3794508431195423 0.6570404245709123 0.39097786811201446 0.6556522181522182 0.4085372574955908 0.6536649114774115 0.4194541954958621 0.6494518213268213 0.4360415818749152 0.65527608401084 0.4243827160493827 0.6584518970189701 0.4048573471845829 0.6584518970189701 0.3907426227040048
12 0.641173043904832 0.2913958384432998 0.6478798749080206 0.29446181833047175 0.653628587196468 0.29548381162619575 0.6593772994849154 0.29650580492191975 0.669916605347069 0.29918853732319517 0.6789229212656365 0.30251001553429807 0.6869711184694629 0.30480950044967703 0.6911868408143242 0.30621474123129755 0.6931030782438067 0.306342490393263 0.6860977564102564 0.3034484805318139 0.6818051739926739 0.301805640347307 0.6766381766381767 0.30016280016280017 0.6714711792836793 0.2976720424637091 0.6659862128612128 0.2966651404151404 0.6595473392348391 0.29512828991995654 0.6543008496133496 0.29438636209469543 0.6492133445258446 0.29364443426943426