0 0.38929738562091504 0.6145833333333334 0.04330065359477124 0.029105392156862746
0 0.4922385620915033 0.5761335784313726 0.04779411764705882 0.035845588235294115
0 0.2959558823529412 0.6576286764705882 0.09722222222222222 0.035845588235294115
0 0.3472222222222222 0.7253370098039216 0.05841503267973856 0.046262254901960786
0 0.6362336601307189 0.7205882352941176 0.042483660130718956 0.018688725490196078
0 0.6715686274509803 0.7382046568627451 0.024918300653594773 0.020526960784313725
0 0.7095588235294118 0.7265625 0.0196078431372549 0.014705882352941176
0 0.7263071895424836 0.6689644607843137 0.0494281045751634 0.07689950980392157
0 0.4881535947712418 0.38893995098039214 0.04330065359477124 0.02971813725490196
0 0.5716911764705882 0.36106004901960786 0.026552287581699346 0.021752450980392156
0 0.5947712418300654 0.38893995098039214 0.04084967320261438 0.019301470588235295
0 0.6699346405228758 0.3720894607843137 0.06535947712418301 0.06770833333333333
0 0.4470996732026144 0.3356311274509804 0.06535947712418301 0.02267156862745098
0 0.38357843137254904 0.37699142156862747 0.03553921568627451 0.017769607843137254
0 0.534109477124183 0.4410232843137255 0.03104575163398693 0.03829656862745098
0 0.5051062091503268 0.49525122549019607 0.027369281045751634 0.029105392156862746
0 0.4074754901960784 0.7316176470588235 0.03022875816993464 0.021752450980392156
0 0.42320261437908496 0.4336703431372549 0.026552287581699346 0.015931372549019607
0 0.38439542483660133 0.41513480392156865 0.02287581699346405 0.009191176470588236
0 0.5504493464052288 0.4869791666666667 0.026552287581699346 0.019301470588235295
0 0.2426470588235294 0.6331188725490197 0.016748366013071895 0.013174019607843137
0 0.31862745098039214 0.6259191176470589 0.03104575163398693 0.027879901960784315