0 0.3689630681818182 0.48686079545454547 0.04071969696969697 0.026988636363636364
0 0.5175189393939394 0.2981178977272727 0.025094696969696968 0.020596590909090908
0 0.5866477272727273 0.22895951704545456 0.022727272727272728 0.017045454545454544
0 0.5839251893939394 0.26526988636363635 0.025094696969696968 0.018110795454545456
0 0.65625 0.21928267045454544 0.025804924242424244 0.018821022727272728
0 0.5862926136363636 0.16912286931818182 0.025094696969696968 0.023970170454545456
0 0.4100378787878788 0.4892578125 0.017992424242424244 0.01580255681818182
0 0.6543560606060606 0.49840198863636365 0.020359848484848484 0.025745738636363636
0 0.5406013257575758 0.6704545454545454 0.022727272727272728 0.01580255681818182
0 0.5316051136363636 0.6965553977272727 0.025094696969696968 0.014026988636363636
0 0.7183948863636364 0.5042613636363636 0.026515151515151516 0.018821022727272728