0 0.49019607843137253 0.42493872549019607 0.051470588235294115 0.033394607843137254
0 0.40931372549019607 0.4348958333333333 0.07434640522875817 0.021752450980392156
0 0.315359477124183 0.4759497549019608 0.04125816993464052 0.018075980392156864
0 0.3298611111111111 0.5150122549019608 0.024918300653594773 0.01991421568627451
0 0.3611111111111111 0.4954044117647059 0.06576797385620915 0.014705882352941176
0 0.48080065359477125 0.46660539215686275 0.08292483660130719 0.027573529411764705
0 0.6488970588235294 0.6032475490196079 0.024918300653594773 0.02696078431372549
0 0.5484068627450981 0.7035845588235294 0.027369281045751634 0.016544117647058824
1 0.4636437908496732 0.6953125 0.09395424836601307 0.09620098039215687
0 0.35498366013071897 0.5428921568627451 0.015522875816993464 0.018688725490196078
0 0.32373366013071897 0.5508578431372549 0.03145424836601307 0.02389705882352941
0 0.346609477124183 0.5692401960784313 0.0428921568627451 0.018688725490196078
0 0.4863153594771242 0.49019607843137253 0.046977124183006536 0.016544117647058824
1 0.5018382352941176 0.7469362745098039 0.15318627450980393 0.06556372549019608
0 0.6450163398692811 0.7522977941176471 0.060866013071895424 0.024509803921568627
0 0.34129901960784315 0.6953125 0.031862745098039214 0.021139705882352942
0 0.6292892156862745 0.4777879901960784 0.015522875816993464 0.012867647058823529
0 0.5010212418300654 0.8279718137254902 0.016748366013071895 0.01838235294117647
0 0.27062908496732024 0.5202205882352942 0.020833333333333332 0.017769607843137254
0 0.5469771241830066 0.4742647058823529 0.03431372549019608 0.028799019607843136
0 0.4195261437908497 0.4713541666666667 0.025735294117647058 0.021139705882352942