0 0.71875 0.5551470588235294 0.05269607843137255 0.028799019607843136
0 0.7320261437908496 0.5801164215686274 0.05269607843137255 0.02420343137254902
0 0.5786356209150327 0.5932904411764706 0.046977124183006536 0.03370098039215686
0 0.375 0.5958946078431373 0.026552287581699346 0.02849264705882353
1 0.48427287581699346 0.6200980392156863 0.0559640522875817 0.03982843137254902
1 0.5228758169934641 0.6833639705882353 0.04493464052287582 0.03615196078431373
1 0.5641339869281046 0.6384803921568627 0.06290849673202614 0.04411764705882353
0 0.741421568627451 0.7083333333333334 0.025326797385620915 0.013786764705882353
0 0.6311274509803921 0.7167585784313726 0.04003267973856209 0.026348039215686275
0 0.5459558823529411 0.7722120098039216 0.035130718954248366 0.023590686274509803
0 0.38766339869281047 0.4840686274509804 0.026552287581699346 0.014093137254901961
0 0.7118055555555556 0.34941789215686275 0.056781045751633986 0.03216911764705882
0 0.7681781045751634 0.4094669117647059 0.026552287581699346 0.016237745098039217
0 0.7081290849673203 0.3799019607843137 0.07230392156862746 0.03002450980392157
0 0.6096813725490197 0.36887254901960786 0.025326797385620915 0.015318627450980392
0 0.590890522875817 0.32919730392156865 0.0363562091503268 0.04197303921568627
0 0.6674836601307189 0.28722426470588236 0.024509803921568627 0.01991421568627451
0 0.7303921568627451 0.4724264705882353 0.026552287581699346 0.024816176470588234
0 0.7549019607843137 0.43933823529411764 0.06290849673202614 0.019301470588235295
0 0.5714869281045751 0.7313112745098039 0.028594771241830064 0.021139705882352942
0 0.4244281045751634 0.6302083333333334 0.024509803921568627 0.027879901960784315