0 0.17989042207792208 0.5990853658536586 0.016436688311688312 0.020884146341463416
0 0.4418628246753247 0.9602134146341463 0.02922077922077922 0.02027439024390244
0 0.6342329545454546 0.854344512195122 0.018871753246753248 0.018597560975609755
0 0.578226461038961 0.596875 0.028612012987012988 0.02545731707317073
0 0.5256696428571429 0.5884146341463414 0.048092532467532464 0.04573170731707317
0 0.3137175324675325 0.6623475609756098 0.037540584415584416 0.016310975609756098
0 0.598924512987013 0.6451219512195122 0.056412337662337664 0.0676829268292683
0 0.5564123376623377 0.646265243902439 0.016436688311688312 0.015853658536585366
0 0.5234375 0.6572408536585366 0.03612012987012987 0.032164634146341464
0 0.4941152597402597 0.7077743902439024 0.07670454545454546 0.02149390243902439
0 0.5549918831168831 0.7208079268292683 0.021103896103896104 0.024847560975609757
0 0.5422077922077922 0.7538109756097561 0.04200487012987013 0.014176829268292683
0 0.6880073051948052 0.6426067073170731 0.026988636363636364 0.019817073170731708
0 0.661627435064935 0.6033536585365854 0.033076298701298704 0.013567073170731707
0 0.6477272727272727 0.5762195121951219 0.017248376623376624 0.024847560975609757
0 0.5955762987012987 0.5536585365853659 0.06615259740259741 0.02942073170731707
0 0.6466112012987013 0.6474085365853659 0.024147727272727272 0.015853658536585366
0 0.6677150974025974 0.6169207317073171 0.008928571428571428 0.00899390243902439
0 0.6289569805194806 0.7241615853658536 0.03226461038961039 0.02027439024390244
0 0.29829545454545453 0.8297256097560975 0.033887987012987016 0.01920731707317073
0 0.5891842532467533 0.4108231707317073 0.03835227272727273 0.03277439024390244
0 0.616984577922078 0.4365091463414634 0.026379870129870128 0.02545731707317073
0 0.5294237012987013 0.4404725609756098 0.021103896103896104 0.016310975609756098
0 0.411424512987013 0.37073170731707317 0.07974837662337662 0.049695121951219515
0 0.3828125 0.29001524390243905 0.024147727272727272 0.014634146341463415
0 0.2268668831168831 0.36341463414634145 0.021712662337662336 0.015853658536585366
0 0.2520292207792208 0.39474085365853656 0.018060064935064936 0.0288109756097561
0 0.3527800324675325 0.3515243902439024 0.02556818181818182 0.016920731707317074
0 0.33624188311688313 0.40746951219512195 0.018060064935064936 0.028201219512195123
0 0.3648538961038961 0.41227134146341465 0.016436688311688312 0.01524390243902439
0 0.6293628246753247 0.4850609756097561 0.01948051948051948 0.031097560975609756
0 0.6680194805194806 0.49809451219512196 0.03977272727272727 0.07286585365853658
12 0.3088474025974026 0.41989329268292686 0.036728896103896104 0.09039634146341463
0 0.33289366883116883 0.5121951219512195 0.03977272727272727 0.020884146341463416
0 0.5034496753246753 0.8153963414634147 0.030844155844155844 0.018597560975609755