12 0.6673092532467533 0.44420731707317074 0.024959415584415584 0.0649390243902439
0 0.4028003246753247 0.6133384146341463 0.09821428571428571 0.042225609756097564
0 0.32792207792207795 0.4975609756097561 0.022930194805194804 0.016158536585365854
0 0.28926542207792205 0.5061737804878049 0.03469967532467533 0.019664634146341464
0 0.48792613636363635 0.4083079268292683 0.048498376623376624 0.01676829268292683
0 0.380275974025974 0.4368140243902439 0.02150974025974026 0.012804878048780487
0 0.4289772727272727 0.44176829268292683 0.02739448051948052 0.013719512195121951
0 0.6280438311688312 0.406859756097561 0.02739448051948052 0.01676829268292683
0 0.5530641233766234 0.3493140243902439 0.028206168831168832 0.01676829268292683
0 0.37601461038961037 0.3176067073170732 0.036728896103896104 0.020121951219512196
0 0.6996753246753247 0.3928353658536585 0.02150974025974026 0.014329268292682927
0 0.6999797077922078 0.3350609756097561 0.022321428571428572 0.015701219512195122
0 0.7452313311688312 0.43041158536585367 0.015625 0.029573170731707316
0 0.713474025974026 0.44939024390243903 0.0294237012987013 0.032926829268292684
0 0.33735795454545453 0.6195121951219512 0.020900974025974024 0.012347560975609757
0 0.3216314935064935 0.6622713414634146 0.022321428571428572 0.03399390243902439
0 0.419237012987013 0.7011432926829269 0.07203733766233766 0.03201219512195122
0 0.39366883116883117 0.6666920731707318 0.048498376623376624 0.016158536585365854
0 0.35896915584415584 0.7198170731707317 0.015625 0.018140243902439023
0 0.328226461038961 0.7176067073170732 0.01968344155844156 0.019664634146341464
0 0.309862012987013 0.7461128048780488 0.024959415584415584 0.021646341463414633
0 0.4617491883116883 0.7426829268292683 0.04586038961038961 0.022560975609756097
0 0.39042207792207795 0.7599085365853658 0.02739448051948052 0.037347560975609755
0 0.40868506493506496 0.801219512195122 0.01968344155844156 0.01676829268292683
0 0.4617491883116883 0.8339176829268292 0.022321428571428572 0.017225609756097562
0 0.5121753246753247 0.8477134146341463 0.02353896103896104 0.011280487804878048
0 0.6001420454545454 0.8508384146341463 0.033482142857142856 0.01875
0 0.3487215909090909 0.434375 0.04748376623376623 0.05990853658536585
0 0.554484577922078 0.3875762195121951 0.053165584415584416 0.018902439024390243