4 0.4877450980392157 0.6775428921568627 0.12214052287581699 0.0857843137254902
1 0.41013071895424835 0.4915747549019608 0.058823529411764705 0.04932598039215686
1 0.35294117647058826 0.4736519607843137 0.04084967320261438 0.03462009803921569
0 0.5735294117647058 0.6773897058823529 0.024918300653594773 0.01715686274509804
0 0.6521650326797386 0.6608455882352942 0.0196078431372549 0.01685049019607843
0 0.3831699346405229 0.5755208333333334 0.011437908496732025 0.014705882352941176
0 0.4152369281045752 0.594515931372549 0.03390522875816993 0.02022058823529412
0 0.32679738562091504 0.6689644607843137 0.013071895424836602 0.013786764705882353
0 0.35947712418300654 0.7441789215686274 0.02246732026143791 0.013786764705882353
0 0.6717728758169934 0.5571384803921569 0.058823529411764705 0.041666666666666664
0 0.37459150326797386 0.4496017156862745 0.014705882352941176 0.014705882352941176
4 0.27675653594771243 0.6694240196078431 0.04820261437908497 0.027573529411764705