0 0.6386880165289256 0.4384645061728395 0.08006198347107438 0.058256172839506175
0 0.5896177685950413 0.45929783950617287 0.019111570247933883 0.010416666666666666
0 0.33987603305785125 0.45100308641975306 0.06508264462809918 0.05015432098765432
0 0.518595041322314 0.8090277777777778 0.03409090909090909 0.027391975308641976
0 0.3974690082644628 0.7241512345679012 0.02634297520661157 0.03125
4 0.39359504132231404 0.6583719135802469 0.07283057851239669 0.03433641975308642
4 0.6082128099173554 0.660108024691358 0.05165289256198347 0.050540123456790126
0 0.5449380165289256 0.6334876543209876 0.03305785123966942 0.03587962962962963
0 0.534349173553719 0.44695216049382713 0.014462809917355372 0.01273148148148148
0 0.49612603305785125 0.47762345679012347 0.013429752066115703 0.013117283950617283
0 0.5852272727272727 0.48823302469135804 0.026859504132231406 0.01890432098765432
0 0.5289256198347108 0.5767746913580247 0.02066115702479339 0.03279320987654321
0 0.4581611570247934 0.7002314814814815 0.013429752066115703 0.008873456790123456