0 0.613562091503268 0.22242647058823528 0.0494281045751634 0.05177696078431373
0 0.5518790849673203 0.21323529411764705 0.03308823529411765 0.022365196078431373
0 0.47181372549019607 0.2526041666666667 0.058823529411764705 0.05422794117647059
0 0.39869281045751637 0.22748161764705882 0.05228758169934641 0.05575980392156863
0 0.3445669934640523 0.26577818627450983 0.04534313725490196 0.0664828431372549
0 0.3137254901960784 0.31035539215686275 0.017565359477124183 0.014093137254901961
0 0.3298611111111111 0.3385416666666667 0.018790849673202614 0.029105392156862746
0 0.3061683006535948 0.40027573529411764 0.013480392156862746 0.019301470588235295
0 0.5204248366013072 0.4987745098039216 0.02696078431372549 0.02144607843137255
0 0.5155228758169934 0.45894607843137253 0.017565359477124183 0.014705882352941176
0 0.3678513071895425 0.4960171568627451 0.04738562091503268 0.027879901960784315
0 0.5490196078431373 0.2538296568627451 0.05473856209150327 0.027573529411764705
0 0.49060457516339867 0.21001838235294118 0.03799019607843137 0.024816176470588234
0 0.5420751633986928 0.3209252450980392 0.02696078431372549 0.022365196078431373
0 0.7009803921568627 0.2106311274509804 0.02369281045751634 0.023284313725490197
0 0.639501633986928 0.27420343137254904 0.056781045751633986 0.02542892156862745
0 0.7485702614379085 0.3007046568627451 0.0392156862745098 0.057904411764705885
0 0.7540849673202614 0.45128676470588236 0.02042483660130719 0.014705882352941176
0 0.6290849673202614 0.4852941176470588 0.02369281045751634 0.017769607843137254
0 0.6043709150326797 0.555453431372549 0.02165032679738562 0.015625
0 0.34068627450980393 0.5372242647058824 0.02165032679738562 0.021752450980392156
0 0.6060049019607843 0.4889705882352941 0.015522875816993464 0.013786764705882353
0 0.4783496732026144 0.4960171568627451 0.024509803921568627 0.024816176470588234
0 0.369281045751634 0.6075367647058824 0.03104575163398693 0.019301470588235295
0 0.3110702614379085 0.5543811274509803 0.012254901960784314 0.01991421568627451
0 0.3312908496732026 0.5968137254901961 0.017565359477124183 0.013174019607843137
0 0.5853758169934641 0.6966911764705882 0.018790849673202614 0.017769607843137254
0 0.6819852941176471 0.5948223039215687 0.02246732026143791 0.016237745098039217
0 0.6995506535947712 0.6294424019607843 0.020833333333333332 0.016237745098039217
0 0.7077205882352942 0.6072303921568627 0.026552287581699346 0.012561274509803922
0 0.7685866013071896 0.5338541666666666 0.014297385620915032 0.01715686274509804
0 0.5559640522875817 0.7256433823529411 0.04411764705882353 0.017769607843137254
0 0.4891748366013072 0.7222732843137255 0.02696078431372549 0.016237745098039217
0 0.3786764705882353 0.6288296568627451 0.02042483660130719 0.013174019607843137
0 0.639501633986928 0.6942401960784313 0.04084967320261438 0.01685049019607843
0 0.5557598039215687 0.6732536764705882 0.03594771241830065 0.014705882352941176
0 0.5328839869281046 0.7022058823529411 0.017973856209150325 0.024816176470588234
0 0.5625 0.35784313725490197 0.02165032679738562 0.01838235294117647
0 0.5888480392156863 0.3324142156862745 0.023284313725490197 0.011642156862745098