0 0.434640522875817 0.17034313725490197 0.03390522875816993 0.03615196078431373
0 0.41217320261437906 0.18581495098039216 0.026143790849673203 0.017463235294117647
0 0.40012254901960786 0.21767769607843138 0.02042483660130719 0.019301470588235295
0 0.3729575163398693 0.1881127450980392 0.02042483660130719 0.020833333333333332
0 0.30943627450980393 0.24065563725490197 0.034722222222222224 0.04350490196078431
0 0.3684640522875817 0.22564338235294118 0.023284313725490197 0.019301470588235295
0 0.33169934640522875 0.20450367647058823 0.03104575163398693 0.033394607843137254
0 0.37683823529411764 0.30606617647058826 0.03227124183006536 0.045649509803921566
0 0.4178921568627451 0.39215686274509803 0.025735294117647058 0.03155637254901961
0 0.4117647058823529 0.44025735294117646 0.021241830065359478 0.01685049019607843
0 0.43218954248366015 0.4794730392156863 0.024101307189542485 0.042279411764705885
0 0.4897875816993464 0.5536151960784313 0.027777777777777776 0.02022058823529412
0 0.40584150326797386 0.6697303921568627 0.03022875816993464 0.0196078431372549
0 0.6597222222222222 0.47809436274509803 0.05514705882352941 0.03615196078431373
0 0.7038398692810458 0.4577205882352941 0.016748366013071895 0.013480392156862746
0 0.6828022875816994 0.5297181372549019 0.04084967320261438 0.04350490196078431
0 0.6542075163398693 0.5618872549019608 0.0196078431372549 0.033394607843137254
0 0.6117238562091504 0.5793504901960784 0.0821078431372549 0.0389093137254902
0 0.5420751633986928 0.5857843137254902 0.03308823529411765 0.04411764705882353
0 0.4681372549019608 0.6741727941176471 0.06944444444444445 0.030943627450980393
0 0.35314542483660133 0.6720281862745098 0.03145424836601307 0.03002450980392157
0 0.40318627450980393 0.7022058823529411 0.056372549019607844 0.023590686274509803
0 0.5622957516339869 0.6640625 0.025735294117647058 0.0196078431372549
0 0.6621732026143791 0.6020220588235294 0.04738562091503268 0.03216911764705882
0 0.6523692810457516 0.2722120098039216 0.03227124183006536 0.02665441176470588
0 0.6631944444444444 0.3428308823529412 0.028594771241830064 0.018688725490196078
0 0.6488970588235294 0.36871936274509803 0.042075163398692814 0.015318627450980392
0 0.7001633986928104 0.4407169117647059 0.021241830065359478 0.018075980392156864
0 0.48856209150326796 0.1878063725490196 0.034722222222222224 0.02022058823529412