0 0.48713235294117646 0.5032169117647058 0.0363562091503268 0.025122549019607844
0 0.46343954248366015 0.5421262254901961 0.025326797385620915 0.021139705882352942
0 0.3999183006535948 0.5598958333333334 0.030637254901960783 0.020833333333333332
0 0.383374183006536 0.5848651960784313 0.023284313725490197 0.014093137254901961
0 0.42830882352941174 0.6050857843137255 0.031862745098039214 0.018995098039215685
0 0.4863153594771242 0.6144301470588235 0.0494281045751634 0.015931372549019607
0 0.4848856209150327 0.6358762254901961 0.02900326797385621 0.014093137254901961
0 0.5829248366013072 0.7279411764705882 0.030637254901960783 0.014093137254901961
0 0.5241013071895425 0.7314644607843137 0.04370915032679738 0.018995098039215685
0 0.6631944444444444 0.6911764705882353 0.017973856209150325 0.018075980392156864
0 0.4166666666666667 0.6522671568627451 0.03349673202614379 0.021752450980392156
0 0.4236111111111111 0.6341911764705882 0.028186274509803922 0.011948529411764705
0 0.3960375816993464 0.6663602941176471 0.0457516339869281 0.03799019607843137
0 0.3423202614379085 0.46568627450980393 0.05024509803921569 0.03308823529411765
0 0.309640522875817 0.5096507352941176 0.025326797385620915 0.02297794117647059
0 0.3541666666666667 0.49923406862745096 0.02042483660130719 0.0196078431372549
0 0.3555964052287582 0.3776041666666667 0.024509803921568627 0.01133578431372549
0 0.4035947712418301 0.38756127450980393 0.026143790849673203 0.0196078431372549
0 0.6664624183006536 0.49846813725490197 0.027777777777777776 0.021139705882352942
0 0.6029411764705882 0.49785539215686275 0.021241830065359478 0.021139705882352942
0 0.6086601307189542 0.25857843137254904 0.03104575163398693 0.02297794117647059
0 0.41013071895424835 0.2936580882352941 0.053513071895424834 0.030943627450980393
0 0.5277777777777778 0.23268995098039216 0.07393790849673203 0.0428921568627451
0 0.4812091503267974 0.27297794117647056 0.0625 0.03982843137254902
0 0.6486928104575164 0.2496936274509804 0.0457516339869281 0.03216911764705882
0 0.6006944444444444 0.28370098039215685 0.0298202614379085 0.016237745098039217
0 0.6860702614379085 0.44316789215686275 0.013071895424836602 0.011029411764705883
0 0.6678921568627451 0.37653186274509803 0.017565359477124183 0.018075980392156864
0 0.661968954248366 0.3411458333333333 0.030637254901960783 0.02665441176470588
0 0.6881127450980392 0.2694546568627451 0.024509803921568627 0.03155637254901961
0 0.6572712418300654 0.29044117647058826 0.03431372549019608 0.03860294117647059
0 0.6376633986928104 0.46875 0.01511437908496732 0.020833333333333332