0 0.34910300925925924 0.5005425347222222 0.04050925925925926 0.032552083333333336
0 0.3198784722222222 0.5396050347222222 0.07060185185185185 0.032552083333333336
0 0.4409722222222222 0.4465060763888889 0.06539351851851852 0.06770833333333333
0 0.3901909722222222 0.3017578125 0.039641203703703706 0.019965277777777776
0 0.4383680555555556 0.3916015625 0.02488425925925926 0.023220486111111112
0 0.4171006944444444 0.33984375 0.02488425925925926 0.024522569444444444
0 0.5201099537037037 0.447265625 0.05555555555555555 0.05642361111111111
0 0.48466435185185186 0.3780381944444444 0.02025462962962963 0.011935763888888888
0 0.5067997685185185 0.5546875 0.03269675925925926 0.025824652777777776
0 0.5407986111111112 0.5218098958333334 0.049479166666666664 0.037109375
0 0.3605324074074074 0.5715060763888888 0.022858796296296297 0.010633680555555556
0 0.16796875 0.23914930555555555 0.031828703703703706 0.013888888888888888
0 0.1684027777777778 0.2646484375 0.06105324074074074 0.023871527777777776
0 0.4149305555555556 0.5652126736111112 0.05555555555555555 0.036458333333333336
0 0.38527199074074076 0.5075954861111112 0.028356481481481483 0.017795138888888888
0 0.2964409722222222 0.6610243055555556 0.023726851851851853 0.013237847222222222