0 0.40697337962962965 0.5106336805555556 0.04137731481481482 0.027994791666666668
0 0.3619791666666667 0.4878472222222222 0.04832175925925926 0.027994791666666668
0 0.33203125 0.3601345486111111 0.05092592592592592 0.029296875
0 0.36038773148148145 0.3067491319444444 0.05324074074074074 0.019097222222222224
0 0.41377314814814814 0.3264973958333333 0.029513888888888888 0.017795138888888888
0 0.41333912037037035 0.4236111111111111 0.027199074074074073 0.019097222222222224
0 0.37688078703703703 0.3754340277777778 0.015335648148148149 0.016493055555555556
0 0.5517939814814815 0.4029947916666667 0.03125 0.018446180555555556
0 0.49537037037037035 0.4395616319444444 0.07609953703703703 0.052083333333333336
0 0.5674189814814815 0.4420572916666667 0.07465277777777778 0.022786458333333332
0 0.5597511574074074 0.5138888888888888 0.03211805555555555 0.025390625
0 0.4709201388888889 0.5065104166666666 0.07291666666666667 0.03233506944444445
0 0.6140046296296297 0.6561414930555556 0.0390625 0.016493055555555556
0 0.5496238425925926 0.1733940972222222 0.055844907407407406 0.048177083333333336
0 0.7342303240740741 0.2807074652777778 0.055844907407407406 0.07378472222222222
0 0.5656828703703703 0.4748263888888889 0.07957175925925926 0.03493923611111111
0 0.7254050925925926 0.3995225694444444 0.029513888888888888 0.024088541666666668
0 0.7596932870370371 0.48046875 0.018518518518518517 0.021050347222222224
0 0.4078414351851852 0.1974826388888889 0.03819444444444445 0.021701388888888888
0 0.6203703703703703 0.17176649305555555 0.03125 0.014539930555555556