0 0.511873920552677 0.2911269430051813 0.028065630397236616 0.03432642487046632
0 0.47193436960276336 0.32966321243523317 0.04447322970639033 0.02104922279792746
0 0.41321243523316065 0.33711139896373055 0.018566493955094993 0.016515544041450777
0 0.3635578583765112 0.3751619170984456 0.021157167530224525 0.024287564766839378
0 0.4745250431778929 0.38180051813471505 0.06476683937823834 0.021373056994818652
0 0.6513385146804835 0.3494170984455959 0.04015544041450777 0.021373056994818652
0 0.6211139896373057 0.29371761658031087 0.01770293609671848 0.03562176165803109
0 0.7351036269430051 0.3382448186528497 0.04404145077720207 0.049546632124352334
0 0.7469775474956822 0.5903497409326425 0.023316062176165803 0.016515544041450777
0 0.7633851468048359 0.6340673575129534 0.020293609671848015 0.024287564766839378
0 0.7167530224525043 0.6088082901554405 0.01079447322970639 0.008419689119170985
0 0.788860103626943 0.4491580310880829 0.018566493955094993 0.019430051813471502
0 0.7666234887737479 0.3745142487046632 0.018566493955094993 0.021373056994818652
0 0.4684801381692573 0.5484132124352331 0.018566493955094993 0.014248704663212436
0 0.4995682210708117 0.5850064766839378 0.02072538860103627 0.013924870466321243
4 0.37715889464594127 0.6194948186528497 0.09196891191709844 0.10621761658031088
4 0.7335924006908463 0.6285621761658031 0.06563039723661486 0.03626943005181347
5 0.6856649395509499 0.53125 0.14248704663212436 0.06055699481865285
5 0.43005181347150256 0.524449481865285 0.15500863557858377 0.06055699481865285
0 0.3974525043177893 0.3074805699481865 0.026338514680483593 0.020077720207253884
0 0.549006908462867 0.3599417098445596 0.03065630397236615 0.015544041450777202