4 0.5667098445595855 0.6463730569948186 0.174006908462867 0.12240932642487047
4 0.5166234887737479 0.7351036269430051 0.06606217616580311 0.047603626943005184
0 0.479706390328152 0.5806347150259067 0.02936096718480138 0.01522020725388601
0 0.7204231433506045 0.5315738341968912 0.04404145077720207 0.025582901554404146
0 0.6966753022452504 0.5602331606217616 0.024179620034542316 0.02072538860103627
0 0.43458549222797926 0.6097797927461139 0.018566493955094993 0.013924870466321243
5 0.44926597582037997 0.5025906735751295 0.22841105354058722 0.08484455958549222
0 0.5911053540587219 0.37289507772020725 0.04058721934369603 0.025582901554404146
0 0.6606217616580311 0.34213082901554404 0.05613126079447323 0.054404145077720206
0 0.6828583765112263 0.4269753886010363 0.016407599309153715 0.02493523316062176
0 0.7145941278065631 0.4729598445595855 0.05224525043177893 0.059909326424870464
0 0.6869602763385146 0.3756476683937824 0.04706390328151986 0.03950777202072539
0 0.48747841105354056 0.25809585492227977 0.08678756476683938 0.057966321243523314
0 0.35038860103626945 0.28788860103626945 0.04058721934369603 0.01878238341968912
0 0.33657167530224524 0.24821891191709844 0.02936096718480138 0.012953367875647668
0 0.5878670120898101 0.23267487046632124 0.05699481865284974 0.015867875647668395
0 0.5723229706390328 0.25809585492227977 0.03238341968911917 0.013924870466321243
0 0.5431778929188256 0.2823834196891192 0.02936096718480138 0.020077720207253884