12 0.40847880299251876 0.21067331670822945 0.3900249376558604 0.21266832917705739 0.3740648379052369 0.21985037406483793 0.35860349127182045 0.23102244389027432 0.3491271820448878 0.2398004987531172 0.33865336658354117 0.24458852867830425 0.33316708229426434 0.2537655860349127 0.34264339152119705 0.245785536159601 0.3531172069825437 0.24099750623441396 0.3680798004987531 0.23062344139650873 0.38104738154613466 0.22144638403990025
12 0.601496259351621 0.31521197007481294 0.6024937655860348 0.324788029925187 0.5980049875311721 0.3395511221945138 0.5915211970074813 0.3531172069825437 0.5855361596009975 0.36229426433915213 0.5815461346633417 0.37067331670822945 0.5805486284289277 0.3591022443890275 0.5915211970074813 0.3455361596009975 0.5990024937655861 0.32837905236907733
12 0.6379052369077307 0.31960099750623444 0.6384039900249376 0.33635910224438903 0.6364089775561098 0.3535162094763093 0.6354114713216957 0.36428927680798007 0.6319201995012469 0.34473815461346635
12 0.5602015113350126 0.3191939546599496 0.5420654911838791 0.3175818639798489 0.5229219143576825 0.3163727959697733 0.4977329974811083 0.3131486146095718 0.4720403022670025 0.31073047858942066 0.5042821158690176 0.31838790931989924 0.5309823677581863 0.32080604534005036 0.5521410579345088 0.3224181360201511
12 0.5591939546599496 0.29702770780856425 0.5712846347607052 0.29702770780856425 0.5884130982367758 0.29944584382871536 0.6030226700251888 0.3075062972292191 0.6055415617128463 0.3167758186397985 0.5949622166246851 0.3087153652392947 0.5808564231738035 0.30347607052896725
12 0.7017632241813602 0.31717884130982366 0.6896725440806045 0.31476070528967254 0.6750629722921914 0.3131486146095718 0.6604534005037783 0.3131486146095718 0.6478589420654912 0.32201511335012595 0.6614609571788412 0.3187909319899244 0.6801007556675063 0.3159697732997481
12 0.7214105793450881 0.32322418136020153 0.7345088161209068 0.32604534005037783 0.7536523929471032 0.3272544080604534 0.760705289672544 0.3312846347607053 0.7647355163727959 0.3304785894206549 0.7667506297229219 0.3377329974811083 0.7738035264483627 0.3474055415617128 0.7768261964735516 0.36070528967254406 0.777329974811083 0.3736020151133501 0.7697732997481108 0.3530478589420655 0.7632241813602014 0.341360201511335 0.7521410579345088 0.3341057934508816 0.7425692695214106 0.3332997481108312
12 0.3732997481108312 0.3252392947103274 0.3874055415617128 0.313551637279597 0.4075566750629723 0.29944584382871536 0.42619647355163726 0.2893702770780856 0.44231738035264484 0.28856423173803525 0.45944584382871534 0.2905793450881612 0.4760705289672544 0.2917884130982367 0.49319899244332494 0.2917884130982367 0.5083123425692695 0.2917884130982367 0.5163727959697733 0.2913853904282116 0.4866498740554156 0.29904282115869013 0.45944584382871534 0.29622166246851384 0.4307304785894206 0.29460957178841307 0.42317380352644834 0.29501259445843825 0.39748110831234257 0.30952141057934507
12 0.36221662468513854 0.3022670025188917 0.3732997481108312 0.28816120906801007 0.38992443324937026 0.2780856423173803 0.4080604534005038 0.2692191435768262 0.4236775818639798 0.26720403022670025 0.4463476070528967 0.2716372795969773 0.4659949622166247 0.27365239294710325 0.4972292191435768 0.2728463476070529 0.5254408060453399 0.26760705289672543 0.5476070528967255 0.2639798488664987 0.5677581863979849 0.2643828715365239 0.5899244332493703 0.27244332493702766 0.6075566750629723 0.28090680100755666 0.6246851385390427 0.2833249370277078 0.6493702770780856 0.28453400503778337 0.6775818639798488 0.28574307304785895 0.7083123425692694 0.2917884130982367 0.7340050377833753 0.3002518891687657 0.745088161209068 0.30589420654911836 0.7652392947103274 0.31193954659949624 0.7743073047858942 0.31717884130982366 0.779345088161209 0.32604534005037783 0.7843828715365239 0.3365239294710327 0.7838790931989924 0.32161209068010077 0.7763224181360201 0.3087153652392947 0.7551637279596977 0.3010579345088161 0.7274559193954659 0.2917884130982367 0.6977329974811083 0.2825188916876574 0.6670025188916876 0.2796977329974811 0.6413098236775818 0.2801007556675063 0.6191435768261964 0.2780856423173803 0.5949622166246851 0.2692191435768262 0.5692695214105793 0.25954659949622166 0.548110831234257 0.2575314861460957 0.5279596977329974 0.2611586901763224 0.5103274559193954 0.2639798488664987 0.48614609571788414 0.26599496221662466 0.45994962216624685 0.2684130982367758 0.4337531486146095 0.26599496221662466 0.41612090680100755 0.26317380352644837 0.39546599496221657 0.2684130982367758 0.38236775818639795 0.27848866498740554 0.3687657430730478 0.28574307304785895
12 0.36826196473551637 0.2518891687657431 0.38639798488664984 0.2438287153652393 0.4080604534005038 0.2361712846347607 0.4347607052896725 0.2357682619647355 0.4544080604534005 0.2357682619647355 0.4745591939546599 0.23455919395465993 0.5027707808564231 0.23133501259445843 0.5284634760705289 0.23012594458438285 0.5576826196473552 0.23214105793450882 0.5869017632241813 0.2393954659949622 0.6100755667506297 0.2502770780856423 0.6372795969773299 0.2518891687657431 0.6715365239294709 0.25269521410579343 0.707808564231738 0.2579345088161209 0.7350125944584383 0.2663979848866499 0.76272040302267 0.2833249370277078 0.7768261964735516 0.2893702770780856 0.7894206549118387 0.313551637279597 0.7969773299748111 0.3312846347607053 0.7974811083123425 0.30790931989924436 0.7848866498740553 0.28453400503778337 0.7546599496221662 0.2684130982367758 0.7279596977329975 0.25672544080604537 0.6931989924433248 0.2478589420654912 0.6584382871536524 0.2466498740554156 0.6216624685138539 0.2466498740554156 0.6065491183879093 0.24261964735516373 0.579345088161209 0.23173803526448358 0.5390428211586901 0.22528967254408058 0.5073047858942066 0.22690176322418132 0.47657430730478584 0.23093198992443323 0.4488664987405541 0.2329471032745592 0.4236775818639798 0.23133501259445843 0.39899244332493705 0.2349622166246851
12 0.43619402985074623 0.2805970149253731 0.4205223880597015 0.28 0.40373134328358207 0.2829850746268657 0.38731343283582087 0.29283582089552235 0.3720149253731343 0.30597014925373134 0.3899253731343283 0.29283582089552235 0.4123134328358209 0.28328358208955223