0 0.4696120689655172 0.38325777202072536 0.021120689655172414 0.018458549222797927
0 0.38685344827586204 0.4213082901554404 0.029741379310344828 0.017487046632124352
0 0.43254310344827585 0.43555699481865284 0.026724137931034484 0.017487046632124352
0 0.41120689655172415 0.47036917098445596 0.028879310344827585 0.017487046632124352
0 0.5629310344827586 0.43474740932642486 0.05 0.04630829015544041
0 0.6161637931034483 0.46583549222797926 0.026293103448275863 0.013601036269430052
4 0.6032327586206897 0.43118523316062174 0.08275862068965517 0.0469559585492228
1 0.8267241379310345 0.4260038860103627 0.054310344827586204 0.07674870466321243
0 0.47564655172413794 0.6058937823834197 0.01896551724137931 0.02493523316062176
0 0.5491379310344827 0.5378886010362695 0.041379310344827586 0.04145077720207254
0 0.49375 0.49676165803108807 0.02327586206896552 0.013601036269430052
0 0.6064655172413793 0.6348769430051814 0.023706896551724137 0.026230569948186528
0 0.6553879310344828 0.6977007772020726 0.06939655172413793 0.03335492227979275
0 0.7810344827586206 0.6758419689119171 0.015086206896551725 0.012629533678756476
0 0.7198275862068966 0.6769753886010362 0.05646551724137931 0.02655440414507772
0 0.5586206896551724 0.573348445595855 0.06465517241379311 0.026230569948186528
0 0.3894396551724138 0.3476360103626943 0.030603448275862068 0.022344559585492228
0 0.3760775862068966 0.509229274611399 0.026724137931034484 0.021373056994818652
0 0.4267241379310345 0.596178756476684 0.028448275862068967 0.027202072538860103
0 0.4271551724137931 0.5278497409326425 0.039224137931034485 0.05375647668393782
0 0.8355603448275862 0.22490284974093264 0.023706896551724137 0.018458549222797927
5 0.625 0.3707901554404145 0.14224137931034483 0.059909326424870464