5 0.44849137931034483 0.5051813471502591 0.33836206896551724 0.125
5 0.8510775862068966 0.5424222797927462 0.17629310344827587 0.12435233160621761
0 0.6446120689655173 0.18879533678756477 0.04396551724137931 0.02882124352331606
0 0.7252155172413793 0.3955634715025907 0.04741379310344827 0.03562176165803109
0 0.5066810344827586 0.20741580310880828 0.09224137931034483 0.03205958549222798
0 0.4023706896551724 0.1253238341968912 0.034913793103448276 0.025259067357512953
0 0.38146551724137934 0.2032059585492228 0.04956896551724138 0.023639896373056996
0 0.5946120689655172 0.26376295336787564 0.1375 0.033031088082901554
0 0.3413793103448276 0.6677461139896373 0.05517241379310345 0.033031088082901554
0 0.2816810344827586 0.7198834196891192 0.034913793103448276 0.027202072538860103
0 0.19892241379310344 0.6740608808290155 0.04525862068965517 0.04242227979274611
0 0.265301724137931 0.7713730569948186 0.029310344827586206 0.04145077720207254
0 0.6068965517241379 0.7294365284974094 0.054310344827586204 0.04404145077720207
12 0.8424568965517242 0.7378562176165803 0.060775862068965514 0.10492227979274611
0 0.6946120689655172 0.5803108808290155 0.08103448275862069 0.02072538860103627
0 0.8232758620689655 0.2979274611398964 0.0353448275862069 0.022344559585492228
0 0.7224137931034482 0.08549222797927461 0.03836206896551724 0.021696891191709845