5 0.4709051724137931 0.5137629533678757 0.3 0.1207901554404145
5 0.11357758620689655 0.5458225388601037 0.1331896551724138 0.10880829015544041
12 0.4732758620689655 0.7278173575129534 0.12284482758620689 0.12888601036269431
0 0.2 0.25178108808290156 0.08362068965517241 0.06088082901554404
0 0.19719827586206898 0.3086139896373057 0.039655172413793106 0.03562176165803109
0 0.1165948275862069 0.32172927461139894 0.04525862068965517 0.0430699481865285
0 0.08491379310344828 0.1560880829015544 0.03836206896551724 0.01683937823834197
0 0.125 0.16887953367875647 0.04827586206896552 0.022020725388601035
0 0.2349137931034483 0.15236398963730569 0.04051724137931034 0.017810880829015545
0 0.7213362068965518 0.4948186528497409 0.030603448275862068 0.05764248704663212
0 0.774353448275862 0.38439119170984454 0.01896551724137931 0.02461139896373057
0 0.6058189655172413 0.6112370466321243 0.06982758620689655 0.12273316062176166
0 0.7133620689655172 0.6117227979274611 0.034913793103448276 0.045660621761658034
0 0.6407327586206897 0.7752590673575129 0.03362068965517241 0.04242227979274611
0 0.6260775862068966 0.7091968911917098 0.03362068965517241 0.038860103626943004
0 0.7540948275862069 0.7006152849740933 0.039655172413793106 0.03724093264248705
0 0.5004310344827586 0.6392487046632125 0.032758620689655175 0.02461139896373057
0 0.05862068965517241 0.6079987046632125 0.032758620689655175 0.016191709844559584
0 0.19482758620689655 0.5926165803108808 0.06896551724137931 0.029792746113989636
0 0.1954741379310345 0.3962111398963731 0.03362068965517241 0.02461139896373057
0 0.3392241379310345 0.2602007772020725 0.06422413793103449 0.027202072538860103
0 0.44633620689655173 0.23186528497409326 0.03706896551724138 0.02461139896373057
0 0.3545258620689655 0.21745466321243523 0.04956896551724138 0.027849740932642485
0 0.047844827586206895 0.3175194300518135 0.022413793103448276 0.016191709844559584
0 0.03771551724137931 0.34957901554404147 0.015948275862068966 0.017810880829015545
0 0.5646551724137931 0.896211139896373 0.05301724137931035 0.03562176165803109
0 0.2185344827586207 0.19899611398963732 0.039655172413793106 0.03562176165803109