5 0.6309294871794872 0.5393028846153847 0.1580128205128205 0.05096153846153846
5 0.37756410256410255 0.5364182692307692 0.1330128205128205 0.04639423076923077
12 0.5886217948717949 0.3578125 0.1266025641025641 0.019951923076923075
0 0.6057692307692307 0.3490384615384615 0.02980769230769231 0.01875
0 0.6133012820512821 0.3683894230769231 0.041346153846153845 0.019951923076923075
0 0.4256410256410256 0.41466346153846156 0.038461538461538464 0.021153846153846155
0 0.4780448717948718 0.3655048076923077 0.038461538461538464 0.02235576923076923
0 0.35096153846153844 0.38485576923076925 0.0391025641025641 0.04567307692307692
0 0.33974358974358976 0.6402644230769231 0.027243589743589744 0.02235576923076923
0 0.35496794871794873 0.6127403846153846 0.028205128205128206 0.017548076923076923
0 0.3107371794871795 0.6792067307692308 0.02564102564102564 0.025240384615384616
0 0.32596153846153847 0.5836538461538462 0.023397435897435898 0.02980769230769231
4 0.3373397435897436 0.6197115384615385 0.07115384615384615 0.07620192307692308
0 0.6168269230769231 0.6677884615384615 0.020192307692307693 0.017548076923076923
0 0.5362179487179487 0.7631009615384615 0.021794871794871794 0.011057692307692308
0 0.41041666666666665 0.8128605769230769 0.01730769230769231 0.03581730769230769
0 0.5413461538461538 0.8525240384615385 0.03974358974358974 0.014182692307692308
0 0.8407051282051282 0.5836538461538462 0.02435897435897436 0.02980769230769231
0 0.7961538461538461 0.5883413461538461 0.014743589743589743 0.014663461538461538
0 0.7887820512820513 0.6127403846153846 0.0342948717948718 0.02235576923076923
0 0.753525641025641 0.6179086538461539 0.05641025641025641 0.021153846153846155
0 0.7426282051282052 0.6469951923076923 0.035897435897435895 0.03581730769230769
0 0.7578525641025641 0.6903846153846154 0.04935897435897436 0.028846153846153848
0 0.725 0.6795673076923077 0.01955128205128205 0.019951923076923075
0 0.7040064102564103 0.6091346153846153 0.04455128205128205 0.02451923076923077
0 0.6649038461538461 0.6135817307692307 0.022756410256410255 0.013461538461538462
0 0.6738782051282052 0.6631009615384615 0.028205128205128206 0.017548076923076923
4 0.7137820512820513 0.635576923076923 0.1375 0.03990384615384615
12 0.5641025641025641 0.612139423076923 0.03365384615384615 0.03990384615384615