12 0.6919871794871795 0.41754807692307694 0.14775641025641026 0.022115384615384617
0 0.46153846153846156 0.4189903846153846 0.030448717948717948 0.025
0 0.642147435897436 0.49759615384615385 0.03878205128205128 0.02139423076923077
0 0.6342948717948718 0.4210336538461538 0.026923076923076925 0.018028846153846152
0 0.375 0.6771634615384615 0.041346153846153845 0.030048076923076924
0 0.3386217948717949 0.643389423076923 0.022435897435897436 0.011538461538461539
0 0.3716346153846154 0.6295673076923077 0.01730769230769231 0.00985576923076923
0 0.30128205128205127 0.6676682692307693 0.04487179487179487 0.02283653846153846
0 0.4751602564102564 0.7106971153846153 0.03397435897435897 0.016346153846153847
0 0.47291666666666665 0.6743990384615385 0.058653846153846154 0.013701923076923077
0 0.44503205128205126 0.7462740384615385 0.029166666666666667 0.018990384615384614
0 0.3905448717948718 0.7555288461538462 0.026282051282051282 0.018028846153846152
0 0.3266025641025641 0.7046875 0.060897435897435896 0.026201923076923078
0 0.7610576923076923 0.7090144230769231 0.02403846153846154 0.014182692307692308
4 0.79375 0.6788461538461539 0.0733974358974359 0.08100961538461539
4 0.3753205128205128 0.6997596153846154 0.17275641025641025 0.13942307692307693
0 0.5208333333333334 0.8854567307692308 0.02403846153846154 0.02283653846153846
0 0.6892628205128205 0.9110576923076923 0.026923076923076925 0.032692307692307694
0 0.5669871794871795 0.9022836538461538 0.021794871794871794 0.01971153846153846
0 0.3328525641025641 0.5667067307692307 0.03108974358974359 0.0125
0 0.46923076923076923 0.44879807692307694 0.041346153846153845 0.014182692307692308
0 0.5828525641025641 0.4283653846153846 0.03205128205128205 0.018028846153846152
0 0.5107371794871794 0.4098557692307692 0.038461538461538464 0.015865384615384615
0 0.6129807692307693 0.4871394230769231 0.022435897435897436 0.016826923076923076
0 0.4634615384615385 0.3872596153846154 0.015384615384615385 0.01514423076923077