12 0.5259067357512953 0.44721502590673573 0.11830742659758203 0.007772020725388601
12 0.39788428324697755 0.7231217616580311 0.07642487046632124 0.0663860103626943
0 0.3439119170984456 0.6452396373056994 0.03756476683937824 0.01878238341968912
0 0.38341968911917096 0.7172927461139896 0.028929188255613126 0.03821243523316062
0 0.34283246977547494 0.7454663212435233 0.01770293609671848 0.016191709844559584
0 0.32512953367875647 0.6954339378238342 0.02936096718480138 0.04436528497409326
0 0.34974093264248707 0.6721178756476683 0.02461139896373057 0.019753886010362695
0 0.5703799654576857 0.7189119170984456 0.02936096718480138 0.013924870466321243
0 0.32556131260794474 0.7546955958549223 0.010362694300518135 0.01522020725388601
0 0.47322970639032813 0.8341968911917098 0.06088082901554404 0.025259067357512953
0 0.4164507772020725 0.8235103626943006 0.045768566493955096 0.0430699481865285
0 0.4440846286701209 0.8579987046632125 0.037996545768566495 0.020401554404145077
0 0.38147668393782386 0.8400259067357513 0.01770293609671848 0.03044041450777202
0 0.4108376511226252 0.8688471502590673 0.033246977547495685 0.03173575129533679
0 0.5898100172711571 0.8950777202072538 0.04145077720207254 0.021696891191709845
0 0.5056131260794473 0.8928108808290155 0.025906735751295335 0.016191709844559584
0 0.44559585492227977 0.8868199481865285 0.03626943005181347 0.025259067357512953
0 0.6407599309153713 0.8261010362694301 0.0807426597582038 0.061852331606217614
0 0.5567789291882557 0.8270725388601037 0.022020725388601035 0.014896373056994818
0 0.7048791018998273 0.6329339378238342 0.05008635578583765 0.019430051813471502
0 0.7264680483592401 0.6717940414507773 0.025043177892918825 0.02687823834196891
1 0.5399395509499136 0.6240284974093264 0.03367875647668394 0.04112694300518135
1 0.40025906735751293 0.663050518134715 0.07901554404145078 0.05181347150259067
1 0.6651554404145078 0.6738989637305699 0.06260794473229707 0.04404145077720207
0 0.7165371329879102 0.647830310880829 0.0535405872193437 0.013924870466321243
0 0.5300086355785838 0.485589378238342 0.018998272884283247 0.012953367875647668
0 0.5587219343696027 0.4650259067357513 0.02072538860103627 0.023639896373056996
0 0.5589378238341969 0.4881800518134715 0.026338514680483593 0.01878238341968912
0 0.5002158894645942 0.5129533678756477 0.02461139896373057 0.019430051813471502
0 0.47107081174438686 0.47522668393782386 0.03065630397236615 0.02461139896373057
0 0.7793609671848014 0.6394106217616581 0.026338514680483593 0.031411917098445596
0 0.7659758203799655 0.6768134715025906 0.025043177892918825 0.031411917098445596
0 0.6930051813471503 0.7156735751295337 0.04792746113989637 0.016515544041450777
0 0.7096286701208981 0.6875 0.037996545768566495 0.02493523316062176
0 0.7335924006908463 0.7380181347150259 0.03454231433506045 0.03821243523316062
0 0.751727115716753 0.7844883419689119 0.02158894645941278 0.019430051813471502
0 0.721286701208981 0.7768782383419689 0.037996545768566495 0.028173575129533678
0 0.6947322970639033 0.8476360103626943 0.017271157167530225 0.01716321243523316
0 0.6651554404145078 0.8678756476683938 0.022020725388601035 0.02266839378238342
0 0.4803540587219344 0.8709520725388601 0.019861830742659757 0.013924870466321243
0 0.5082037996545768 0.864961139896373 0.018566493955094993 0.015867875647668395
0 0.5820379965457686 0.8427784974093264 0.037996545768566495 0.02493523316062176
0 0.6763816925734024 0.750809585492228 0.02461139896373057 0.022020725388601035
0 0.5891623488773747 0.6214378238341969 0.026338514680483593 0.03044041450777202
0 0.30980138169257343 0.6296955958549223 0.03065630397236615 0.040803108808290155
0 0.31390328151986185 0.6607836787564767 0.05483592400690846 0.013924870466321243
0 0.43480138169257343 0.47781735751295334 0.022020725388601035 0.015867875647668395
1 0.5377806563039723 0.5314119170984456 0.04792746113989637 0.03788860103626943