4 0.6174438687392055 0.5955310880829016 0.042746113989637305 0.03756476683937824
4 0.4421416234887737 0.7278173575129534 0.08894645941278066 0.05829015544041451
4 0.7284110535405872 0.739151554404145 0.05569948186528497 0.03594559585492228
4 0.6439982728842832 0.6839378238341969 0.04404145077720207 0.04889896373056995
0 0.39162348877374786 0.7124352331606217 0.03929188255613126 0.03950777202072539
0 0.7435233160621761 0.7054727979274611 0.035837651122625214 0.02072538860103627
0 0.6606217616580311 0.780440414507772 0.03670120898100173 0.020401554404145077
0 0.7355354058721935 0.7772020725388601 0.05224525043177893 0.021696891191709845
0 0.4160189982728843 0.7385038860103627 0.027202072538860103 0.017810880829015545
0 0.41796200345423146 0.7130829015544041 0.015112262521588947 0.017810880829015545
0 0.3279360967184801 0.6771373056994818 0.015112262521588947 0.02299222797927461
0 0.34693436960276336 0.7012629533678757 0.048791018998272886 0.02849740932642487
0 0.30958549222797926 0.7124352331606217 0.02849740932642487 0.03465025906735751
0 0.3536269430051813 0.725550518134715 0.03670120898100173 0.022344559585492228
0 0.37154576856649396 0.7603626943005182 0.04015544041450777 0.052461139896373056
0 0.4060880829015544 0.813309585492228 0.023747841105354058 0.023963730569948185
0 0.44581174438687393 0.7799546632124352 0.05958549222797927 0.03238341968911917
0 0.42573402417962003 0.7566386010362695 0.07124352331606218 0.031411917098445596
0 0.34585492227979275 0.8222150259067358 0.03195164075993091 0.025259067357512953
0 0.3488773747841105 0.5722150259067358 0.022884283246977548 0.022344559585492228
0 0.32577720207253885 0.5798251295336787 0.015112262521588947 0.012305699481865285
0 0.3136873920552677 0.6058937823834197 0.01770293609671848 0.014896373056994818
0 0.5090673575129534 0.5103626943005182 0.018134715025906734 0.01683937823834197
0 0.616580310880829 0.5527849740932642 0.018998272884283247 0.012305699481865285
0 0.5870034542314335 0.5804727979274611 0.025043177892918825 0.01683937823834197
0 0.6388169257340242 0.5263924870466321 0.03367875647668394 0.03853626943005181
0 0.5036701208981001 0.8920012953367875 0.10492227979274611 0.043717616580310883
0 0.49632987910189985 0.9417098445595855 0.09974093264248704 0.05375647668393782
0 0.6623488773747841 0.9504533678756477 0.035837651122625214 0.029468911917098446
0 0.5893782383419689 0.9433290155440415 0.054404145077720206 0.044689119170984455
0 0.6474525043177893 0.8944300518134715 0.15803108808290156 0.047603626943005184
0 0.39399827288428324 0.8443976683937824 0.033246977547495685 0.03011658031088083
0 0.44581174438687393 0.8129857512953368 0.04317789291882556 0.02299222797927461
0 0.35643350604490504 0.8728950777202072 0.04620034542314335 0.03594559585492228
0 0.3078583765112263 0.8095854922279793 0.03195164075993091 0.046632124352331605
0 0.41429188255613125 0.9005829015544041 0.05224525043177893 0.018134715025906734
0 0.28518998272884283 0.6416774611398963 0.02158894645941278 0.017810880829015545
0 0.5358376511226253 0.7763924870466321 0.022884283246977548 0.011658031088082901
0 0.4484024179620035 0.7098445595854922 0.018998272884283247 0.013601036269430052
12 0.5984455958549223 0.5166774611398963 0.13601036269430053 0.022344559585492228