0 0.6338912133891214 0.5 0.036610878661087864 0.026935146443514645
0 0.7017085076708508 0.5028765690376569 0.07566248256624826 0.07479079497907949
0 0.8110181311018131 0.5028765690376569 0.036610878661087864 0.03713389121338912
0 0.74721059972106 0.3440115062761506 0.023361227336122732 0.02405857740585774
0 0.3368200836820084 0.29105648535564854 0.04637377963737797 0.03922594142259414
0 0.560320781032078 0.17573221757322174 0.03486750348675035 0.020397489539748955
0 0.4801255230125523 0.1353294979079498 0.10251046025104603 0.02536610878661088
0 0.4327057182705718 0.19743723849372385 0.07147838214783822 0.03478033472803347
0 0.6949093444909344 0.1618723849372385 0.019525801952580194 0.023274058577405856
0 0.7702231520223152 0.25039225941422594 0.01882845188284519 0.01307531380753138
0 0.8042189679218968 0.27052824267782427 0.017433751743375175 0.016213389121338913
0 0.8373430962343096 0.2727510460251046 0.012203626220362623 0.009675732217573221
0 0.872907949790795 0.2785041841004184 0.019525801952580194 0.015690376569037656
0 0.5465481171548117 0.5311192468619247 0.03347280334728033 0.032165271966527194
0 0.4408995815899582 0.4924163179916318 0.03695955369595537 0.021182008368200837
0 0.49006276150627615 0.5 0.017433751743375175 0.015690376569037656
0 0.5488145048814504 0.495423640167364 0.017433751743375175 0.016213389121338913
0 0.3579149232914923 0.5341265690376569 0.01290097629009763 0.01202928870292887
0 0.48570432357043236 0.6746861924686193 0.021617852161785217 0.022751046025104603
0 0.5789748953974896 0.7617677824267782 0.028242677824267783 0.02510460251046025
0 0.5179567642956764 0.7599372384937239 0.025453277545327755 0.022228033472803346
0 0.6098326359832636 0.7936715481171548 0.05230125523012552 0.0625
0 0.6616108786610879 0.7416317991631799 0.029637377963737797 0.016213389121338913
0 0.5575313807531381 0.792102510460251 0.03277545327754533 0.024581589958158997
0 0.4618200836820084 0.5785826359832636 0.019525801952580194 0.016997907949790794
0 0.5219665271966527 0.5805439330543933 0.01394700139470014 0.01856694560669456
0 0.39539748953974896 0.5954497907949791 0.011506276150627616 0.011506276150627616
0 0.40655509065550904 0.6308838912133892 0.02092050209205021 0.016997907949790794