12 0.539037037037037 0.2799535828256455 0.5642222222222222 0.2736679237984721 0.5923703703703703 0.2727008993327531 0.6145925925925925 0.27560197272991005 0.6212592592592593 0.2770525094284885 0.6457037037037037 0.27656899719562905 0.6679259259259258 0.2823711439899429 0.6849629629629629 0.2872062663185378 0.7042222222222222 0.2997775843728846 0.7116296296296296 0.3128324146600909 0.6894074074074074 0.2973600232085872 0.664962962962963 0.2876897785513973 0.6382962962962961 0.2818876317570835 0.6094074074074074 0.2818876317570835 0.5864444444444443 0.277536021661348
12 0.6975555555555556 0.2886568030171163 0.6879259259259258 0.2789865583599265 0.6575555555555556 0.2654482158398607 0.6234814814814814 0.2572285078812494 0.5879259259259259 0.250942848854076 0.5642222222222222 0.2514263610869355 0.5301481481481481 0.2548109467169519 0.5116296296296295 0.2606130935112658 0.49014814814814817 0.2620636302098443 0.47607407407407404 0.25819553234696835 0.45162962962962955 0.249975824388357 0.4153333333333333 0.24659123875834058 0.37755555555555553 0.24707475099120005 0.34199999999999997 0.24852528768977852 0.31459259259259253 0.26109660574412535 0.29681481481481475 0.2780195338942075 0.339037037037037 0.25432743448409245 0.38274074074074077 0.2504593366212165 0.4316296296296296 0.252876897785514 0.462 0.2567449956483899 0.47903703703703693 0.26641524030557967 0.5034814814814814 0.2668987525384392 0.5197777777777777 0.26496470360700125 0.5405185185185185 0.2577120201141089 0.5775555555555555 0.2562614834155304 0.6086666666666666 0.25819553234696835 0.6434814814814814 0.26641524030557967
12 0.46422222222222215 0.23208587177255582 0.4871851851851851 0.2398220674983077 0.5086666666666666 0.23740450633401025 0.524962962962963 0.23015182284111785 0.556074074074074 0.22483318827966345 0.5908888888888888 0.22434967604680398 0.6190370370370369 0.22676723721110142 0.6264444444444444 0.22918479837539887 0.6457037037037037 0.22918479837539887 0.6612592592592592 0.23111884730683688 0.6271851851851851 0.23595396963543178 0.607185185185185 0.2325693840054153 0.5745925925925925 0.23063533507397735 0.5442222222222222 0.23208587177255582 0.5205185185185185 0.2393385552654482 0.49533333333333324 0.24562421429262157
12 0.4797777777777777 0.24175611642974565 0.4627407407407407 0.23643748186829122 0.42051851851851846 0.23015182284111785 0.4034814814814814 0.23160235953969632 0.376074074074074 0.23401992070399377 0.3464444444444444 0.23643748186829122 0.31755555555555554 0.24369016536118362 0.29237037037037034 0.2538439222512329 0.2768148148148148 0.2770525094284885 0.2945925925925926 0.2577120201141089 0.32496296296296295 0.24610772652548107 0.359037037037037 0.23740450633401025 0.3968148148148148 0.2349869451697128 0.4257037037037037 0.2330528962382748
12 0.34348148148148144 0.22096509041678752 0.3227407407407407 0.22338265158108497 0.3057037037037037 0.23401992070399377 0.29681481481481475 0.23643748186829122 0.2805185185185185 0.2514263610869355 0.27088888888888885 0.2620636302098443 0.27385185185185185 0.2727008993327531 0.276074074074074 0.2625471424427038 0.2849629629629629 0.251909873319795 0.29237037037037034 0.24320665312832412 0.3012592592592592 0.23692099410115075 0.31162962962962965 0.23643748186829122 0.31977777777777777 0.2277342616768204
12 0.34348148148148144 0.2006575766366889 0.3138518518518518 0.21032782129387875 0.29385185185185186 0.22483318827966345 0.27459259259259255 0.2398220674983077 0.2657037037037037 0.25432743448409245 0.26496296296296296 0.2727008993327531 0.2694074074074074 0.2562614834155304 0.27755555555555556 0.24127260419688618 0.28718518518518515 0.2330528962382748 0.30051851851851846 0.22483318827966345 0.31681481481481477 0.2112948457595977
12 0.32792592592592584 0.193888405376656 0.3094074074074074 0.20404216226670532 0.2916296296296296 0.21661348032105213 0.2701481481481481 0.2282177739096799 0.2605185185185185 0.24175611642974565 0.2568148148148148 0.2601295812784063 0.2679259259259259 0.2393385552654482 0.27903703703703703 0.22628372497824192 0.2982962962962962 0.2156464558553331 0.31681481481481477 0.20307513780098635
12 0.34203058103975537 0.2123905110946096 0.36527217125382266 0.21159205052658475 0.3830091743119266 0.21159205052658475 0.40625076452599385 0.20799897797047295 0.43255045871559633 0.20799897797047295 0.45640366972477064 0.21199128081059715 0.47414067278287464 0.21478589279868412 0.48698470948012235 0.21478589279868412 0.46741284403669725 0.21678204421874625 0.44722935779816514 0.21358820194664688 0.42704587155963303 0.21199128081059715 0.4068623853211009 0.21199128081059715 0.38606727828746173 0.2159835836507214 0.3646605504587156 0.21558435336670898
12 0.25544554455445545 0.23339894601172162 0.2656294200848656 0.22287383531340824 0.27609618104667605 0.21548779271810062 0.287977369165488 0.20551663521443528 0.30381895332390385 0.19831524368401032 0.32333804809052336 0.18908269043987577 0.3394625176803394 0.18594362233687003 0.35445544554455444 0.18391246062316038 0.3736916548797737 0.18502036701245653 0.35134370579915136 0.18594362233687003 0.33069306930693065 0.19037524789405458 0.31202263083451204 0.19739198835959684 0.2905233380480905 0.20791709905791025 0.2743988684582744 0.2197347672104025
12 0.46138613861386135 0.2736528781561483 0.44526166902404524 0.26885195046919835 0.42376237623762375 0.2658975334310753 0.39915134370579913 0.2631277674578349 0.3736916548797737 0.26238916319830413 0.35021216407355016 0.2629431163929522 0.3202263083451202 0.26682078875548876 0.30353606789250354 0.276237993064506 0.32588401697312586 0.2671900908852541 0.3493635077793493 0.26478962704177916 0.3702970297029703 0.263681720652483 0.3932107496463932 0.2644203249120138 0.4226308345120226 0.2675593930150195 0.4421499292786421 0.2701445079233772
12 0.4307692307692308 0.4356935492705728 0.41993006993007 0.44390987602475857 0.40594405594405597 0.4582884478445836 0.39755244755244756 0.474036407456773 0.3891608391608392 0.4906972922638719 0.3793706293706294 0.5084993335646077 0.36818181818181817 0.5242472931767972 0.36013986013986016 0.536115320710621 0.3531468531468532 0.551635049024083 0.34720279720279723 0.5673830086362723 0.3513986013986014 0.5908908324051928 0.35279720279720284 0.5769687231828224 0.3513986013986014 0.56236192006427 0.35734265734265735 0.5482115795431723 0.36468531468531473 0.5336047764246198 0.3751748251748252 0.5180850481111579 0.384965034965035 0.5027935510964232 0.39895104895104894 0.4760904891453195 0.4062937062937063 0.4621683799229491 0.4167832167832168 0.44984388979167045
12 0.38881118881118887 0.5605360696744509 0.3814685314685315 0.5662418521426354 0.37377622377622377 0.5753711040917308 0.36398601398601405 0.5829027369497344 0.3534965034965035 0.5899779072102832 0.36153846153846153 0.5870109003268272 0.370979020979021 0.5806204239624606 0.3797202797202797 0.5710347094159105
12 0.5930069930069931 0.45532144096112764 0.5993006993006993 0.46308130511785867 0.6034965034965036 0.47312348226186346 0.6146853146853146 0.48864321057532545 0.6115384615384616 0.4824809655096861 0.6062937062937064 0.4726670196644087 0.6038461538461539 0.4649071555076777
12 0.6314685314685315 0.5196826672022494 0.6346153846153847 0.526529606164071 0.6405594405594406 0.5329200825284377 0.6503496503496503 0.5399952527889864 0.6555944055944056 0.5425057970749877 0.6433566433566434 0.5381694023991674 0.6325174825174825 0.5288119191513447
12 0.5265734265734265 0.28551735470795525 0.5262237762237763 0.29236429366977673 0.5293706293706294 0.29989592652778035 0.5332167832167832 0.3071993280870566 0.541958041958042 0.312220416659059 0.534965034965035 0.3108510288666947 0.5297202797202798 0.3056017089959649 0.5262237762237763 0.2982983074366886 0.5248251748251749 0.29213606237104933