5 0.4088541666666667 0.431640625 0.11921296296296297 0.029513888888888888
5 0.5998263888888888 0.4338107638888889 0.10532407407407407 0.025607638888888888
12 0.4123263888888889 0.5232204861111112 0.036458333333333336 0.04210069444444445
12 0.3995949074074074 0.4650607638888889 0.06886574074074074 0.025607638888888888
12 0.6229745370370371 0.4713541666666667 0.06597222222222222 0.021267361111111112
0 0.4777199074074074 0.328125 0.017361111111111112 0.012586805555555556
0 0.44560185185185186 0.3125 0.02199074074074074 0.009982638888888888
12 0.5370370370370371 0.3040364583333333 0.16435185185185186 0.0234375
0 0.42216435185185186 0.3157552083333333 0.015625 0.009982638888888888
0 0.5787037037037037 0.3248697916666667 0.019097222222222224 0.016059027777777776
0 0.6090856481481481 0.3224826388888889 0.017361111111111112 0.011284722222222222
0 0.43894675925925924 0.2918836805555556 0.01678240740740741 0.010850694444444444
4 0.6148726851851852 0.4943576388888889 0.048032407407407406 0.0390625