12 0.5966435185185185 0.4446614583333333 0.1076388888888889 0.031684027777777776
12 0.3819444444444444 0.44921875 0.06076388888888889 0.025607638888888888
12 0.5726273148148148 0.5167100694444444 0.04398148148148148 0.04296875
12 0.5300925925925926 0.2788628472222222 0.23032407407407407 0.018663194444444444
0 0.4262152777777778 0.3079427083333333 0.02025462962962963 0.013454861111111112
0 0.6192129629629629 0.240234375 0.019097222222222224 0.009114583333333334
0 0.4074074074074074 0.2721354166666667 0.01273148148148148 0.009982638888888888
0 0.40248842592592593 0.2936197916666667 0.019675925925925927 0.013454861111111112
0 0.4988425925925926 0.3049045138888889 0.011574074074074073 0.009982638888888888
0 0.5798611111111112 0.2552083333333333 0.012152777777777778 0.01171875
5 0.40046296296296297 0.4138454861111111 0.08391203703703703 0.030815972222222224
5 0.5879629629629629 0.4092881944444444 0.12905092592592593 0.028211805555555556