0 0.5570833333333334 0.5825 0.02666666666666667 0.015625
0 0.34125 0.585625 0.014166666666666666 0.015
0 0.3904166666666667 0.6896875 0.019166666666666665 0.0075
0 0.31875 0.620625 0.016666666666666666 0.009375
0 0.3308333333333333 0.6053125 0.01 0.006875
0 0.33875 0.548125 0.013333333333333334 0.009375
0 0.26875 0.3884375 0.018333333333333333 0.009375
0 0.23666666666666666 0.411875 0.03833333333333333 0.026875
0 0.20208333333333334 0.5171875 0.015 0.01125
0 0.16541666666666666 0.61 0.013333333333333334 0.01
0 0.27208333333333334 0.5996875 0.021666666666666667 0.013125
0 0.49541666666666667 0.610625 0.015833333333333335 0.011875
0 0.39958333333333335 0.63625 0.025 0.01625
0 0.5045833333333334 0.4078125 0.03 0.0125