12 0.10785844392401771 0.24082700713135494 0.11002688871541329 0.25089141936968024 0.1273744470465782 0.2458592132505176 0.15664845173041897 0.24442144007361397 0.17941712204007285 0.2429836668967104 0.2086911267239136 0.2472969864274212 0.23904935380345216 0.24945364619277666 0.2802498048399688 0.25664251207729466 0.318197588689392 0.2602369450195537 0.3442189261861393 0.25089141936968024 0.362650706913002 0.2458592132505176 0.39843004597102955 0.2458592132505176 0.4266198282591726 0.2458592132505176 0.4537253881516176 0.24657809983896942 0.4537253881516176 0.24154589371980678 0.4277040506548703 0.24154589371980678 0.40601960274091414 0.23867034736599954 0.37999826524416686 0.23938923395445133 0.3474715933732327 0.24226478030825857 0.32470292306357884 0.24945364619277666 0.30301847514962266 0.25161030595813205 0.2726602480700841 0.25089141936968024 0.24338624338624343 0.2458592132505176 0.21411223870240265 0.24226478030825857 0.17508023245728166 0.23723257418909593 0.15664845173041897 0.2357948010121923 0.13279555902506723 0.2365136876006441
12 0.45806227773440894 0.2724580170232344 0.45697805533871105 0.2911490683229814 0.4558938329430132 0.31415343915343913 0.4504727209645242 0.33715780998389694 0.4450516089860353 0.3565677478720957 0.446135831381733 0.3831665516448125 0.45155694336022206 0.4047331492983667 0.46131494492150227 0.40113871635610765 0.46131494492150227 0.3838854382332643 0.4623991673172001 0.36231884057971014 0.463483389712898 0.34290890269151136 0.46782027929568915 0.32349896480331264 0.46782027929568915 0.3055268000920175 0.46565183450429354 0.28827352196917416
12 0.4927573943967386 0.2861168622038187 0.5035996183537167 0.3033701403266621 0.5111891751236013 0.3199045318610536 0.5176945094977882 0.344346675868415 0.5274525110590684 0.36231884057971014 0.5426316245988376 0.3910743041177824 0.5404631798074421 0.3723832528180354 0.5372105126203486 0.34865999539912584 0.5274525110590684 0.31846675868415 0.5133576199149971 0.2969001610305958 0.49601006158383204 0.2717391304347826
12 0.5708214068869807 0.2429836668967104 0.5881689652181455 0.2552047389003911 0.6000954115708214 0.277490223142397 0.6087691907364038 0.30193236714975846 0.6055165235493104 0.32925005751092706 0.596842744383728 0.31487232574189095 0.5935900771966346 0.29043018173452956 0.584916298031052 0.2688635840809754
12 0.2086911267239136 0.3055268000920175 0.19459623557984215 0.32349896480331264 0.17724867724867724 0.34578444904531863 0.19676468037123773 0.33787669657234876 0.21411223870240265 0.3227800782148608 0.2195333506808917 0.30049459397285483
12 0.23904935380345216 0.19338049229353577 0.2802498048399688 0.19409937888198758 0.32145025587648535 0.18691051299746952 0.3843351548269582 0.1876293995859213 0.4320409402376615 0.18691051299746952 0.4320409402376615 0.1955371520588912 0.39626160117963394 0.19913158500115022 0.36048226212160644 0.19985047158960204 0.312776476710903 0.20056935817805382 0.2629022465088039 0.20488267770876464
12 0.1295428918379738 0.1387451115711985 0.1295428918379738 0.1488095238095238 0.16965912047879264 0.14377731769036117 0.20543845953682016 0.14090177133655393 0.25314424494752363 0.14665286404416839 0.3008500303582271 0.14449620427881296 0.34964003816462835 0.14521509086726478 0.35831381733021084 0.13155624568668048 0.32036603348078757 0.1337129054520359 0.2726602480700841 0.13227513227513227 0.22603868505507851 0.13155624568668048 0.18592245641425967 0.1250862663906142
12 0.172911787665886 0.2472969864274212 0.18050134443577062 0.2580802852541983 0.19351201318414435 0.277490223142397 0.2086911267239136 0.29618127444214404 0.22061757307658947 0.2947435012652404 0.21302801630670484 0.27964688290775247 0.20543845953682016 0.26526915113871635 0.19459623557984215 0.2523291925465838 0.1815855668314685 0.24154589371980678
12 0.45806227773440894 0.1387451115711985 0.49817850637522765 0.1337129054520359 0.5274525110590684 0.1243673798021624 0.5621476277213983 0.12005406027145157 0.6066007459450082 0.11358408097538532 0.6543065313557117 0.10927076144467449 0.6965912047879261 0.10567632850241546 0.6955069823922283 0.11214630779848171 0.6564749761471073 0.11933517368299977 0.6152745251105908 0.1243673798021624 0.5838320756353543 0.13083735909822866 0.5426316245988376 0.1351506786289395 0.5122733975192991 0.14162065792500575 0.45806227773440894 0.1459339774557166
12 0.4819151704397605 0.18547273982056592 0.4829993928354584 0.1976938118242466 0.5187787318934859 0.1976938118242466 0.5567265157429092 0.19050494593972853 0.5892531876138434 0.18115942028985507 0.6250325266718709 0.17972164711295147 0.6608118657298985 0.1725327812284334 0.6618960881255963 0.16534391534391535 0.63045363865036 0.16678168852081895 0.6011796339665192 0.1718138946399816 0.574074074074074 0.1725327812284334 0.5437158469945356 0.18259719346675868 0.5035996183537167 0.1861916264090177
12 0.4266198282591726 0.7807108350586611 0.4233671610720791 0.7914941338854383 0.4233671610720791 0.8029963193006672 0.4352936074247549 0.8029963193006672 0.4352936074247549 0.79221302047389
12 0.5925058548009366 0.7893374741200828 0.5881689652181455 0.8029963193006672 0.5881689652181455 0.8130607315389924 0.5979269667794257 0.8123418449505406 0.5979269667794257 0.8008396595353117
12 0.6575591985428052 0.7641764435242696 0.6499696417729205 0.7799919484702094 0.6488854193772227 0.8051529790660226 0.6380431954202446 0.810904071773637 0.6380431954202446 0.7936507936507936 0.6380431954202446 0.7728030825856912
12 0.29651314077543584 0.8540372670807453 0.27049180327868855 0.8633827927306188 0.2477231329690346 0.8835116172072695 0.250975800156128 0.8942949160340465 0.2737444704657819 0.8863871635610766 0.2921762511926446 0.8741660915573959 0.312776476710903 0.8561939268461007
12 0.6629803105212941 0.8339084426040948 0.6792436464567612 0.8490050609615828 0.6965912047879261 0.8619450195537152 0.713938763119091 0.8691338854382332 0.713938763119091 0.877041637911203 0.6965912047879261 0.877041637911203 0.67490675687397 0.8698527720266851 0.6618960881255963 0.8561939268461007 0.6521380865643162 0.8360651023694502
12 0.7529707693642119 0.5434782608695652 0.7735709948824702 0.5614504255808604 0.792002775609333 0.5837359098228664 0.8169398907103825 0.6096158270071314 0.8321190042501517 0.6088969404186795 0.8169398907103825 0.5866114561766735 0.7985081099835198 0.5686392914653785 0.781160551652355 0.551386013342535 0.7529707693642119 0.5355705083965954
12 0.1902593459970509 0.5614504255808604 0.15773267412611677 0.5657637451115711 0.128458669442276 0.5743903841729928 0.10135310954983089 0.5866114561766735 0.07750021684447915 0.6053025074764204 0.10352155434122647 0.5995514147688061 0.1295428918379738 0.5923625488842881 0.1544800069390233 0.5830170232344145
12 0.36807181889149104 0.7519553715205889 0.3734929308699801 0.7684897630549805 0.3843351548269582 0.7821486082355648 0.38541937722265585 0.7986829997699563 0.37566137566137564 0.7900563607085346 0.36698759649579316 0.7814297216471129 0.36048226212160644 0.7656142167011731
12 0.3940931563882384 0.2839602024384633 0.401682713158123 0.2969001610305958 0.4049353803452164 0.31487232574189095 0.3973458235753318 0.3306878306878307 0.3951773787839362 0.3536922015182885 0.38758782201405145 0.3615999539912583 0.3810824876398647 0.3421900161030596 0.38758782201405145 0.3227800782148608 0.3930089339925405 0.3033701403266621
12 0.17182756527018822 0.5391649413388543 0.13387978142076504 0.547791580400276 0.10243733194552868 0.5556993328732459 0.07533177205308356 0.5693581780538303 0.06448954809610549 0.5837359098228664 0.09484777517564405 0.5729526109960893 0.12412177985948475 0.5607315389924086 0.1642380085003036 0.554980446284794