0 0.3680264993026499 0.09505753138075314 0.020223152022315203 0.01778242677824268
0 0.47053695955369595 0.09649581589958159 0.018479776847977684 0.00993723849372385
0 0.38267085076708507 0.13454497907949792 0.019525801952580194 0.01856694560669456
0 0.6283124128312413 0.10146443514644352 0.028242677824267783 0.015951882845188285
0 0.2974198047419805 0.23522489539748953 0.027545327754532774 0.047594142259414225
0 0.32967224546722457 0.20345188284518828 0.01778242677824268 0.03190376569037657
0 0.32566248256624825 0.10434100418410042 0.0502092050209205 0.05753138075313807
0 0.3349023709902371 0.15834205020920503 0.04428172942817294 0.027719665271966527
0 0.6657949790794979 0.4424686192468619 0.03626220362622036 0.021966527196652718
0 0.5479428172942817 0.4480910041841004 0.09902370990237098 0.0397489539748954
0 0.4569386331938633 0.729994769874477 0.09728033472803348 0.0842050209205021
0 0.6211645746164575 0.512944560669456 0.0299860529986053 0.04497907949790795
0 0.6999651324965133 0.5228817991631799 0.07775453277545327 0.09937238493723849
0 0.3622733612273361 0.7228033472803347 0.08821478382147838 0.08551255230125523
0 0.1961297071129707 0.446652719665272 0.01778242677824268 0.015951882845188285
0 0.2730125523012552 0.39330543933054396 0.03695955369595537 0.021966527196652718
0 0.6459205020920502 0.6822698744769874 0.02301255230125523 0.023274058577405856
0 0.6176778242677824 0.6306223849372385 0.03695955369595537 0.031119246861924688
0 0.24302649930264994 0.1967834728033473 0.019525801952580194 0.017259414225941423
0 0.2996861924686193 0.19586820083682008 0.02092050209205021 0.014644351464435146