12 0.15535905044510387 0.08450731276348515 0.17019584569732937 0.07778514015729883 0.19334124629080118 0.07202327792342485 0.21529970326409495 0.07106296755111252 0.2307299703264095 0.06914234680648786 0.22716913946587536 0.07778514015729883 0.2028367952522255 0.07778514015729883 0.18206528189910978 0.08066607127423583
12 0.2313234421364985 0.09891196834817013 0.25684272997032637 0.09411041648660846 0.2829554896142433 0.09411041648660846 0.30491394658753707 0.0979516579758578 0.32924629080118695 0.09699134760354547 0.3494243323442136 0.09603103723123313 0.3773175074183976 0.0950707268589208 0.32746587537091987 0.1075547616989811 0.2966053412462908 0.10467383058204412 0.2633709198813056 0.10179289946510713
12 0.18681305637982196 0.16709400478234565 0.20758456973293768 0.16613369441003334 0.22835608308605343 0.17285586701621963 0.25328189910979226 0.1690146255269703 0.273459940652819 0.16133214254847167 0.2966053412462908 0.16805431515465796 0.3150029673590504 0.17765741887778128 0.2847359050445104 0.17381617738853194 0.2675252225519288 0.17093524627159498 0.2420059347181009 0.17861772925009362 0.217080118694362 0.17861772925009362
12 0.33221364985163204 0.14980841808072368 0.331620178041543 0.165173384037721 0.33577448071216615 0.17669710850546896 0.3369614243323442 0.19494300557940325 0.34111572700296733 0.21222859228102522 0.3452700296735905 0.23527604121652118 0.3523916913946587 0.26216473164126647 0.3399287833827893 0.24199821382270748 0.3405222551928783 0.21895076488721152 0.3351810089020772 0.20454610930252656 0.3339940652818991 0.18630021222859228 0.32983976261127596 0.17285586701621963
12 0.24437982195845695 0.12099910691135374 0.22064094955489613 0.11427693430516743 0.19630860534124628 0.11139600318823042 0.1684154302670623 0.10947538244360576 0.19630860534124628 0.12003879653904143 0.2135192878338279 0.12003879653904143
12 0.30966172106824924 0.19878424706865258 0.3132225519287834 0.21895076488721152 0.3132225519287834 0.25064100717351845 0.3114421364985163 0.27368845610901443 0.30610089020771514 0.24968069680120614
12 0.35832640949554895 0.30633900876763365 0.3440830860534124 0.3053786983953214 0.3244985163204748 0.29865652578913504 0.3244985163204748 0.304418388023009 0.3375548961424332 0.30633900876763365
12 0.31084866468842726 0.14500686621916203 0.330433234421365 0.14212593510222504 0.3458635014836795 0.15076872845303602 0.32687240356083086 0.15076872845303602
12 0.16129376854599406 0.04033303563711792 0.18265875370919882 0.026888690424745273 0.19868249258160237 0.0153649659569973 0.22182789317507418 0.00768248297849865 0.2431928783382789 0.00768248297849865 0.26515133531157264 0.008642793350810982 0.2859228486646884 0.0153649659569973 0.3084747774480712 0.019206207446246626 0.3369614243323442 0.019206207446246626 0.3642611275964392 0.0153649659569973 0.3963086053412463 0.011523724467747977 0.4265756676557863 0.0048015518615616565 0.43903857566765575 0.0019206207446246625 0.41173887240356083 0.017285586701621964 0.37909792284866467 0.024007759307808282 0.35001780415430267 0.027849000797057606 0.3173768545994065 0.029769621541682268 0.2877032640949555 0.026888690424745273 0.2491275964391691 0.013444345212372637 0.22123442136498517 0.019206207446246626 0.19334124629080118 0.02880931116936994
12 0.35658823529411765 0.15758191086574866 0.36704575163398695 0.16075470101740805 0.3794640522875817 0.16181229773462782 0.38926797385620915 0.16075470101740805 0.3794640522875817 0.15758191086574866 0.3676993464052288 0.1554667174313091
12 0.2755424836601307 0.5192799881549167 0.26247058823529407 0.5425471159337522 0.2448235294117647 0.5668718404298073 0.22456209150326797 0.5922541616430823 0.2101830065359477 0.6197516762907967 0.20430065359477123 0.6546523679590498 0.20430065359477123 0.6906106563445227 0.20364705882352943 0.7318569283160945 0.20364705882352943 0.7688728134187871 0.20299346405228758 0.7265689447299956 0.2056078431372549 0.684265076041204 0.20822222222222223 0.6472491909385113 0.21737254901960784 0.6155212894219176 0.23305882352941176 0.5911965649258625 0.25462745098039213 0.5636990502781479
12 0.251359477124183 0.5753326141675656 0.24286274509803923 0.6070605156841593 0.2337124183006536 0.6356156270490936 0.22390849673202615 0.6631131416968082 0.21933333333333335 0.6853226727584237 0.21933333333333335 0.7170505742750174 0.22260130718954246 0.749836072508831 0.21933333333333335 0.7075322038200393 0.21933333333333335 0.6821498826067643 0.2278300653594771 0.658882754827929 0.2402483660130719 0.6260972565941155 0.25070588235294117 0.5869661780569834
12 0.3905751633986928 0.5118768111343782 0.4108366013071895 0.5319711487615543 0.4284836601307189 0.5721598240159063 0.4448235294117647 0.5869661780569834 0.4578954248366013 0.6028301288152802 0.46769934640522876 0.6292700467457748 0.47031372549019607 0.6747467055862258 0.46769934640522876 0.6387884172007531 0.4578954248366013 0.6091757091185989 0.44678431372549016 0.5985997419464011 0.42913725490196075 0.5795630010364448 0.4154117647058823 0.5499502929542907 0.40952941176470586 0.5309135520443344
12 0.4330588235294118 0.5943693550775218 0.44286274509803925 0.6229244664424561 0.451359477124183 0.6472491909385113 0.4578954248366013 0.6726315121517863 0.4578954248366013 0.6853226727584237 0.455281045751634 0.6715739154345665 0.44809150326797387 0.6419612073524124 0.43959477124183005 0.618694079573577