0 0.3646551724137931 0.328529792746114 0.03146551724137931 0.02299222797927461
0 0.38125 0.28319300518134716 0.03879310344827586 0.022020725388601035
0 0.5685344827586207 0.3643134715025907 0.02413793103448276 0.027849740932642485
0 0.5325431034482758 0.32512953367875647 0.03146551724137931 0.01878238341968912
0 0.5747844827586207 0.30602331606217614 0.0939655172413793 0.04145077720207254
0 0.6620689655172414 0.29452720207253885 0.08017241379310344 0.025582901554404146
0 0.500646551724138 0.3753238341968912 0.03793103448275862 0.022020725388601035
0 0.4504310344827586 0.37710492227979275 0.0625 0.0352979274611399
0 0.5316810344827586 0.4109455958549223 0.0625 0.031088082901554404
0 0.5321120689655172 0.4331282383419689 0.032327586206896554 0.01878238341968912
0 0.31939655172413794 0.6714702072538861 0.034913793103448276 0.026230569948186528
0 0.2415948275862069 0.5824158031088082 0.04698275862068965 0.03400259067357513
0 0.7441810344827586 0.6849093264248705 0.021120689655172414 0.020077720207253884
0 0.6293103448275862 0.9010686528497409 0.03706896551724138 0.024287564766839378
0 0.33426724137931035 0.819300518134715 0.03146551724137931 0.01878238341968912
0 0.6068965517241379 0.9430051813471503 0.026724137931034484 0.02072538860103627
0 0.4661637931034483 0.24141839378238342 0.02025862068965517 0.01878238341968912
0 0.46336206896551724 0.3076424870466321 0.02586206896551724 0.013924870466321243
0 0.809698275862069 0.37176165803108807 0.017241379310344827 0.01878238341968912