12 0.7566017699115044 0.24358031428187304 0.7554218289085545 0.2135281975847588 0.7341828908554572 0.19059368747380326 0.7029144542772862 0.17398593877276647 0.6669262536873156 0.16449579665788827 0.6321179941002949 0.1550056545430101 0.6191386430678466 0.1494697383093312 0.6067492625368732 0.1368162154894936 0.5849203539823009 0.1130908602022982 0.5530619469026549 0.08382958868142383 0.5754808259587021 0.1115091698498185 0.5937699115044247 0.13286198960829437 0.6102890855457227 0.1518422738380507 0.6244483775811209 0.15895988042420933 0.6445073746312684 0.16686833218660782 0.6787256637168141 0.17556762912524615 0.7111740412979352 0.1850577712401243 0.7400825958702064 0.20087467476492127 0.7512920353982301 0.21431904276099867
12 0.4645663716814159 0.08541127903390353 0.48521533923303833 0.09094719526758246 0.5105840707964602 0.10043733738246063 0.5330029498525073 0.11862677643597713 0.5619115044247788 0.1368162154894936 0.5884601769911504 0.16133241595292888 0.6120589970501474 0.1834760808876446 0.6250383480825958 0.1929662230025228 0.6533569321533923 0.19533875853124233 0.6763657817109144 0.20403805546988066 0.6840353982300885 0.2064105909986002 0.6993746312684366 0.21036481687979944 0.7206135693215339 0.21985495899467758 0.7383126843657817 0.23409017216699485 0.7489321533923304 0.25702468227795044 0.7294631268436579 0.23567186251947456 0.7099941002949852 0.223018339699637 0.6905250737463127 0.2182732686421979 0.6651563421828909 0.20878312652731976 0.639787610619469 0.2032472102936408 0.6167787610619468 0.19533875853124233 0.5978997050147492 0.18031270018268525 0.5737109144542772 0.1581690352479695 0.5501120943952802 0.13997959619445302 0.5241533923303835 0.11941762161221697 0.4987846607669616 0.10043733738246063
12 0.47872566371681413 0.10360071808742002 0.45630678466076696 0.10518240843989972 0.43919764011799406 0.11783593125973728 0.42562831858407074 0.12732607337461543 0.45335693215339234 0.11546339573101773
12 0.4645663716814159 0.14077044137069286 0.4439174041297935 0.14393382207565225 0.4179587020648967 0.16054157077668904
12 0.45040707964601767 0.13128029925581466 0.4710560471976401 0.13128029925581466 0.49288495575221236 0.1336528347845342 0.5158938053097345 0.1463063576043718 0.544802359882006 0.16133241595292888 0.5737109144542772 0.1779401646539657 0.5978997050147492 0.2016655199411611 0.6185486725663717 0.22222749452339713 0.6450973451327434 0.22697256558083623 0.6763657817109144 0.23962608840067381 0.7011445427728613 0.2530704563967512 0.7300530973451328 0.2736324309789872 0.7359528023598819 0.2989394766186624 0.7147138643067846 0.2712598954502677 0.6922949852507374 0.2562338371017106 0.6598466076696164 0.23804439804819408 0.6285781710914453 0.23092679146203546 0.6120589970501474 0.22697256558083623 0.5949498525073746 0.20878312652731976 0.5630914454277286 0.17952185500644538 0.535362831858407 0.16607748701036798 0.5064542772861357 0.15105142866181087
12 0.6716460176991149 0.25544299192547076 0.6928849557522123 0.2744232761552271 0.7135339233038347 0.2989394766186624 0.6922949852507374 0.2870767989750646
12 0.6150088495575221 0.26097890815914965 0.6209085545722713 0.2815408827413857 0.6268082595870207 0.32345567708209766 0.6185486725663717 0.2918218700325037
12 0.4120589970501475 0.19850213923620172 0.42975811209439524 0.18426692606388448 0.44981710914454276 0.17556762912524615 0.46515634218289087 0.17556762912524615 0.48580530973451325 0.18110354535892506 0.5094041297935102 0.19059368747380326 0.5247433628318583 0.19692044888372204 0.5383126843657817 0.2079922813510799 0.5477522123893804 0.21431904276099867 0.5648613569321534 0.21748242346595809 0.5802005899705015 0.23250848181451517 0.5914100294985251 0.24753454016307228 0.6120589970501474 0.2688873599215481 0.5878702064896755 0.22855425593331594 0.5695811209439527 0.20878312652731976 0.5459823008849557 0.2048289006461205 0.5324129793510324 0.1929662230025228 0.5052743362831857 0.18031270018268525 0.4734159292035398 0.16765917736284766 0.45394690265486726 0.16765917736284766 0.43388790560471974 0.17477678394900628
12 0.37784070796460173 0.3930500525912042 0.3731209439528024 0.4136120271734402 0.36191150442477876 0.44445498904679426 0.3495221238938053 0.47213457021518895 0.34362241887905604 0.5006049965598235 0.35011209439528024 0.45789935704287166 0.36309144542772864 0.4302197758744771
12 0.6940648967551621 0.5045592224410227 0.6981946902654866 0.5274937325519783 0.6976047197640117 0.5622909203065316 0.6875752212389381 0.5836437400650074 0.679905604719764 0.616859237467081 0.6875752212389381 0.601833179118524 0.6952448377581121 0.575735288302609 0.7035044247787611 0.5615000751302918 0.7023244837758111 0.5172127452608603
12 0.6657463126843658 0.5986697984135646 0.6492271386430679 0.6366303668730773 0.63152802359882 0.6706367094513906 0.6191386430678466 0.7070155875584236 0.6067492625368732 0.7513029174278552 0.5925899705014749 0.8050803894121648 0.6096991150442477 0.7101789682633831 0.6273982300884956 0.6603557221602727
12 0.3548318584070796 0.4958599255023844 0.3548318584070796 0.529075422904458 0.35188200589970503 0.575735288302609 0.34126253687315633 0.6350486765205975 0.33359292035398225 0.684081077447468 0.3389026548672566 0.6279310699344389 0.35011209439528024 0.5622909203065316
12 0.39470198675496687 0.6504151649119069 0.38719646799116997 0.6492315158401837 0.3818984547461369 0.645680568625014 0.376158940397351 0.645680568625014 0.36997792494481235 0.6480478667684604 0.3673289183222958 0.6539661121270766 0.3748344370860927 0.6551497611987998 0.38101545253863134 0.6557415857346613 0.388962472406181 0.6557415857346613
12 0.3880794701986755 0.6616598310932774 0.3894039735099337 0.6675780764518935 0.39161147902869753 0.6770472690256792 0.3933774834437086 0.6841491634560185 0.39514348785871967 0.6936183560298042 0.3982339955849889 0.6936183560298042 0.3969094922737307 0.6829655143842953 0.3942604856512141 0.672904497274648 0.39293598233995586 0.6622516556291391
12 0.40397350993377484 0.7066384958187597 0.4070640176600441 0.7125567411773757 0.40794701986754967 0.719658635607715 0.4101545253863134 0.7243932318946079 0.4119205298013245 0.7279441791097774 0.41324503311258276 0.7350460735401169 0.41589403973509936 0.7403724943628713 0.41633554083885205 0.7326787753966704 0.41324503311258276 0.7208422846794382 0.41103752759381895 0.7131485657132373 0.4083885209713024 0.7078221448904828
12 0.33686534216335534 0.3586456687321343 0.34525386313465783 0.3474010025507637 0.3527593818984547 0.34207458172800925 0.363355408388521 0.3355645118335316 0.37086092715231783 0.33319721369008515 0.3766004415011037 0.3367481609052548 0.38498896247240616 0.3367481609052548 0.39293598233995586 0.33378903822594674 0.3858719646799117 0.3308299155466387 0.3766004415011037 0.3308299155466387 0.3735099337748344 0.3272789683314691 0.3646799116997792 0.3302380910107771 0.35805739514348783 0.33319721369008515 0.3518763796909492 0.3373399854411164 0.34525386313465783 0.34503370440731734
12 0.35143487858719646 0.2751984091756476 0.3536423841059602 0.27874935639081727 0.35982339955849885 0.27934118092667887 0.36644591611479027 0.2828921281418485 0.3748344370860927 0.28585125082115653 0.38278145695364235 0.28585125082115653 0.38852097130242824 0.2905858471080494 0.39293598233995586 0.29354496978735745 0.38278145695364235 0.28940219803632616 0.3735099337748344 0.2876267244287413 0.3637969094922737 0.28466760174943334 0.355849889624724 0.28407577721357175
12 0.3494926719278466 0.31917691045213703 0.3549041713641488 0.31645665269260176 0.35941375422773386 0.3125273914843842 0.363923337091319 0.3110161371735312 0.37181510710259297 0.3061801233788019 0.3776775648252536 0.3085981302761666 0.3848928974069898 0.3098071337248489 0.3880496054114994 0.3098071337248489 0.3830890642615558 0.31494539838174884 0.37452085682074404 0.31282964234655475 0.36775648252536636 0.3137363949330665 0.3605411499436302 0.3179679070034547 0.35197294250281846 0.3218971682116723