12 0.5016339869281046 0.29932598039215685 0.2193627450980392 0.013786764705882353
12 0.5067401960784313 0.4375 0.08905228758169935 0.011029411764705883
12 0.5365604575163399 0.40349264705882354 0.023284313725490197 0.05392156862745098
12 0.47120098039215685 0.3912377450980392 0.02900326797385621 0.05821078431372549
12 0.6384803921568627 0.4875919117647059 0.12418300653594772 0.03125
12 0.42320261437908496 0.49111519607843135 0.07312091503267974 0.0352328431372549
12 0.505718954248366 0.6838235294117647 0.06413398692810457 0.011029411764705883
4 0.5044934640522876 0.40640318627450983 0.0959967320261438 0.061274509803921566
4 0.4236111111111111 0.3779105392156863 0.05310457516339869 0.01838235294117647
4 0.5680147058823529 0.38128063725490197 0.054330065359477125 0.018688725490196078
4 0.6160130718954249 0.5709252450980392 0.06781045751633986 0.10661764705882353
4 0.37969771241830064 0.5628063725490197 0.1119281045751634 0.08731617647058823
4 0.511437908496732 0.5493259803921569 0.0755718954248366 0.035845588235294115
4 0.5079656862745098 0.7245710784313726 0.14869281045751634 0.05514705882352941
4 0.5112336601307189 0.6034007352941176 0.026143790849673203 0.02144607843137255
4 0.6689133986928104 0.5493259803921569 0.04125816993464052 0.035845588235294115
4 0.31147875816993464 0.5968137254901961 0.0298202614379085 0.03860294117647059
4 0.37826797385620914 0.7069546568627451 0.0457516339869281 0.04013480392156863
0 0.7075163398692811 0.5790441176470589 0.013888888888888888 0.018688725490196078
0 0.715890522875817 0.6337316176470589 0.01838235294117647 0.023590686274509803
0 0.31924019607843135 0.6697303921568627 0.01919934640522876 0.018688725490196078
0 0.275531045751634 0.6004901960784313 0.027777777777777776 0.028186274509803922
0 0.31290849673202614 0.5715379901960784 0.027777777777777776 0.018688725490196078