0 0.3625408496732026 0.5075061274509803 0.060866013071895424 0.046875
3 0.4111519607843137 0.5131740196078431 0.1568627450980392 0.06341911764705882
3 0.5314542483660131 0.4852941176470588 0.10580065359477124 0.07352941176470588
3 0.7371323529411765 0.4950980392156863 0.0755718954248366 0.03125
3 0.5949754901960784 0.44424019607843135 0.039624183006535946 0.0272671568627451
3 0.5863970588235294 0.7123161764705882 0.17034313725490197 0.060355392156862746
0 0.40604575163398693 0.6173406862745098 0.039624183006535946 0.03553921568627451
0 0.27144607843137253 0.4065563725490196 0.027777777777777776 0.015318627450980392
12 0.6617647058823529 0.19056372549019607 0.14665032679738563 0.057291666666666664
12 0.6762663398692811 0.36933210784313725 0.056781045751633986 0.023590686274509803
12 0.6384803921568627 0.6681985294117647 0.06454248366013073 0.015318627450980392