12 0.7279255831887409 0.09150574277420169 0.7761229998072101 0.08282847406285497 0.8279352226720645 0.08125078884261012 0.8821573163678426 0.08756152972358955 0.942404087140929 0.10964912280701752 0.9797570850202426 0.15461315158399594 0.9267399267399266 0.12463713239934367 0.889386928860613 0.10491606714628296 0.8568536726431462 0.10097185409567083 0.8110661268556003 0.09623879843493625 0.7652785810680547 0.09781648365518111
12 0.6640640061692692 0.038653287895998985 0.7206959706959705 0.037864445285876555 0.7893772893772891 0.041019815726366274 0.8568536726431462 0.04969708443771298 0.9255349913244648 0.07099583491101855 0.9544534412955463 0.10412722453616054 0.9267399267399266 0.0891392149438344 0.8954116059379217 0.07494004796163069 0.8448043184885288 0.06310740880979426 0.7917871602082127 0.05364129748832512 0.7411798727588199 0.04811939921746813
12 0.7857624831309041 0.020509907863183137 0.8496240601503757 0.02760949135428499 0.907460960092539 0.044175186166855986 0.938789280894544 0.07336236274138583 0.8905918642760746 0.050485927047835416 0.8387796414112202 0.037864445285876555
12 0.6136171520786905 0.3026949070114538 0.6097748405440714 0.31862621790679346 0.5995286764517533 0.3421039392262414 0.5905632828709753 0.3689356207341819 0.581597889290197 0.35300430983884223 0.5905632828709753 0.3286880984722711
12 0.605932529009452 0.28844057621036034 0.6020902174748328 0.30185641696433063 0.5931248238940547 0.3135952776240546 0.581597889290197 0.3362345088963794 0.5675094136632598 0.35300430983884223 0.5675094136632598 0.3312035686136406 0.581597889290197 0.3094028273884389
12 0.8476570599212108 0.5200556535903352 0.8709827907941116 0.5370232116193837 0.8878291519800953 0.5573842812542419 0.8994920174165458 0.5811388624949096 0.8800539083557951 0.5752002171847428 0.8645034211071947 0.5573842812542419 0.8541364296081276 0.539568345323741
12 0.925409496164213 0.517510519885978 0.925409496164213 0.5505972580426225 0.9228177482894463 0.5930161531152436 0.8852374041053286 0.6396769376951269 0.8295148247978437 0.6685217863445092 0.8839415301679451 0.6210126238631736 0.9111548828529961 0.5760485950861952
12 0.31116524984449506 0.29269037600108594 0.2735849056603773 0.28844848649382376 0.2230458221024259 0.28844848649382376 0.17250673854447435 0.2876001085923714 0.11678415923698944 0.28166146328220437 0.062357453866887784 0.28675173069091897 0.020889487870619887 0.29693226550834806 0.007930748496786204 0.3172933351432062 0.04291934480613722 0.29947739921270533 0.08309143686502177 0.2918419980996335 0.12715115073605635 0.29269037600108594 0.17250673854447435 0.29693226550834806 0.21008708272859214 0.29693226550834806
12 0.2502591747874766 0.3071128003257771 0.18157785610615793 0.3037192887199674 0.11289653742483924 0.3011741550156101 0.058469832054737665 0.3037192887199674 0.013114244246319661 0.3334125152708022 0.013114244246319661 0.3512284512013031 0.044215218743520565 0.3240803583548255 0.06494920174165454 0.3147482014388489 0.10512129380053901 0.3105063119315868 0.15436450342110722 0.30965793403013436
12 0.6830810698735227 0.28844848649382376 0.7232531619324072 0.2977806434098004 0.7841592369894256 0.3011741550156101 0.8411776902342939 0.30626442242432467 0.9098590089156126 0.30541604452287224 0.9837238233464649 0.3138998235373965 0.9945054945054945 0.3273381294964029 0.9448476052249637 0.31559657934030133 0.8839415301679451 0.3172933351432062 0.8230354551109267 0.3138998235373965 0.7582417582417582 0.3113546898330392
12 0.9370723616006633 0.24263607981539295 0.9707650839726312 0.23075878919505902 0.9681733360978642 0.24602959142120265
12 0.886533278042712 0.2791163295778471 0.9163383786025294 0.26469390525315595 0.9616939664109476 0.2638455273517035 0.9945054945054945 0.24820143884892087 0.9720609579100143 0.25196823673136964 0.9331847397885134 0.25366499253427444
12 0.8657992950445779 0.2876001085923714 0.9033796392286957 0.2833582190851093 0.9331847397885134 0.27572281797203746 0.9629898403483308 0.2697841726618705 0.9945054945054945 0.2697841726618705 0.9798362015343147 0.2791163295778471 0.9539187227866472 0.28250984118365685 0.9228177482894463 0.2859033527894665
12 0.17898610823139124 0.27826795167639473 0.13233464648558987 0.26469390525315595 0.07790794111548822 0.2629971494502511 0.014410118183703085 0.2774195737749423 0.007930748496786204 0.28929686439527624 0.04162347086875387 0.280813085380752 0.080499688990255 0.27487444007058504 0.12067178104913946 0.27826795167639473
12 0.10382541986315567 0.214639609067463 0.080499688990255 0.2103977195602009 0.057173958117354325 0.19597529523550972 0.058469832054737665 0.2103977195602009 0.08179556292763834 0.21972987647617753
12 0.09086668048932191 0.23415230080086874 0.09605017623885545 0.2409393240124881 0.070132697491188 0.24348445771684538 0.029960605432303535 0.23839419030813083 0.04810284055567068 0.2324555449979639
12 0.40835579514824794 0.280813085380752 0.42131453452208173 0.30541604452287224 0.4316815260211486 0.3368060268766119 0.41742691270993154 0.32323198045337315 0.4096516690856313 0.2960838876068956
12 0.38243831640058046 0.2833582190851093 0.3928053078996475 0.2960838876068956 0.3992846775865644 0.3181417130446586 0.4031722993987144 0.3418962942853265 0.39410118183703086 0.3283222478620877 0.387621812150114 0.3079611782272295