12 0.37392055267702934 0.48283678756476683 0.03065630397236615 0.025259067357512953
12 0.3596718480138169 0.5629857512953368 0.055267702936096716 0.09974093264248704
12 0.5988773747841105 0.5451748704663213 0.05008635578583765 0.10103626943005181
0 0.4838082901554404 0.35718911917098445 0.018998272884283247 0.014896373056994818
0 0.5777202072538861 0.45174870466321243 0.017271157167530225 0.02072538860103627
0 0.5351899827288429 0.44332901554404147 0.015975820379965457 0.014248704663212436
0 0.6882556131260794 0.3957253886010363 0.014248704663212436 0.01327720207253886
0 0.3553540587219344 0.43928108808290156 0.025906735751295335 0.01327720207253886
0 0.35837651122625214 0.49724740932642486 0.027202072538860103 0.019430051813471502
0 0.49762521588946457 0.5148963730569949 0.022020725388601035 0.012629533678756476
0 0.552245250431779 0.6128562176165803 0.014248704663212436 0.010686528497409326
5 0.6027633851468048 0.3950777202072539 0.1506908462867012 0.0667098445595855
5 0.36377374784110533 0.38277202072538863 0.15198618307426598 0.04987046632124352
0 0.27936096718480136 0.42454663212435234 0.01468048359240069 0.01327720207253886