0 0.6553899082568807 0.2759698275862069 0.02522935779816514 0.01228448275862069
0 0.6648509174311926 0.2997844827586207 0.014621559633027524 0.013362068965517242
0 0.7320814220183486 0.3244612068965517 0.0194954128440367 0.01896551724137931
0 0.7584575688073395 0.45959051724137934 0.0169151376146789 0.018318965517241378
0 0.45226490825688076 0.5758620689655173 0.04386467889908257 0.04396551724137931
0 0.3764334862385321 0.5797413793103449 0.026662844036697247 0.01896551724137931
0 0.4271788990825688 0.66875 0.02264908256880734 0.014008620689655173
1 0.48122133027522934 0.530603448275862 0.02408256880733945 0.015301724137931034
1 0.5250860091743119 0.6106681034482758 0.10063073394495413 0.11530172413793104
0 0.6103784403669725 0.7230603448275862 0.08572247706422019 0.021767241379310343
5 0.5729644495412844 0.4830818965517241 0.16743119266055045 0.05668103448275862
1 0.3427465596330275 0.6195043103448276 0.10206422018348624 0.11702586206896552
1 0.43922018348623854 0.7268318965517241 0.08285550458715596 0.03405172413793103