0 0.48734504132231404 0.5534336419753086 0.05785123966942149 0.03819444444444445
0 0.315599173553719 0.6109182098765432 0.040289256198347105 0.026234567901234566
0 0.30888429752066116 0.7862654320987654 0.045454545454545456 0.022762345679012346
0 0.26988636363636365 0.7922453703703703 0.0253099173553719 0.010802469135802469
0 0.2856404958677686 0.8171296296296297 0.060950413223140494 0.03433641975308642
0 0.2962293388429752 0.7272376543209876 0.023760330578512397 0.012345679012345678
0 0.18414256198347106 0.8128858024691358 0.03667355371900827 0.015817901234567902
0 0.2110020661157025 0.8260030864197531 0.018078512396694214 0.011959876543209876
0 0.24380165289256198 0.8250385802469136 0.02737603305785124 0.02044753086419753
0 0.19576446280991736 0.7212577160493827 0.03615702479338843 0.016203703703703703
0 0.20041322314049587 0.5771604938271605 0.019111570247933883 0.012345679012345678
4 0.2871900826446281 0.5688657407407407 0.0743801652892562 0.060570987654320986