0 0.4714988425925926 0.5959201388888888 0.04861111111111111 0.04904513888888889
0 0.5925925925925926 0.5944010416666666 0.014178240740740741 0.010633680555555556
0 0.35054976851851855 0.6302083333333334 0.019097222222222224 0.016927083333333332
0 0.3901909722222222 0.5785590277777778 0.02141203703703704 0.014322916666666666
0 0.5470196759259259 0.7145182291666666 0.019097222222222224 0.016927083333333332
0 0.40870949074074076 0.6949869791666666 0.02025462962962963 0.013454861111111112
0 0.5677083333333334 0.6359592013888888 0.020833333333333332 0.020833333333333332
0 0.546875 0.6848958333333334 0.02199074074074074 0.016927083333333332
0 0.6588541666666666 0.7828776041666666 0.041666666666666664 0.022352430555555556
0 0.6890914351851852 0.7677951388888888 0.023148148148148147 0.016927083333333332
0 0.6929976851851852 0.7396918402777778 0.024305555555555556 0.030164930555555556
0 0.5911458333333334 0.69921875 0.03269675925925926 0.022786458333333332
0 0.5810185185185185 0.7290581597222222 0.02488425925925926 0.031684027777777776
0 0.6074942129629629 0.7250434027777778 0.015914351851851853 0.012803819444444444
0 0.6597222222222222 0.6065538194444444 0.016493055555555556 0.012803819444444444
0 0.6385995370370371 0.6981336805555556 0.05092592592592592 0.030815972222222224
0 0.7000868055555556 0.6408420138888888 0.041666666666666664 0.027126736111111112
0 0.6805555555555556 0.6649305555555556 0.02662037037037037 0.024522569444444444
0 0.6140046296296297 0.7477213541666666 0.023148148148148147 0.028428819444444444
0 0.5828993055555556 0.7635633680555556 0.02662037037037037 0.016059027777777776
0 0.5710358796296297 0.8372395833333334 0.024305555555555556 0.018663194444444444
0 0.5298032407407407 0.8623046875 0.017361111111111112 0.010199652777777778
0 0.5626446759259259 0.8563368055555556 0.02199074074074074 0.009331597222222222
0 0.5041956018518519 0.8233506944444444 0.023726851851851853 0.014322916666666666
0 0.6822916666666666 0.8262803819444444 0.020833333333333332 0.012803819444444444
0 0.6537905092592593 0.8607855902777778 0.017939814814814815 0.011501736111111112
0 0.7089120370370371 0.7703993055555556 0.03211805555555555 0.016059027777777776
0 0.7265625 0.7769097222222222 0.02141203703703704 0.012369791666666666
0 0.8247974537037037 0.5284288194444444 0.01244212962962963 0.009765625
0 0.8220486111111112 0.5451388888888888 0.011284722222222222 0.010199652777777778
0 0.7994791666666666 0.5694444444444444 0.017939814814814815 0.009765625
0 0.8127893518518519 0.6148003472222222 0.015335648148148149 0.012369791666666666
0 0.7621527777777778 0.6907552083333334 0.015914351851851853 0.016927083333333332
0 0.7475405092592593 0.7272135416666666 0.02488425925925926 0.015190972222222222
0 0.7125289351851852 0.6689453125 0.02488425925925926 0.015625
0 0.6798321759259259 0.6882595486111112 0.02025462962962963 0.011935763888888888
0 0.6312210648148148 0.6731770833333334 0.03616898148148148 0.016493055555555556
0 0.5815972222222222 0.6675347222222222 0.02025462962962963 0.012803819444444444
0 0.6433738425925926 0.630859375 0.045717592592592594 0.03515625
0 0.8009259259259259 0.5906032986111112 0.024305555555555556 0.016493055555555556
0 0.7502893518518519 0.6626519097222222 0.03269675925925926 0.024956597222222224
0 0.7350983796296297 0.6878255208333334 0.02141203703703704 0.017795138888888888
0 0.7780671296296297 0.7339409722222222 0.01707175925925926 0.025390625
0 0.7734375 0.7045355902777778 0.023726851851851853 0.018229166666666668
0 0.7099247685185185 0.7995876736111112 0.030960648148148147 0.016059027777777776
0 0.7813946759259259 0.6702473958333334 0.017939814814814815 0.014756944444444444
0 0.8327546296296297 0.6673177083333334 0.01244212962962963 0.015625
0 0.8138020833333334 0.6931423611111112 0.013020833333333334 0.011501736111111112
0 0.7853009259259259 0.6219618055555556 0.023726851851851853 0.013888888888888888
0 0.7336516203703703 0.4670138888888889 0.014178240740740741 0.009765625
0 0.7096354166666666 0.4712456597222222 0.015914351851851853 0.012369791666666666
0 0.5784143518518519 0.4149305555555556 0.027777777777777776 0.014756944444444444
0 0.45558449074074076 0.3517795138888889 0.014756944444444444 0.011501736111111112
0 0.4223090277777778 0.3659939236111111 0.017939814814814815 0.012803819444444444
0 0.4107349537037037 0.3217230902777778 0.014178240740740741 0.008897569444444444
0 0.36357060185185186 0.3335503472222222 0.015914351851851853 0.015625
0 0.4014756944444444 0.4149305555555556 0.014756944444444444 0.012369791666666666
0 0.34186921296296297 0.3897569444444444 0.016493055555555556 0.012803819444444444
0 0.5072337962962963 0.3181423611111111 0.011863425925925927 0.011067708333333334
0 0.5383391203703703 0.3473307291666667 0.02199074074074074 0.012803819444444444
0 0.4483506944444444 0.333984375 0.013599537037037037 0.008029513888888888
0 0.5140335648148148 0.6143663194444444 0.02199074074074074 0.03342013888888889
0 0.45674189814814814 0.8389756944444444 0.02141203703703704 0.011067708333333334
0 0.6119791666666666 0.7777777777777778 0.015914351851851853 0.013020833333333334
0 0.6603009259259259 0.7361111111111112 0.014178240740740741 0.013454861111111112
0 0.6354166666666666 0.7241753472222222 0.018518518518518517 0.009331597222222222
0 0.7139756944444444 0.7325303819444444 0.02199074074074074 0.020833333333333332
0 0.6047453703703703 0.8338758680555556 0.01707175925925926 0.011935763888888888
0 0.5516493055555556 0.8745659722222222 0.03732638888888889 0.014322916666666666
0 0.6335358796296297 0.830078125 0.013599537037037037 0.009331597222222222
0 0.6507523148148148 0.8120659722222222 0.014178240740740741 0.007161458333333333
0 0.7669270833333334 0.7735460069444444 0.027777777777777776 0.022352430555555556
0 0.6566840277777778 0.4807942708333333 0.023726851851851853 0.030381944444444444
0 0.38961226851851855 0.5546875 0.015914351851851853 0.014756944444444444
0 0.4431423611111111 0.3893229166666667 0.01244212962962963 0.010199652777777778
0 0.35228587962962965 0.3524305555555556 0.022569444444444444 0.016059027777777776
0 0.43214699074074076 0.3134765625 0.023148148148148147 0.027126736111111112
0 0.38136574074074076 0.3577473958333333 0.018518518518518517 0.021701388888888888