0 0.42487046632124353 0.20709196891191708 0.018566493955094993 0.017810880829015545
0 0.3663644214162349 0.21275906735751296 0.025906735751295335 0.014896373056994818
0 0.6269430051813472 0.24838082901554404 0.02547495682210708 0.014896373056994818
0 0.596286701208981 0.27461139896373055 0.013385146804835924 0.022344559585492228
0 0.7206390328151986 0.4988665803108808 0.02072538860103627 0.01878238341968912
4 0.6280224525043178 0.5056670984455959 0.06174438687392055 0.05764248704663212
0 0.6826424870466321 0.5362694300518135 0.015975820379965457 0.017487046632124352
0 0.700993091537133 0.5210492227979274 0.014248704663212436 0.01133419689119171
0 0.7258203799654577 0.5803108808290155 0.016407599309153715 0.015544041450777202
0 0.5252590673575129 0.5720531088082902 0.022020725388601035 0.013601036269430052
0 0.49632987910189985 0.5893782383419689 0.037132987910189985 0.01683937823834197
0 0.3806131260794473 0.7125971502590673 0.022452504317789293 0.013601036269430052
0 0.4494818652849741 0.7276554404145078 0.018134715025906734 0.014896373056994818
0 0.5019430051813472 0.719559585492228 0.01468048359240069 0.009715025906735751
0 0.6481001727115717 0.6518782383419689 0.013385146804835924 0.008743523316062176
0 0.586139896373057 0.717130829015544 0.03842832469775475 0.014896373056994818
0 0.2422279792746114 0.47684585492227977 0.022452504317789293 0.02104922279792746
0 0.3020293609671848 0.5001619170984456 0.04620034542314335 0.026230569948186528
0 0.30483592400690845 0.532059585492228 0.018134715025906734 0.013924870466321243
0 0.4585492227979275 0.3539507772020725 0.018998272884283247 0.012629533678756476
0 0.2538860103626943 0.5942357512953368 0.026338514680483593 0.025259067357512953
0 0.46243523316062174 0.17357512953367876 0.01468048359240069 0.009715025906735751
0 0.4775474956822107 0.22263601036269431 0.018134715025906734 0.009715025906735751
0 0.4943868739205527 0.2184261658031088 0.01079447322970639 0.008743523316062176
0 0.5509499136442142 0.3024611398963731 0.015975820379965457 0.011010362694300517
0 0.4736614853195164 0.436690414507772 0.01468048359240069 0.010038860103626942
0 0.4596286701208981 0.451910621761658 0.013385146804835924 0.012629533678756476
0 0.28389464594127806 0.4799222797927461 0.023747841105354058 0.01522020725388601
0 0.327720207253886 0.5205634715025906 0.012953367875647668 0.006800518134715026
0 0.33527633851468047 0.5082577720207254 0.011226252158894647 0.007772020725388601
0 0.24935233160621761 0.5012953367875648 0.016407599309153715 0.01133419689119171
0 0.46696891191709844 0.41580310880829013 0.012521588946459413 0.012305699481865285
0 0.3579447322970639 0.25712435233160624 0.018134715025906734 0.011981865284974092
0 0.32642487046632124 0.2665155440414508 0.025043177892918825 0.020401554404145077
4 0.3380829015544041 0.5207253886010362 0.04835924006908463 0.05278497409326425
5 0.6196027633851469 0.4227655440414508 0.17918825561312607 0.0625
5 0.3331174438687392 0.4264896373056995 0.21373056994818654 0.054404145077720206