0 0.5554835924006909 0.42988989637305697 0.01683937823834197 0.010038860103626942
0 0.5187823834196891 0.4177461139896373 0.014248704663212436 0.011010362694300517
0 0.5505181347150259 0.4685880829015544 0.009067357512953367 0.007772020725388601
0 0.5436096718480138 0.44721502590673573 0.01683937823834197 0.014572538860103627
0 0.4477547495682211 0.5446891191709845 0.024179620034542316 0.01716321243523316
0 0.3544905008635579 0.47684585492227977 0.030224525043177894 0.03011658031088083
0 0.45919689119170987 0.4162888601036269 0.028065630397236616 0.015867875647668395
0 0.7238773747841105 0.3911917098445596 0.027202072538860103 0.012629533678756476
0 0.6830742659758203 0.38860103626943004 0.021157167530224525 0.012953367875647668
0 0.49870466321243523 0.6058937823834197 0.033246977547495685 0.03238341968911917
0 0.6612694300518135 0.6541450777202072 0.01468048359240069 0.013924870466321243
0 0.5772884283246977 0.6509067357512953 0.021157167530224525 0.013601036269430052
0 0.542314335060449 0.6156088082901554 0.012953367875647668 0.012953367875647668
4 0.5317357512953368 0.47522668393782386 0.10578583765112262 0.10880829015544041
0 0.6129101899827288 0.17632772020725387 0.025043177892918825 0.01683937823834197
5 0.533678756476684 0.37289507772020725 0.17573402417962003 0.05181347150259067