5 0.49028497409326427 0.4478626943005181 0.17055267702936097 0.057966321243523314
0 0.5621761658031088 0.5137629533678757 0.019861830742659757 0.013601036269430052
4 0.5328151986183074 0.5442033678756477 0.1303972366148532 0.09067357512953368
0 0.5936960276338514 0.6034650259067358 0.02158894645941278 0.015544041450777202
0 0.5215889464594128 0.6794041450777202 0.02461139896373057 0.011981865284974092
0 0.46006044905008636 0.7454663212435233 0.03195164075993091 0.018134715025906734
0 0.7534542314335061 0.5331930051813472 0.018566493955094993 0.01716321243523316
0 0.4365284974093264 0.27331606217616583 0.02547495682210708 0.019753886010362695
0 0.34650259067357514 0.3011658031088083 0.023747841105354058 0.01522020725388601
0 0.33009499136442144 0.5727007772020726 0.020293609671848015 0.01522020725388601
0 0.6349309153713298 0.680699481865285 0.02547495682210708 0.012953367875647668
0 0.7316493955094991 0.4643782383419689 0.015112262521588947 0.011981865284974092