0 0.4598623853211009 0.5061422413793103 0.02121559633027523 0.02521551724137931
0 0.19753440366972477 0.41325431034482757 0.020355504587155963 0.016594827586206895
0 0.2319380733944954 0.6607758620689655 0.02408256880733945 0.013362068965517242
0 0.27766628440366975 0.647198275862069 0.024655963302752295 0.016594827586206895
0 0.24512614678899083 0.6314655172413793 0.01834862385321101 0.015732758620689655
0 0.2227637614678899 0.5224137931034483 0.05217889908256881 0.023922413793103448
0 0.13603784403669725 0.5349137931034482 0.02264908256880734 0.01853448275862069
0 0.4012327981651376 0.7268318965517241 0.025802752293577983 0.01896551724137931
0 0.3203841743119266 0.7342672413793103 0.02150229357798165 0.0125
0 0.21502293577981652 0.7811422413793103 0.020928899082568807 0.013793103448275862
1 0.4579988532110092 0.590625 0.18434633027522937 0.1413793103448276
0 0.5842889908256881 0.37995689655172415 0.022075688073394495 0.015301724137931034