0 0.4171717171717172 0.296969696969697 0.021717171717171718 0.012121212121212121
0 0.6005050505050505 0.4191287878787879 0.02070707070707071 0.013257575757575758
0 0.5656565656565656 0.4327651515151515 0.020202020202020204 0.012121212121212121
0 0.45075757575757575 0.4212121212121212 0.022222222222222223 0.012878787878787878
0 0.3055555555555556 0.625 0.022222222222222223 0.017424242424242425
0 0.47424242424242424 0.8200757575757576 0.014646464646464647 0.014772727272727272
0 0.7434343434343434 0.6556818181818181 0.022222222222222223 0.016666666666666666
4 0.30277777777777776 0.6293560606060606 0.08686868686868687 0.09507575757575758
4 0.39545454545454545 0.5744318181818182 0.06666666666666667 0.03598484848484849
4 0.7987373737373737 0.6145833333333334 0.08484848484848485 0.08787878787878788
4 0.7345959595959596 0.5723484848484849 0.08585858585858586 0.03636363636363636
0 0.49772727272727274 0.28768939393939397 0.031818181818181815 0.015151515151515152