0 0.30404040404040406 0.47518939393939397 0.021717171717171718 0.013636363636363636
0 0.2820707070707071 0.4869318181818182 0.01818181818181818 0.015151515151515152
0 0.32272727272727275 0.4797348484848485 0.016666666666666666 0.010984848484848484
0 0.5671717171717172 0.6505681818181818 0.021212121212121213 0.015151515151515152
0 0.555050505050505 0.6952651515151516 0.019696969696969695 0.018560606060606062
4 0.48484848484848486 0.7041666666666667 0.07828282828282829 0.10606060606060606
4 0.4674242424242424 0.8090909090909091 0.01919191919191919 0.013257575757575758
4 0.6638888888888889 0.8001893939393939 0.021717171717171718 0.012878787878787878
4 0.5853535353535354 0.4564393939393939 0.025757575757575757 0.01818181818181818
4 0.6664141414141415 0.6178030303030303 0.01717171717171717 0.017803030303030303
4 0.6169191919191919 0.5276515151515152 0.01818181818181818 0.015151515151515152
4 0.6679292929292929 0.5785984848484849 0.01919191919191919 0.015909090909090907