0 0.6742424242424242 0.4102272727272727 0.015151515151515152 0.009848484848484848
0 0.6295454545454545 0.35321969696969696 0.014646464646464647 0.009848484848484848
0 0.598989898989899 0.39147727272727273 0.01616161616161616 0.010606060606060607
0 0.44646464646464645 0.2918560606060606 0.01616161616161616 0.013636363636363636
0 0.7058080808080808 0.5757575757575758 0.03383838383838384 0.030303030303030304
0 0.7027777777777777 0.6053030303030303 0.026767676767676767 0.012121212121212121
0 0.6598484848484848 0.58125 0.05606060606060606 0.03901515151515152
0 0.6737373737373737 0.6117424242424242 0.015656565656565657 0.010227272727272727
0 0.6477272727272727 0.6208333333333333 0.015656565656565657 0.012121212121212121
0 0.5542929292929293 0.6285984848484848 0.01717171717171717 0.0125
0 0.20404040404040405 0.37481060606060607 0.013131313131313131 0.008712121212121213
0 0.21388888888888888 0.2846590909090909 0.015151515151515152 0.00909090909090909
0 0.23939393939393938 0.353030303030303 0.014141414141414142 0.010227272727272727
0 0.18181818181818182 0.634090909090909 0.026262626262626262 0.015909090909090907
0 0.20277777777777778 0.6492424242424243 0.017676767676767676 0.02727272727272727
0 0.2313131313131313 0.63125 0.03333333333333333 0.019696969696969695
0 0.30328282828282827 0.6558712121212121 0.016666666666666666 0.01893939393939394
0 0.16540404040404041 0.6801136363636363 0.024242424242424242 0.03143939393939394
0 0.4585858585858586 0.9106060606060606 0.021212121212121213 0.011742424242424242
0 0.6131313131313131 0.6357954545454545 0.025252525252525252 0.015909090909090907
0 0.48914141414141415 0.3471590909090909 0.030303030303030304 0.025
0 0.49595959595959593 0.3875 0.050505050505050504 0.05113636363636364
0 0.4906565656565657 0.45170454545454547 0.04292929292929293 0.023863636363636365
0 0.43712121212121213 0.39943181818181817 0.03383838383838384 0.02803030303030303
0 0.5580808080808081 0.4034090909090909 0.050505050505050504 0.027651515151515153
0 0.5853535353535354 0.44564393939393937 0.07727272727272727 0.01893939393939394
0 0.4820707070707071 0.2946969696969697 0.04242424242424243 0.03446969696969697
0 0.4431818181818182 0.36875 0.021717171717171718 0.010606060606060607
0 0.43737373737373736 0.32575757575757575 0.014646464646464647 0.012121212121212121
0 0.43737373737373736 0.3053030303030303 0.012626262626262626 0.00946969696969697
0 0.5823232323232324 0.26704545454545453 0.014646464646464647 0.014015151515151515
0 0.6214646464646465 0.3178030303030303 0.04040404040404041 0.019696969696969695
0 0.6297979797979798 0.33636363636363636 0.022727272727272728 0.014393939393939395
0 0.5174242424242425 0.3068181818181818 0.024242424242424242 0.02803030303030303
0 0.5502525252525252 0.3740530303030303 0.048484848484848485 0.017803030303030303
0 0.6005050505050505 0.37007575757575756 0.04494949494949495 0.01628787878787879
0 0.6585858585858586 0.3619318181818182 0.0297979797979798 0.024242424242424242
0 0.6255050505050505 0.39356060606060606 0.028282828282828285 0.022727272727272728
0 0.5482323232323232 0.2837121212121212 0.01818181818181818 0.02196969696969697
0 0.5446969696969697 0.26079545454545455 0.016666666666666666 0.013257575757575758
0 0.5987373737373738 0.290530303030303 0.06313131313131314 0.028409090909090908
0 0.5590909090909091 0.35189393939393937 0.05555555555555555 0.015909090909090907
0 0.37424242424242427 0.42537878787878786 0.014141414141414142 0.027651515151515153
0 0.35404040404040404 0.3560606060606061 0.04292929292929293 0.02234848484848485
0 0.3098484848484849 0.3712121212121212 0.03838383838383838 0.026893939393939394
0 0.39116161616161615 0.2884469696969697 0.02070707070707071 0.019318181818181818
0 0.46565656565656566 0.3549242424242424 0.014646464646464647 0.014015151515151515
0 0.4674242424242424 0.33428030303030304 0.014646464646464647 0.010606060606060607
0 0.4952020202020202 0.42481060606060606 0.022222222222222223 0.014393939393939395
0 0.5681818181818182 0.4287878787878788 0.025252525252525252 0.012121212121212121
0 0.601010101010101 0.34299242424242427 0.017676767676767676 0.02196969696969697
0 0.4585858585858586 0.3119318181818182 0.012626262626262626 0.017424242424242425
0 0.4911616161616162 0.3248106060606061 0.01616161616161616 0.012121212121212121
0 0.47449494949494947 0.23579545454545456 0.021212121212121213 0.019696969696969695
0 0.5598484848484848 0.23257575757575757 0.012626262626262626 0.013636363636363636
0 0.5222222222222223 0.28920454545454544 0.014646464646464647 0.00909090909090909
0 0.5136363636363637 0.33162878787878786 0.01717171717171717 0.011742424242424242
0 0.6833333333333333 0.3768939393939394 0.011616161616161616 0.007954545454545454
0 0.6722222222222223 0.38693181818181815 0.012626262626262626 0.008333333333333333
0 0.6343434343434343 0.4168560606060606 0.014646464646464647 0.007196969696969697
0 0.5871212121212122 0.428219696969697 0.01717171717171717 0.00946969696969697
0 0.6313131313131313 0.36875 0.012121212121212121 0.0125
0 0.5373737373737374 0.3327651515151515 0.009595959595959595 0.01553030303030303
0 0.5174242424242425 0.34791666666666665 0.013636363636363636 0.014772727272727272
5 0.6047979797979798 0.5856060606060606 0.1590909090909091 0.06098484848484848
5 0.2383838383838384 0.6142045454545455 0.19747474747474747 0.06212121212121212