0 0.5067401960784313 0.31418504901960786 0.0559640522875817 0.013786764705882353
0 0.6507352941176471 0.3091299019607843 0.020833333333333332 0.012561274509803922
0 0.7005718954248366 0.3017769607843137 0.013071895424836602 0.007965686274509803
4 0.4728349673202614 0.4681372549019608 0.0559640522875817 0.06924019607843138
4 0.6535947712418301 0.46675857843137253 0.06209150326797386 0.056372549019607844
3 0.7048611111111112 0.28400735294117646 0.05228758169934641 0.022365196078431373
3 0.4889705882352941 0.29901960784313725 0.07434640522875817 0.03676470588235294
3 0.5559640522875817 0.31893382352941174 0.039624183006535946 0.07506127450980392
3 0.6495098039215687 0.3091299019607843 0.10988562091503268 0.0352328431372549
3 0.6582924836601307 0.2778799019607843 0.04738562091503268 0.018075980392156864
4 0.6617647058823529 0.5065870098039216 0.024918300653594773 0.025122549019607844
5 0.4571078431372549 0.40900735294117646 0.11274509803921569 0.02267156862745098
5 0.664828431372549 0.40839460784313725 0.09027777777777778 0.022365196078431373