5 0.30934343434343436 0.37518939393939393 0.08838383838383838 0.06553030303030304
0 0.36287878787878786 0.43731060606060607 0.013131313131313131 0.010227272727272727
0 0.4166666666666667 0.4380681818181818 0.015656565656565657 0.011742424242424242
0 0.5007575757575757 0.41420454545454544 0.024747474747474747 0.01893939393939394
0 0.5194444444444445 0.3397727272727273 0.015656565656565657 0.010606060606060607
0 0.5782828282828283 0.4420454545454545 0.01717171717171717 0.011742424242424242
0 0.6262626262626263 0.43106060606060603 0.01616161616161616 0.00946969696969697
0 0.6012626262626263 0.47291666666666665 0.016666666666666666 0.007954545454545454
0 0.45606060606060606 0.41458333333333336 0.020202020202020204 0.010227272727272727
0 0.5416666666666666 0.44772727272727275 0.016666666666666666 0.011363636363636364
0 0.5568181818181818 0.4178030303030303 0.01717171717171717 0.0125
0 0.581060606060606 0.3952651515151515 0.012121212121212121 0.00946969696969697
0 0.3987373737373737 0.30833333333333335 0.008585858585858586 0.014772727272727272
0 0.47045454545454546 0.2513257575757576 0.026262626262626262 0.029924242424242423
0 0.2633838383838384 0.2259469696969697 0.013636363636363636 0.0125
0 0.3936868686868687 0.2526515151515151 0.029292929292929294 0.020075757575757577
0 0.4131313131313131 0.28806818181818183 0.03484848484848485 0.014772727272727272
0 0.46414141414141413 0.27140151515151517 0.01717171717171717 0.012121212121212121
0 0.30656565656565654 0.2331439393939394 0.016666666666666666 0.015151515151515152
0 0.43005050505050507 0.2268939393939394 0.013636363636363636 0.011742424242424242
0 0.47954545454545455 0.3854166666666667 0.03333333333333333 0.011363636363636364
0 0.425 0.31931818181818183 0.012121212121212121 0.00909090909090909
0 0.3803030303030303 0.225 0.013131313131313131 0.00909090909090909
0 0.3643939393939394 0.24166666666666667 0.011111111111111112 0.011742424242424242
0 0.33005050505050504 0.22045454545454546 0.01818181818181818 0.020075757575757577
0 0.3952020202020202 0.609469696969697 0.014141414141414142 0.007575757575757576
0 0.39545454545454545 0.6350378787878788 0.013636363636363636 0.008333333333333333
0 0.4262626262626263 0.6596590909090909 0.015656565656565657 0.010227272727272727
0 0.4542929292929293 0.4708333333333333 0.012121212121212121 0.010606060606060607
0 0.5348484848484848 0.5232954545454546 0.01717171717171717 0.011742424242424242
0 0.5739898989898989 0.46856060606060607 0.012121212121212121 0.011742424242424242
0 0.44722222222222224 0.39109848484848486 0.014141414141414142 0.008333333333333333
0 0.5353535353535354 0.37481060606060607 0.019696969696969695 0.010606060606060607
0 0.44267676767676767 0.24261363636363636 0.015151515151515152 0.013636363636363636
0 0.33181818181818185 0.2571969696969697 0.013131313131313131 0.010227272727272727
0 0.3656565656565657 0.3183712121212121 0.013636363636363636 0.010606060606060607
0 0.38282828282828285 0.2746212121212121 0.015151515151515152 0.011363636363636364
0 0.41388888888888886 0.1952651515151515 0.012626262626262626 0.011363636363636364
0 0.4595959595959596 0.17821969696969697 0.01919191919191919 0.014015151515151515
0 0.24191919191919192 0.19507575757575757 0.012626262626262626 0.007954545454545454
0 0.271969696969697 0.19318181818181818 0.01818181818181818 0.010606060606060607
0 0.42676767676767674 0.39109848484848486 0.014141414141414142 0.010227272727272727
0 0.4583333333333333 0.3626893939393939 0.019696969696969695 0.013636363636363636
0 0.554040404040404 0.6492424242424243 0.013131313131313131 0.007954545454545454
0 0.5295454545454545 0.6568181818181819 0.015656565656565657 0.007954545454545454
0 0.4856060606060606 0.6501893939393939 0.01616161616161616 0.0125
0 0.43005050505050507 0.5931818181818181 0.012626262626262626 0.009848484848484848
0 0.41035353535353536 0.5784090909090909 0.012626262626262626 0.010606060606060607
0 0.4047979797979798 0.6681818181818182 0.013131313131313131 0.006818181818181818
0 0.37904040404040407 0.5922348484848485 0.016666666666666666 0.0125
0 0.5452020202020202 0.593560606060606 0.014141414141414142 0.00909090909090909
0 0.49318181818181817 0.47689393939393937 0.01818181818181818 0.012878787878787878
0 0.5148989898989899 0.4649621212121212 0.015151515151515152 0.01628787878787879
0 0.503030303030303 0.4287878787878788 0.011111111111111112 0.010227272727272727
0 0.4535353535353535 0.28106060606060607 0.013636363636363636 0.011742424242424242
0 0.4196969696969697 0.2634469696969697 0.01919191919191919 0.011363636363636364