0 0.650390625 0.33154296875 0.014322916666666666 0.01171875
5 0.5374348958333334 0.408935546875 0.126953125 0.0576171875
0 0.6936848958333334 0.29345703125 0.013671875 0.01025390625
0 0.6129557291666666 0.235107421875 0.012369791666666666 0.0087890625
0 0.6282552083333334 0.269287109375 0.011067708333333334 0.0068359375
0 0.6155598958333334 0.260498046875 0.013671875 0.00732421875
0 0.6106770833333334 0.298095703125 0.014973958333333334 0.0087890625
0 0.5810546875 0.260498046875 0.027994791666666668 0.01220703125
0 0.6617838541666666 0.29736328125 0.020833333333333332 0.01318359375
0 0.6165364583333334 0.28125 0.018880208333333332 0.009765625
0 0.62890625 0.4482421875 0.022135416666666668 0.0126953125
0 0.6383463541666666 0.3779296875 0.014322916666666666 0.01171875
0 0.3785807291666667 0.433349609375 0.016927083333333332 0.01513671875
0 0.5319010416666666 0.2900390625 0.014322916666666666 0.0087890625
0 0.6263020833333334 0.245361328125 0.020833333333333332 0.00830078125
0 0.6705729166666666 0.251708984375 0.013020833333333334 0.00634765625
0 0.6490885416666666 0.267822265625 0.009765625 0.00537109375
0 0.6744791666666666 0.26953125 0.012369791666666666 0.01220703125
0 0.6783854166666666 0.42431640625 0.011067708333333334 0.005859375