12 0.6426912195143617 0.44267374944665777 0.656904155951445 0.44583570479984824 0.67822356060707 0.4592740150509074 0.6990988109990363 0.48377916903813317 0.7226389869729554 0.5169797002466325 0.7284129924005206 0.5446468095870486 0.7075377420085543 0.5209321444381205 0.6835534117709763 0.48852210206791874 0.6617898528516925 0.4671789034338835
12 0.684441720298294 0.5027509011572756 0.7075377420085543 0.5446468095870486 0.7261922210822263 0.5984000505912856 0.7266363753458851 0.6331815594763801 0.7137559016997784 0.5960285840763928 0.7004312737900127 0.5604565863530007
12 0.6529067675785153 0.5383228988806678 0.672005400915846 0.5628280528678935 0.6942131140987888 0.5991905394295832 0.7133117474361195 0.6442484032125466 0.7279688381368618 0.701163599569974 0.708870204799531 0.6703345348763675 0.6919923427804945 0.6244861822551065 0.6688963210702341 0.5833807626636311
12 0.4570347373049607 0.5414848542338582 0.4672502853691144 0.5446468095870486 0.47879829622424463 0.5422753430721559 0.49123461560669246 0.5288370328210965 0.5005618551435285 0.5233036109530134 0.4938995411886456 0.543856320748751 0.4845723016518097 0.5565041421615127 0.4690269024237498 0.5628280528678935 0.45881135435959614 0.5572946309998102 0.4570347373049607 0.5509707202934294
12 0.4596996628869139 0.5217226332764181 0.46858274816009093 0.5035413899955733 0.4770216791696092 0.5027509011572756 0.4885696900247394 0.4932650350977044 0.4796866047515623 0.5177701890849301 0.45881135435959614 0.5343704546891798
12 0.5538603667825909 0.5169797002466325 0.5662966861650388 0.5146082337317397 0.5791771598111456 0.5130272560551445 0.5982757931484763 0.5217226332764181 0.6160419636948304 0.5383228988806678 0.5951667133028643 0.5296275216593942 0.5791771598111456 0.5256750774679061
12 0.5596343722101561 0.5280465439827989 0.5716265373289451 0.543856320748751 0.5889485536116404 0.5731044077657623 0.580953776865781 0.5391133877189654 0.568961611746992 0.5240940997913109
12 0.4557022745139842 0.21264149750205527 0.4703593652147264 0.19208878770631757 0.48679307297010393 0.17706949977866313 0.5094449404167055 0.16600265604249667 0.532096807863307 0.16758363371909188 0.5569694466282029 0.17785998861696073 0.5867277822933461 0.20552709795737684 0.5511954412006378 0.19287927654461517 0.5236578768537888 0.18260292164674632 0.5005618551435285 0.18734585467653198 0.4765775249059503 0.20552709795737684
12 0.589836862138958 0.18576487699993677 0.611156266794583 0.20315563144248405 0.6311432086592315 0.23477518497438815 0.6440236823053384 0.2719281603743755 0.6551275388968096 0.3019667362296844 0.6493535334692445 0.3739012205147663 0.6449119908326559 0.32251944602542215 0.63558475129582 0.27825207108075634 0.620483506331419 0.24900398406374502 0.6044939528397002 0.2189654082084361 0.5662966861650388 0.17548852210206792
12 0.6653430869609633 0.3928729526339088 0.6777794063434112 0.38417757541263514 0.6955455768897654 0.3675773098083855 0.7022078908446482 0.36125339910200466 0.6937689598351299 0.38892050844242076 0.6826651032436586 0.398406374501992 0.6609015443243748 0.4110541959147537
12 0.6688963210702341 0.29880478087649404 0.6728937094431638 0.2822045152722443 0.663122315642669 0.23240371845949537 0.6422470652507029 0.18892683235312718 0.6093796497399476 0.1517738569531398 0.56585253190138 0.11936381458293809 0.5209929512718358 0.11620185922974768 0.4796866047515623 0.12884968064250932 0.4565905830413019 0.1430784797318662 0.4490399605591014 0.1541453234680326 0.4281647101671352 0.14228799089356858 0.4006271458202863 0.1264782141276165 0.377086969846367 0.12015430342123569 0.3531026396087889 0.12964016948080692 0.37308958147343735 0.13438310251059254 0.3908557520197915 0.14228799089356858 0.41084269388443995 0.153354834629735 0.4250556303215232 0.1699551002339847 0.44593088071348946 0.17548852210206792 0.4596996628869139 0.1731170555871751 0.4650295140508201 0.15888825649781824 0.4859047644427863 0.145449946246759 0.5085566318893877 0.13991652437867577 0.5387591218181899 0.13991652437867577 0.5671849946923565 0.1462404350850566 0.5911693249299347 0.16521216720419907 0.6169302722221481 0.19050781002972236 0.641802910987044 0.22133687472332889 0.6595690815333981 0.2742996268892683
12 0.6760027892887758 0.1746980332637703 0.6577924644787627 0.14228799089356858 0.6320315171865493 0.10671599317017642 0.5987199474121352 0.08062986150635554 0.5614109892647914 0.06402959590210586 0.52321372259013 0.062448618225510656 0.48101906754253887 0.07746790615316511 0.4632528969961847 0.09406817175741479 0.4388244124949477 0.09643963827230759 0.4072894597751691 0.08695377221273635 0.3748661985280728 0.08616328337443875 0.35487925666342435 0.10592550433187882 0.37575450705539043 0.0980206159489028 0.39440898612906233 0.10750648200847403 0.416616699312005 0.11066843736166444 0.4468191892408071 0.11145892619996206 0.47346844506033836 0.11145892619996206 0.4952320039796222 0.09643963827230759 0.520104642744518 0.08300132802124834 0.5543045210462497 0.08537279453614115 0.580953776865781 0.09327768291911719 0.614265346640195 0.11383039271485487 0.6471327621509503 0.1430784797318662
12 0.5041150892527994 0.015809776765952063 0.5267669566994008 0.009485866059571238 0.5614109892647914 0.008695377221273635 0.5978316388848175 0.01976222095744008 0.6324756714502081 0.042686397268070574 0.5933900962482289 0.04031493075317777 0.5498629784096613 0.02213368747233289
12 0.34954940549951813 0.1691646113956871 0.36909219310050767 0.16125972301271108 0.3868583636468618 0.16679314488079428 0.4037362256658983 0.1707455890722823 0.4232790132668878 0.19446025422121038 0.4321620985400649 0.2189654082084361 0.43793610396763005 0.24900398406374502 0.4272764016398175 0.23082274078290016 0.41084269388443995 0.199203187250996 0.3877466721741795 0.1802314551318535 0.3637623419366014 0.17706949977866313 0.34111047448999987 0.1739075444254727