4 0.5802696078431373 0.4332107843137255 0.04411764705882353 0.08792892156862746
4 0.4977532679738562 0.5151654411764706 0.136437908496732 0.07322303921568628
4 0.5790441176470589 0.4921875 0.020833333333333332 0.02849264705882353
4 0.2152777777777778 0.5076593137254902 0.04084967320261438 0.04534313725490196
4 0.4103349673202614 0.4877450980392157 0.04656862745098039 0.03216911764705882
0 0.409109477124183 0.3399203431372549 0.0196078431372549 0.011029411764705883
0 0.47344771241830064 0.3336397058823529 0.013888888888888888 0.011029411764705883
0 0.4446486928104575 0.3174019607843137 0.017565359477124183 0.010416666666666666
0 0.2761437908496732 0.3478860294117647 0.05228758169934641 0.00980392156862745
0 0.33251633986928103 0.4105392156862745 0.012663398692810458 0.008272058823529412
3 0.32536764705882354 0.34068627450980393 0.16952614379084968 0.025735294117647058
3 0.32107843137254904 0.37346813725490197 0.04779411764705882 0.042279411764705885
3 0.36376633986928103 0.3072916666666667 0.1270424836601307 0.03860294117647059
3 0.4528186274509804 0.2974877450980392 0.0363562091503268 0.04197303921568627
3 0.43443627450980393 0.3403799019607843 0.04738562091503268 0.025122549019607844
5 0.26266339869281047 0.44424019607843135 0.08660130718954248 0.03278186274509804
5 0.4415849673202614 0.44485294117647056 0.10253267973856209 0.03400735294117647