12 0.162298364912744 0.29212535122700606 0.1727514799410224 0.2881454418097444 0.20301049712814417 0.27540973167450705 0.22666754692898483 0.2762057135579594 0.26242820360467417 0.27540973167450705 0.31964525428577717 0.2594900940054604 0.3477036156774719 0.2586941121220081 0.35650623885918 0.2618780396558174 0.3416518122400475 0.2682458947234361 0.3229462379789177 0.26744991283998376 0.3031403358200744 0.27142982225724543 0.2618780396558174 0.28257356862557803 0.22391672718470104 0.28257356862557803 0.19915934948614686 0.2833695505090304 0.1744019717875927 0.29371731499391074 0.15679672542417641 0.304065079478791
12 0.3834642723531612 0.25789813023855573 0.4032701745120046 0.2618780396558174 0.43407935564798306 0.2833695505090304 0.4406813230342642 0.2929213331104584 0.42802755221055877 0.2889414236931967 0.40272001056314777 0.26983785849034075 0.39116656763715585 0.26904187660688844
12 0.36145771439889085 0.26983785849034075 0.37246099337602606 0.2650619671896267 0.38951607579058556 0.2666539309565314
12 0.3306485332629123 0.2276508186673671 0.35210492726832593 0.22207894548320078 0.38621509209744503 0.21889501794939145 0.43242886380141277 0.24357045633641375 0.38621509209744503 0.2196909998328438
12 0.3790629607623071 0.23561063750189043 0.41262296164256945 0.2515302751709371 0.4357298474945533 0.26744991283998376 0.40767148610285864 0.24834634763712776
12 0.17385180783873594 0.3215766809147424 0.18485508681587112 0.31361686208021905 0.20741180871899825 0.3048610613622434 0.23051869457098215 0.3024731157118864 0.23712066195726328 0.30326909759533865 0.20961246451442528 0.3104329345464097 0.18155410312273054 0.31998471714783766 0.16284852886160073 0.3406802461175984 0.16449902070817102 0.33112846351617037
12 0.23161902246869567 0.31998471714783766 0.26242820360467417 0.31202489831331437 0.281133777865804 0.3072490070126004 0.30864197530864196 0.2953092787608154 0.33449968090490967 0.2953092787608154 0.36695935388745843 0.29451329687736305 0.3972183710745802 0.28973740557664907 0.42087542087542085 0.2976972244111724 0.43187869985255606 0.31361686208021905 0.43517968354569664 0.3215766809147424 0.4225259127219911 0.31202489831331437 0.4016196826654343 0.29690124252772004 0.36971017363174224 0.29928918817807704 0.3411016482911908 0.3048610613622434 0.3080918113597852 0.3048610613622434 0.2717809907352391 0.3191887352643854
12 0.1705508241455954 0.354211938136288 0.17880328337844678 0.347048101185217 0.19090689025329546 0.339884264234146 0.20906230056556854 0.33590435481688435 0.23271935036640917 0.3295364997492657 0.21621443190070638 0.33749631858378903 0.1903567263044387 0.3430681917679554
12 0.16339869281045752 0.40754272432759425 0.17385180783873594 0.38366326782402427 0.18430492286701436 0.3717235395722393 0.22391672718470104 0.3597838113204543 0.28718558130322835 0.3478440830686694 0.3157941066437798 0.33590435481688435 0.3444026319843313 0.3271485540989087 0.3785127968134504 0.31998471714783766 0.4032701745120046 0.327944535982361 0.4181246011311371 0.34147622800105065 0.3768623049668801 0.31839275338093304 0.33835082854690696 0.327944535982361 0.3064413195132149 0.33908828235069366 0.28058361391694725 0.35023202871902637 0.23051869457098215 0.3573958656700973 0.19310754604872252 0.36774363015497763 0.1744019717875927 0.3812753221736673
12 0.30589115556435814 0.366151666388073 0.33835082854690696 0.3510280106024787 0.37081050152945577 0.34625211930176464 0.4005193547677207 0.354211938136288 0.39116656763715585 0.3550079200197403 0.35925705860346385 0.35023202871902637 0.3471534517286151 0.35580390190319267 0.3295482053651988 0.361375775087359
12 0.19970951343500362 0.3892351410081906 0.21676459584956315 0.38445924970747664 0.24482295724125788 0.38445924970747664 0.2717809907352391 0.387643177241286 0.23436984221297943 0.38605121347438126 0.20741180871899825 0.38684719535783363
12 0.42197574877313443 0.4767931481879472 0.43187869985255606 0.4680373474699716 0.443432142778548 0.4568936011016389 0.4478334543694021 0.4489337822671156
12 0.4263770603639884 0.4799770757217565 0.44178165093197774 0.4791810938383042 0.45113443806254266 0.4728132387706856 0.45883673334653724 0.46962931123687623
12 0.41427345348913974 0.48793689455627987 0.43517968354569664 0.4871409126728275 0.4560859136022534 0.4958967133908032 0.46873968442595887 0.4935087677404462 0.45883673334653724 0.49510073150735084 0.42747738826170195 0.48634493078937524
12 0.43958099513655075 0.5038565322253264 0.022006557954270346 0.015919637669046634
12 0.41262296164256945 0.5078364416425882 0.4472832904205453 0.5364917894468721 0.4610373891419643 0.5659431191346085 0.4478334543694021 0.5348998256799675
12 0.3933672234325829 0.5205721517778255 0.4054708303074316 0.5205721517778255 0.4120727976937127 0.5309199162627058 0.42087542087542085 0.5237560793116348 0.42747738826170195 0.5333078619130628 0.4335291916991263 0.5516154452324664 0.43958099513655063 0.5532074089993712 0.44618296252283174 0.5611672278338945 0.4472832904205453 0.5746989198525841 0.4472832904205453 0.5643511553677039 0.43903083118769387 0.5555953546497281 0.43297902775026953 0.5532074089993712 0.42802755221055877 0.5333078619130628 0.41867476507999385 0.5245520611950872 0.413723289540283 0.5333078619130628 0.4054708303074316 0.5253480430785394
12 0.4214255848242776 0.5524114271159188 0.4346295195968399 0.5723109742022271 0.4483836183182588 0.5945984669388924 0.43903083118769387 0.5723109742022271
12 0.4483836183182588 0.6065381951906773 0.4549855857045399 0.6240497966266287 0.45773640544882377 0.6407654161791277
12 0.4406813230342642 0.61768194155901 0.4428819788296912 0.6359895248784136 0.44398230672740474 0.653501126314365 0.4527849299091129 0.6837484378855537 0.4522347659602561 0.76095868058043 0.45333509385796966 0.679768528468292 0.44398230672740474 0.6479292531301988
12 0.33670033670033667 0.5874346299878215 0.36420853414317467 0.6041502495403205 0.40437050240971806 0.6590729994985314 0.41427345348913974 0.686932365419363 0.4181246011311371 0.7267314595919796 0.4120727976937127 0.7307113690092413 0.411522633744856 0.71319976757329 0.4098721418982857 0.6948921842538863 0.4016196826654343 0.6694207639834117 0.3796131247111639 0.6383774705287708 0.3620078783477476 0.6105181046079391
12 0.2525252525252525 0.5906185575216308 0.23877115380383354 0.612906050258296 0.23051869457098215 0.6527051444309128 0.2206157434915605 0.682156474118649 0.2145639400541361 0.725139495825075 0.21786492374727665 0.7450390429113832 0.2200655795427037 0.7307113690092413 0.2200655795427037 0.696484148020791 0.23436984221297943 0.6519091625474605 0.24097180959926057 0.6144980140252008
12 0.3416518122400475 0.7529988617459066 0.3460531238309016 0.7633466262307869 0.35155476331946917 0.7832461733170952 0.35925705860346385 0.7999617928695942 0.3647586980920314 0.8055336660537605 0.3554059109614665 0.7959818834523326
12 0.294887876587223 0.827821158790426 0.31689443454149335 0.8286171406738781 0.3482537796263286 0.8262291950235212 0.31854492638806364 0.8310050863242352
12 0.16119803701503047 0.5285319706123488 0.18650557866244138 0.5181842061274685 0.15514623357760612 0.5293279524958012
12 0.20136000528157388 0.4640574380527099 0.17935344732730352 0.4919168039735415 0.19310754604872252 0.4720172568872332 0.2107127924121388 0.4600775286354482
12 0.3625580422966044 0.4354020902484259 0.3873154199951585 0.43381012648152123 0.41537378138685327 0.46246547428580526 0.40272001056314777 0.4473418185002109 0.38456460025087474 0.4322181627146166
12 0.39611804317686666 0.73707922407686 0.017605246363416333 0.014327673902141992
12 0.40272001056314777 0.7593667168135253 0.4170242732334235 0.7713064450653102 0.42087542087542085 0.7633466262307869