5 0.4701797385620915 0.44286151960784315 0.10866013071895425 0.033394607843137254
5 0.6527777777777778 0.4491421568627451 0.06985294117647059 0.026041666666666668
4 0.6709558823529411 0.5090379901960784 0.058823529411764705 0.07199754901960784
4 0.37173202614379086 0.4961703431372549 0.08823529411764706 0.06004901960784314
4 0.46139705882352944 0.5127144607843137 0.09477124183006536 0.04105392156862745
0 0.542687908496732 0.34375 0.06454248366013073 0.019301470588235295
0 0.6805555555555556 0.3555453431372549 0.032679738562091505 0.023590686274509803
0 0.6644199346405228 0.3163296568627451 0.011437908496732025 0.01133578431372549
0 0.5919117647058824 0.41942401960784315 0.016748366013071895 0.007659313725490196
3 0.6015114379084967 0.34574142156862747 0.19648692810457516 0.03462009803921569
3 0.653390522875817 0.31173406862745096 0.08496732026143791 0.030637254901960783
3 0.5471813725490197 0.31204044117647056 0.07312091503267974 0.0272671568627451