0 0.6260330578512396 0.6047453703703703 0.014462809917355372 0.014660493827160493
0 0.6180268595041323 0.5621141975308642 0.018078512396694214 0.015432098765432098
0 0.599948347107438 0.5632716049382716 0.01084710743801653 0.008873456790123456
0 0.5746384297520661 0.566358024691358 0.015495867768595042 0.009645061728395061
0 0.5896177685950413 0.5912422839506173 0.014462809917355372 0.01427469135802469
0 0.4922520661157025 0.5326003086419753 0.00878099173553719 0.009645061728395061
0 0.5643078512396694 0.5268132716049383 0.010330578512396695 0.008487654320987654
0 0.5170454545454546 0.5046296296296297 0.011880165289256199 0.0073302469135802465
0 0.5134297520661157 0.5198688271604939 0.010330578512396695 0.0073302469135802465
0 0.40211776859504134 0.5254629629629629 0.011880165289256199 0.010416666666666666
0 0.3778409090909091 0.42496141975308643 0.01084710743801653 0.007716049382716049
0 0.5963326446280992 0.39795524691358025 0.015495867768595042 0.010802469135802469
0 0.6097623966942148 0.515625 0.011363636363636364 0.006172839506172839