5 0.4331597222222222 0.5061848958333334 0.18287037037037038 0.052734375
0 0.6617476851851852 0.537109375 0.026041666666666668 0.016276041666666668
0 0.5859375 0.5379231770833334 0.061342592592592594 0.015625
0 0.5627893518518519 0.5652669270833334 0.013888888888888888 0.0107421875
0 0.5517939814814815 0.5987955729166666 0.019675925925925927 0.0146484375
0 0.6634837962962963 0.658203125 0.04282407407407408 0.029947916666666668
0 0.6281828703703703 0.7107747395833334 0.027777777777777776 0.014322916666666666
0 0.6756365740740741 0.5891927083333334 0.02488425925925926 0.024088541666666668
0 0.5193865740740741 0.7879231770833334 0.03356481481481482 0.015299479166666666
0 0.47974537037037035 0.7916666666666666 0.019097222222222224 0.011393229166666666
0 0.38078703703703703 0.787109375 0.019675925925925927 0.0087890625
0 0.3504050925925926 0.7734375 0.023148148148148147 0.010091145833333334