12 0.5178026086708337 0.16268516140080486 0.5427762080086765 0.155193081599452 0.5884422182264464 0.1658960527442418 0.6048534406484574 0.1873019950338214 0.6483788566372691 0.2172703142392328 0.6619359534206696 0.23332477095641752 0.7275808431087136 0.24509803921568626 0.7653980078203042 0.2675742786197448 0.7140237463253132 0.23974655364329137 0.6619359534206696 0.23011387961298055 0.6091346291063732 0.18516140080486343 0.5834474983588777 0.17124753831663667 0.5484844592858977 0.155193081599452
12 0.5549062419727716 0.12950595085195651 0.5755986528526986 0.13592773353883036 0.6148428803835945 0.155193081599452 0.6369623540828266 0.17231783543111567 0.6590818277820589 0.1926534806062163 0.6719253931558067 0.2012158575220481 0.7133102149156606 0.20335645175100608 0.7275808431087136 0.20335645175100608 0.7468461911693353 0.20870793732340098 0.6890501469874704 0.19907526329309017 0.6733524559751121 0.19800496617861119 0.6255458515283843 0.1669663498587208 0.5784527784913092 0.13592773353883036
12 0.5713174643947827 0.11666238547820876 0.6098481605160259 0.1305762479664355 0.6533735765048377 0.16482575562976282 0.6697847989268487 0.17231783543111567 0.7033207751805234 0.1755287267745526 0.7525544424465564 0.19693466906413218 0.7268673116990609 0.17980991523246853 0.6676442046978909 0.17017724120215771 0.6234052572994263 0.14556040756914118 0.6091346291063732 0.13592773353883036
12 0.5463438650569398 0.18623169791934238 0.5677498073465194 0.19158318349173728 0.5813069041299198 0.19372377772069527 0.6062805034677626 0.2129891257813169 0.6212646630704683 0.23118417672745953 0.5827339669492251 0.19800496617861119 0.5599009618403402 0.18944258926277935
12 0.6754930502040699 0.2804178439934926 0.7068884322287866 0.2654336843907869 0.7340026257955875 0.2707851699631818 0.7468461911693353 0.2804178439934926 0.7290079059280189 0.2675742786197448
12 0.6055669720581099 0.1958643719496532 0.6319676342152581 0.23011387961298055 0.6662171418785854 0.2686445757342238 0.638389416902132 0.23974655364329137 0.6134158175642892 0.207637640208922
12 0.6697847989268487 0.30289408339755114 0.6833418957102492 0.3168079458857779 0.6976125239033022 0.3564089391215001 0.6819148328909439 0.31359705454234094
12 0.7183049347832291 0.21941090846819078 0.7418514713017667 0.22583269115506463 0.761830350772041 0.24616833633016524 0.7389973456631561 0.22583269115506463
12 0.4612246789968943 0.19816437213183147 0.45369211514392993 0.21902377972465584 0.44847726324572385 0.23032262550410235 0.4467389792796551 0.2598734529272702 0.44036527140406995 0.2824711444861633 0.43399156352848467 0.3024614100959533 0.44268298335882816 0.2650883048254763 0.44558012330227603 0.24335975524961762 0.44789783525703425 0.22423863162286192
12 0.401543596161869 0.3207133917396746 0.41429101191303946 0.33548880545125853 0.4253001436981412 0.3450493672646364 0.44558012330227603 0.35287164511194546 0.4693366708385482 0.3537407870949798 0.48382237055578736 0.3450493672646364 0.48671951049923523 0.35113336114587684 0.4623835349742734 0.358955638993186 0.4415241273814491 0.35982478097622034 0.42587957168683077 0.3520025031289111
12 0.48092523061233955 0.36590877485746076 0.4577481110647569 0.37112362675566685 0.4380475594493116 0.36938534278959817 0.42298243174338296 0.3667779168404951 0.4003847401844899 0.3667779168404951 0.38763732443331944 0.35634821304408293 0.4003847401844899 0.3719927687387012 0.4253001436981412 0.36938534278959817 0.44615955129096563 0.3719927687387012
12 0.469447038074489 0.37153750389044504 0.4582079745478438 0.3747795414462081 0.4465366393470968 0.3767247639796659 0.4331362174499429 0.3838572466023446 0.42060033890099247 0.3838572466023446 0.40633537365563505 0.3955285818030916 0.39077359338797246 0.3974738043365494 0.4089290037002455 0.39228654424732856 0.4244907839679082 0.3845056541134972 0.4426461942801812 0.3806152090465816
12 0.48760244838676203 0.40460628695922807 0.46382750631116637 0.40071584189231246 0.4474011826953003 0.406551509492686 0.43140713075353593 0.41757443718228027 0.41411626378946637 0.43637825500570593 0.4011481135664142 0.45972092540719983 0.39077359338797246 0.4817667807863886 0.38083134488363246 0.5051094511878825 0.3717536397274959 0.5278037140782239 0.3652695646159698 0.5699502023031434 0.36483729294186806 0.5984801327938583 0.3726181830756994 0.5511463844797178 0.37650862814261504 0.525858491544766 0.39120586506207417 0.49214130096483033 0.40460628695922807 0.46166614794065775 0.4218971539232977 0.4337846249610955 0.4435107376283846 0.41433239962651724 0.45907251789604725 0.40395787944807554
12 0.3985544835218037 0.49019607843137253 0.4076321886779403 0.4675018155410312 0.41930352387868725 0.4467527751841477 0.4318394024276377 0.4298941798941799 0.4465366393470968 0.4195196597157381 0.46555659300757335 0.413035584604212 0.4780924715565238 0.41368399211536466 0.48500881834215165 0.41627762215997505 0.471176124770896 0.41757443718228027 0.4564788878514368 0.4201680672268907 0.437891205865062 0.42859736487187466 0.42232942559739944 0.4461043676729951 0.4110903620707542 0.46361137047411555
12 0.42578759899021335 0.47139226060794687 0.4162776221599751 0.48371200331984643 0.4084967320261437 0.5154839713663243 0.4015803852405159 0.5323425666562921 0.4002835702182107 0.5530916070131756 0.39725766849949856 0.5803247224815852 0.39725766849949856 0.6095030604834526 0.39639312515129504 0.628955285818031 0.4002835702182107 0.5978317252827057 0.4002835702182107 0.5667081647473804 0.40417401528512636 0.5388266417678181 0.4089290037002455 0.5200228239443925 0.4167098938340768 0.4914928934536777
12 0.40417401528512636 0.5693017947919908 0.4033094719369229 0.5945896877269427 0.4054708303074316 0.630252100840336 0.4033094719369229 0.6555399937752879 0.4024449285887194 0.6860151467994605 0.40633537365563505 0.6665629214648823 0.40719991700383856 0.63868139848532 0.40719991700383856 0.6153387280838261 0.40633537365563505 0.5881056126154165
12 0.41411626378946637 0.6205259881730469 0.41368399211536466 0.6438686585745408 0.4132517204412629 0.6691565515094927 0.411522633744856 0.69833488951136 0.41368399211536466 0.7177871148459383 0.4119549054189577 0.7411297852474322 0.4102258187225507 0.7469654528478058 0.4110903620707542 0.718435522357091 0.40936127537434724 0.6886087768440708 0.4119549054189577 0.6659145139537296 0.4119549054189577 0.6380329909741674