4 0.5207253886010362 0.5095531088082902 0.12176165803108809 0.05375647668393782
12 0.5442573402417962 0.5919689119170984 0.034110535405872194 0.04436528497409326
0 0.6787564766839378 0.48202720207253885 0.02461139896373057 0.01910621761658031
0 0.6811312607944733 0.45595854922279794 0.02849740932642487 0.014248704663212436
0 0.7247409326424871 0.5294689119170984 0.02158894645941278 0.03011658031088083
0 0.6990500863557858 0.5456606217616581 0.019861830742659757 0.015867875647668395
0 0.7748272884283247 0.5158678756476683 0.01770293609671848 0.01716321243523316
0 0.6360103626943006 0.49060880829015546 0.021157167530224525 0.016191709844559584
0 0.6103195164075993 0.5063147668393783 0.05224525043177893 0.02461139896373057
0 0.6582469775474957 0.41871761658031087 0.059153713298791016 0.025582901554404146
0 0.6999136442141624 0.4577396373056995 0.02547495682210708 0.020077720207253884
0 0.7044473229706391 0.4802461139896373 0.02677029360967185 0.02299222797927461
0 0.5170552677029361 0.6700129533678757 0.02547495682210708 0.019430051813471502
0 0.5097150259067358 0.6382772020725389 0.023316062176165803 0.01910621761658031
0 0.5436096718480138 0.555699481865285 0.02547495682210708 0.018458549222797927
0 0.6871761658031088 0.524449481865285 0.01770293609671848 0.014248704663212436
0 0.6686096718480138 0.5011334196891192 0.038860103626943004 0.01522020725388601
1 0.37802245250431776 0.4852655440414508 0.02677029360967185 0.03562176165803109