12 0.5084740967093908 0.07677052012027381 0.6117477293947882 0.059710404537990744 0.6548963019551255 0.054379118418527286 0.6831904478963302 0.041584031731814984 0.6563110092521858 0.04691531785127844 0.6209433268256798 0.055445375642419976 0.538890303596186 0.07570426289638113
12 0.4455196219902102 0.09809566459812764 0.49432702373878845 0.09489689292644958 0.5282799988682342 0.09809566459812764 0.48442407265936677 0.09916192182202035
12 0.6534815946580652 0.08423432068752267 0.6747022041139688 0.07463800567248842 0.700166935461053 0.059710404537990744 0.6959228135698723 0.059710404537990744 0.6612624847918965 0.08103554901584457
12 0.6626771920889567 0.10342695071759112 0.7015816427581134 0.08849934958309341 0.7157287157287157 0.08849934958309341 0.6966301672184025 0.0916981212547715
12 0.747134602633324 0.3004450155874444 0.7719996211044805 0.3212679374598415 0.7925231284140065 0.3450655624568668
12 0.4357298474945534 0.3652935437043383 0.40494458653026427 0.3652935437043383 0.3915253702124973 0.3825468218271817 0.4073126835275173 0.365888484329264 0.4400713586561839 0.3623188405797102
12 0.3702124972372202 0.34119844839485014 0.02289160430677904 0.023202684372099675
12 0.3915253702124973 0.3629137812046358 0.43138833633292295 0.3403060374574618 0.45427994063970195 0.3319768687085029
12 0.745555871301822 0.278432212465196 0.7719996211044805 0.30163489683729566 0.7806826434277415 0.2980652530877419 0.8118625872249061 0.3349515718331311 0.78344542325787 0.2992551343375931 0.7727889867702314 0.3034197187120725
12 0.7274004609895489 0.27991956402751006 0.026838432635534076 0.001784821874776901
12 0.7329260206498058 0.27783727184027035 0.7392409459758139 0.26236881559220393 0.7688421584414765 0.26474857809190644 0.7408196773073159 0.260583993717427 0.7321366549840549 0.28438161871445233
12 0.7656846957784725 0.23738130934532736 0.793707176912633 0.23559648747055045 0.8114679043920306 0.20941909997382263 0.7929178112468821 0.23500154684562483
12 0.37889551956048123 0.3456605030817924 0.40849673202614384 0.3319768687085029 0.41639038868365386 0.3117488874610314 0.4045499036973888 0.32662240308417223 0.4021818067001358 0.330192046833726
12 0.4100678733031674 0.06473411645825439 0.4304927099044746 0.054471390678287226 0.4582495391318921 0.04420866489832007 0.47762694821518353 0.03947202223064292 0.4980517848164907 0.03157761778451433 0.5059074912016088 0.02052545155993432 0.5289508965979555 0.0189465706707086 0.5556602983073571 0.016578249336870028 0.5739902798726328 0.011052166224580018 0.598081112786995 0.002368321333838575 0.6274090832914362 0 0.6483576336517513 0.00473664266767715 0.6755907491201608 0.007894404446128583 0.7070135746606334 0.00473664266767715 0.7279621250209485 0.00473664266767715 0.7531003854533266 0.0189465706707086 0.725867269984917 0.006315523556902867 0.6981104407574995 0.012631047113805733 0.6755907491201608 0.014209928003031452 0.6556896262778615 0.011052166224580018 0.6352647896765543 0.00473664266767715 0.6064605329311211 0.00473664266767715 0.5828934137757668 0.013420487558418593 0.5598500083794201 0.022104332449160036 0.5383777442600972 0.021314892004547177 0.5106209150326797 0.02368321333838575 0.49909921233450644 0.03631426045219149 0.47919808949220716 0.045787545787545784 0.4524886877828054 0.05210306934444865