0 0.5708741830065359 0.7190563725490197 0.01838235294117647 0.015318627450980392
0 0.5214460784313726 0.8606004901960784 0.04330065359477124 0.037377450980392156
0 0.39624183006535946 0.6829044117647058 0.027777777777777776 0.018688725490196078
0 0.5671977124183006 0.5934436274509803 0.02042483660130719 0.014399509803921568
0 0.5275735294117647 0.5882352941176471 0.027777777777777776 0.030637254901960783
0 0.36356209150326796 0.4967830882352941 0.024918300653594773 0.020833333333333332
0 0.4752859477124183 0.6024816176470589 0.023284313725490197 0.02971813725490196
0 0.47998366013071897 0.7172181372549019 0.03799019607843137 0.023590686274509803
0 0.49611928104575165 0.6346507352941176 0.016748366013071895 0.019301470588235295
0 0.7967728758169934 0.38005514705882354 0.01919934640522876 0.02297794117647059
0 0.7828839869281046 0.33670343137254904 0.01919934640522876 0.029105392156862746