0 0.39916087962962965 0.3907335069444444 0.026041666666666668 0.023654513888888888
0 0.40769675925925924 0.3627387152777778 0.013599537037037037 0.010199652777777778
5 0.5290798611111112 0.5120442708333334 0.12094907407407407 0.03342013888888889
5 0.3062789351851852 0.5113932291666666 0.1099537037037037 0.034722222222222224
0 0.49971064814814814 0.7518446180555556 0.019097222222222224 0.014322916666666666
0 0.5431134259259259 0.6781684027777778 0.008969907407407407 0.009331597222222222
0 0.55859375 0.6824001736111112 0.015335648148148149 0.012803819444444444
0 0.5831886574074074 0.6712239583333334 0.01244212962962963 0.011501736111111112
0 0.5493344907407407 0.5634765625 0.01244212962962963 0.010199652777777778
0 0.58203125 0.5532769097222222 0.010127314814814815 0.011935763888888888
0 0.6063368055555556 0.5448133680555556 0.022569444444444444 0.018663194444444444
0 0.5944733796296297 0.5748697916666666 0.015914351851851853 0.027994791666666668
0 0.27416087962962965 0.6356336805555556 0.011863425925925927 0.010633680555555556
0 0.38483796296296297 0.7444661458333334 0.018518518518518517 0.014756944444444444
0 0.3255208333333333 0.6949869791666666 0.016493055555555556 0.014756944444444444
0 0.4288194444444444 0.4034288194444444 0.017361111111111112 0.009331597222222222
0 0.3901909722222222 0.4353298611111111 0.01707175925925926 0.013020833333333334
0 0.39265046296296297 0.4090711805555556 0.011863425925925927 0.006293402777777778
0 0.3715277777777778 0.3991970486111111 0.02025462962962963 0.015190972222222222
0 0.23567708333333334 0.5405815972222222 0.01070601851851852 0.014322916666666666
0 0.30656828703703703 0.5770399305555556 0.01244212962962963 0.013454861111111112
0 0.2647569444444444 0.5719401041666666 0.02141203703703704 0.012803819444444444
0 0.23509837962962962 0.6039496527777778 0.014178240740740741 0.015625
0 0.25014467592592593 0.6387803819444444 0.014756944444444444 0.011935763888888888
0 0.4587673611111111 0.7313368055555556 0.024305555555555556 0.015625
0 0.5626446759259259 0.6267361111111112 0.040219907407407406 0.027560763888888888
0 0.5645254629629629 0.6534288194444444 0.03153935185185185 0.019097222222222224
0 0.5591724537037037 0.5939670138888888 0.037905092592592594 0.020399305555555556
0 0.6154513888888888 0.5715060763888888 0.015914351851851853 0.023654513888888888