0 0.4678819444444444 0.7443576388888888 0.0234375 0.016927083333333332
0 0.5435474537037037 0.7158203125 0.03009259259259259 0.020833333333333332
0 0.5306712962962963 0.6409505208333334 0.016493055555555556 0.012369791666666666
0 0.5010127314814815 0.4900173611111111 0.021701388888888888 0.021484375
0 0.5642361111111112 0.5860460069444444 0.015914351851851853 0.020399305555555556
0 0.5428240740740741 0.6119791666666666 0.019675925925925927 0.015842013888888888
0 0.4361979166666667 0.5984157986111112 0.015914351851851853 0.011284722222222222
0 0.2416087962962963 0.6572265625 0.015046296296296295 0.011284722222222222
0 0.20167824074074073 0.5493706597222222 0.017939814814814815 0.016927083333333332
0 0.23148148148148148 0.5098741319444444 0.011284722222222222 0.014756944444444444
0 0.47844328703703703 0.8313802083333334 0.0234375 0.014105902777777778
0 0.48032407407407407 0.7991536458333334 0.021122685185185185 0.013020833333333334
0 0.35300925925925924 0.8393012152777778 0.016493055555555556 0.011935763888888888
0 0.44155092592592593 0.8454861111111112 0.01880787037037037 0.014105902777777778
0 0.23640046296296297 0.7486979166666666 0.012152777777777778 0.009114583333333334
0 0.2378472222222222 0.720703125 0.012152777777777778 0.010633680555555556
0 0.45500578703703703 0.5428602430555556 0.011284722222222222 0.010633680555555556
0 0.46412037037037035 0.5673828125 0.014178240740740741 0.010199652777777778
0 0.46484375 0.5981987847222222 0.011284722222222222 0.008463541666666666
0 0.46860532407407407 0.6343315972222222 0.07291666666666667 0.027560763888888888
0 0.4787326388888889 0.6729600694444444 0.017939814814814815 0.014756944444444444
0 0.44719328703703703 0.6789279513888888 0.024016203703703703 0.013020833333333334
0 0.4986979166666667 0.7435980902777778 0.017361111111111112 0.013454861111111112
0 0.5050636574074074 0.8141276041666666 0.015046296296296295 0.015842013888888888
0 0.52734375 0.6732855902777778 0.02025462962962963 0.013020833333333334
0 0.5938946759259259 0.6394314236111112 0.028645833333333332 0.025390625
0 0.5059317129629629 0.6057942708333334 0.019675925925925927 0.013454861111111112
0 0.5073784722222222 0.5736762152777778 0.024016203703703703 0.016927083333333332
0 0.5626446759259259 0.6391059027777778 0.021701388888888888 0.015842013888888888
0 0.5675636574074074 0.6131727430555556 0.021122685185185185 0.013454861111111112