5 0.3719896788990826 0.5368534482758621 0.15969036697247707 0.06443965517241379
5 0.6711582568807339 0.5376077586206897 0.15252293577981652 0.0668103448275862
0 0.5381307339449541 0.6183189655172414 0.026089449541284403 0.019612068965517242
0 0.504730504587156 0.6457974137931034 0.047018348623853214 0.023706896551724137
0 0.6525229357798165 0.5978448275862069 0.040424311926605505 0.021120689655172414
0 0.6483658256880734 0.8326508620689655 0.020355504587155963 0.013793103448275862
0 0.38374426605504586 0.778125 0.026089449541284403 0.01271551724137931
0 0.5445814220183486 0.8360991379310345 0.020928899082568807 0.010775862068965518
0 0.4962729357798165 0.8479525862068965 0.023509174311926607 0.014655172413793103
0 0.5430045871559633 0.8707974137931035 0.022935779816513763 0.011206896551724138
0 0.6538130733944955 0.8122844827586206 0.01834862385321101 0.016163793103448277
0 0.646072247706422 0.7862068965517242 0.03411697247706422 0.03599137931034483
0 0.5907396788990825 0.3931034482758621 0.017775229357798166 0.011853448275862068
0 0.4412270642201835 0.42629310344827587 0.014334862385321102 0.015301724137931034
0 0.648079128440367 0.36713362068965516 0.12069954128440367 0.01788793103448276
4 0.28856077981651373 0.6414870689655172 0.015194954128440368 0.015301724137931034