11 0.39783653846153844 0.3873456790123457 0.05048076923076923 0.040123456790123455
16 0.3137019230769231 0.3904320987654321 0.04567307692307692 0.040123456790123455
9 0.3918269230769231 0.43364197530864196 0.052884615384615384 0.05246913580246913
1 0.5883894230769231 0.47577160493827164 0.040865384615384616 0.033950617283950615
11 0.33052884615384615 0.47685185185185186 0.036057692307692304 0.040123456790123455
9 0.5540865384615384 0.7283950617283951 0.036057692307692304 0.037037037037037035
9 0.2800480769230769 0.08179012345679013 0.03125 0.05246913580246913
9 0.3425480769230769 0.0941358024691358 0.04567307692307692 0.040123456790123455
16 0.5432692307692307 0.12191358024691358 0.03365384615384615 0.040123456790123455
9 0.3870192307692308 0.18055555555555555 0.052884615384615384 0.040123456790123455
9 0.3389423076923077 0.1867283950617284 0.04326923076923077 0.046296296296296294
9 0.3858173076923077 0.23148148148148148 0.06009615384615385 0.05555555555555555
1 0.6574519230769231 0.25 0.036057692307692304 0.043209876543209874
9 0.5 0.2824074074074074 0.052884615384615384 0.06481481481481481