12 0.5627550874789509 0.2172703142392328 0.5998587207808888 0.19907526329309017 0.6391029483117846 0.18409110369038445 0.6669306732882382 0.1958643719496532 0.6583682963724063 0.2022861546365271 0.6319676342152581 0.19479407483517425 0.5920098752747096 0.20870793732340098
12 0.3472686017638496 0.1337871393098724 0.38651282929474556 0.10595941433341895 0.41434055427119904 0.10595941433341895 0.449303593344179 0.11024060279133487 0.5013913862488226 0.13271684219539345 0.5306461740445815 0.15733367582840999 0.552052116334161 0.17873961811798955 0.5370679567314554 0.17231783543111567 0.504959043297086 0.14341981334018322 0.46856894140480065 0.12736535662299855 0.43075177669321 0.11987327682164568 0.39721580043953536 0.1145217912492508 0.36082569854725005 0.13271684219539345
12 0.31730028255843823 0.12415446527956162 0.3522633216314182 0.09311584895967119 0.39222108057196675 0.07920198647144447 0.42575705682564147 0.07920198647144447 0.4585795016696635 0.08990495761623427 0.4129134914518937 0.08990495761623427 0.37438279533065044 0.09097525473071326 0.3515497902217656 0.10702971144789794
12 0.3230085338356595 0.207637640208922 0.3536903844507235 0.18409110369038445 0.3679610126437766 0.16268516140080486 0.41362702286154635 0.15305248737049404 0.45643890744070553 0.15091189314153608 0.49282900933299084 0.16910694408767873 0.5270785169963181 0.19158318349173728 0.5377814881411079 0.2183406113537118 0.5577603676113823 0.2376059594143334 0.5763121842623512 0.2493792276736022 0.5763121842623512 0.25901190170391303 0.5406356137797186 0.2322544738419385 0.5178026086708337 0.1958643719496532 0.48997488369438025 0.17017724120215771 0.46785540999514796 0.15840397294288894 0.4300382452835574 0.155193081599452 0.3843722350657876 0.15626337871393098 0.36082569854725005 0.1755287267745526 0.3308573793418386 0.20014556040756915
12 0.5627550874789509 0.15198219025601506 0.5970045951422781 0.12415446527956162 0.64053001113109 0.1081000085623769 0.6512329822758798 0.10702971144789794 0.5998587207808888 0.1284356537374775 0.5848745611781831 0.1444901104546622
12 0.5629254669226741 0.16000465468086342 0.5988052985783829 0.1534590097166463 0.6264424662050775 0.139640425903299 0.6487461453424099 0.14836795252225518 0.6662011985803223 0.15418630360155933 0.6758984503791625 0.15491359748647232 0.701596167646089 0.1774597079187758 0.699171854696379 0.18255076511316695 0.6763833129691046 0.16509571187525457 0.6657163359903803 0.16509571187525457 0.6395337561335117 0.14545877698260312 0.6191695273559473 0.14618607086751614 0.604138787067745 0.15564089137138534
12 0.45092220864606974 0.07200209460638855 0.48971121584143057 0.08509338453482283 0.5294699482166754 0.10109385000290917 0.5648649172824421 0.10982137662186536 0.6031690618878609 0.10182114388782218 0.6371094431838017 0.08145691511025774 0.6642617482205543 0.08582067841973584 0.6894746028975388 0.09818467446325711 0.697232404336611 0.11782160935590853 0.6875351525377708 0.10327573165764821 0.6744438626093365 0.10400302554256124 0.6569888093714241 0.09018444172921393 0.6395337561335117 0.08218420899517077 0.6031690618878609 0.10545761331238727 0.5638951921025581 0.11127596439169139 0.5260759100870813 0.10545761331238727 0.4877717654816625 0.08727526618956187
12 0.5998547567175018 0.2505446623093682 0.607116920842411 0.23474945533769062 0.6267247639796659 0.22657952069716775 0.6441539578794481 0.21949891067538127 0.616557734204793 0.23692810457516342 0.6056644880174292 0.2483660130718954
12 0.4059549745824256 0.19281045751633988 0.4480755265068991 0.19389978213507625 0.4854756717501815 0.21568627450980393 0.518155410312273 0.2440087145969499 0.5018155410312273 0.224400871459695 0.4760348583877995 0.20043572984749453 0.46877269426289037 0.1775599128540305 0.439360929557008 0.16721132897603488 0.41358024691358025 0.16230936819172115 0.4146695715323166 0.17047930283224402 0.43282498184458973 0.1710239651416122 0.4455337690631809 0.17374727668845316 0.4549745824255628 0.18572984749455337 0.46768336964415397 0.1900871459694989 0.4727668845315904 0.19553376906318082 0.4727668845315904 0.19934640522875816 0.46695715323166304 0.19934640522875816 0.443355119825708 0.19117647058823528 0.41575889615105305 0.18899782135076254
12 0.28939724037763254 0.1323529411764706 0.31082062454611475 0.10239651416122005 0.3336964415395788 0.08333333333333333 0.37000726216412494 0.06372549019607843 0.40305010893246185 0.05664488017429194 0.37037037037037035 0.0718954248366013 0.3431372549019608 0.0860566448801743 0.32280319535221497 0.09912854030501089
12 0.36310820624546114 0.051742919389978215 0.4001452432824982 0.04520697167755991 0.42992011619462595 0.04520697167755991 0.46768336964415397 0.04520697167755991 0.5116194625998547 0.05827886710239651 0.5442992011619462 0.06862745098039216 0.5341321713870734 0.07298474945533769 0.47058823529411764 0.05827886710239651 0.4364560639070443 0.05119825708061002 0.39433551198257083 0.04847494553376906
12 0.5530137981118374 0.07516339869281045 0.5740740740740741 0.08224400871459696 0.6034858387799564 0.0724400871459695 0.6161946259985476 0.06372549019607843 0.6503267973856209 0.05392156862745098 0.6713870733478577 0.06862745098039216 0.6535947712418301 0.06917211328976035 0.6368917937545389 0.06535947712418301 0.6111111111111112 0.07026143790849673 0.6005809731299927 0.0784313725490196 0.5711692084241103 0.0866013071895425
12 0.6209150326797386 0.023420479302832243 0.6376180101670298 0.01906318082788671 0.671750181554103 0.03812636165577342 0.6997095134350036 0.05664488017429194 0.7087872185911401 0.08769063180827887 0.6964415395787945 0.06318082788671024 0.673928830791576 0.049564270152505446 0.6430646332607117 0.027233115468409584
12 0.5806100217864923 0.3349673202614379 0.5806100217864923 0.25544662309368193 0.5766158315177924 0.27342047930283225 0.5769789397240377 0.32298474945533767
12 0.522255315628361 0.028956730371473484 0.5063980585201732 0.019649209894928434 0.4967458150630153 0.020166294365847603 0.4798543890129891 0.011892942831140894 0.4612393480598991 0.009307520476545048 0.4398665232619067 0.006722098121949201 0.42090675932820387 0.00827335153470671 0.4012575494332754 0.007239182592868371 0.3819530625189598 0.009824604947464217 0.3588566228179035 0.012927111772979234 0.3405863048454262 0.020166294365847603 0.32266070985356166 0.03102506825515016 0.34472298061277956 0.020683378836766773 0.3678194203138358 0.01602961859849425 0.3929841978985687 0.012927111772979234 0.41022034692920767 0.010341689418383386 0.4322826176884256 0.012410027302060063 0.4522765505639667 0.00827335153470671 0.4726152064201207 0.011375858360221727 0.49157497035382364 0.018097956482170927 0.5046744436171092 0.018615040953090096
12 0.3898816910730537 0.026371308016877634 0.3723008190618019 0.027922561429635145 0.3536857781087118 0.034127575080665176 0.3357601831168473 0.04343509555721022 0.31611097322191883 0.05584512285927029 0.2912909186177987 0.0791139240506329 0.28094922919941534 0.09979730288739969 0.27233115468409586 0.1261686109042773 0.2874989658310581 0.09669479606188466 0.30749289870659935 0.0708405725159262 0.3316235073494939 0.05119136262099776 0.3554093930117757 0.03723008190618019
12 0.33955213590358785 0.0010341689418383387 0.32576321667907665 0.01551253412757508 0.3133531893770166 0.026888392487796803 0.31162957447395273 0.03309340613882684 0.2995642701525054 0.041366757673533545 0.29439342544331376 0.047571771324563576 0.2902567496759604 0.05636220733018946 0.2812939521800281 0.06877223463224952 0.2733653236259342 0.08221643087614793 0.2716417087228703 0.08738727558533962 0.2781914453545131 0.07807975510879457 0.29094619563718593 0.06153305203938115 0.2950828714045393 0.05325970050467444 0.3078376216872121 0.04084967320261437 0.31645569620253167 0.035161744022503515 0.3188687570668211 0.02999089931331182 0.3405863048454262 0.006205013651030032
12 0.3078376216872121 0.0036195912964341855 0.29439342544331376 0.017063787540332588 0.28232812112186645 0.03257632166790767 0.2743994925677725 0.0387813353189377 0.27267587766470863 0.0387813353189377 0.2699180938198064 0.04343509555721022 0.26543669507184026 0.05119136262099776 0.2619894652657125 0.06463555886489616 0.2606105733432613 0.0842847687598246 0.26405780314938915 0.06049888309754282 0.26957337083919364 0.04653760238272524 0.2802597832381898 0.037747166377099364 0.28887785775350927 0.026888392487796803 0.2995642701525054 0.01499544965665591
12 0.20269711260031437 0.0723918259286837 0.21407297096053612 0.06308430545213865 0.22648299826259619 0.05636220733018946 0.23820357960343067 0.041366757673533545 0.24923471498303962 0.026371308016877634 0.25923168142081027 0.006205013651030032 0.26371308016877637 0.0010341689418383387 0.25923168142081027 0.014478365185736742 0.24888999200242687 0.03257632166790767 0.2357905187391412 0.04860594026640192 0.21717547778605112 0.06773806569041119
12 0.22613827528198335 0.0723918259286837 0.23854830258404347 0.064118474393977 0.24923471498303962 0.05584512285927029 0.2550950056534569 0.04343509555721022 0.2623341882463252 0.022751716720443453 0.2747442155483853 0.012410027302060063 0.2792256142963514 0.010858773889302556 0.2664708640136786 0.023785885662281788 0.2619894652657125 0.03464465955158435 0.25475028267284405 0.05067427815007859 0.24751110007997573 0.064118474393977
12 0.2340669038360773 0.2631959956978572 0.24820054604120126 0.2833622900637048 0.26405780314938915 0.3076652601969057 0.27267587766470863 0.32989989244643 0.28060450621880256 0.34644659551584345 0.2895673037147348 0.35885662281790354 0.29094619563718593 0.36299329858525686 0.28232812112186645 0.3562712004633077 0.2702628168004192 0.3335194837428642 0.25854223545958466 0.3050798378423099 0.23854830258404347 0.27457185405807893 0.23165384297178784 0.25854223545958466
12 0.23199856595240062 0.33972449739389426 0.24647693113813737 0.35161744022503516 0.259576404401423 0.37178373459088276 0.2743994925677725 0.38367667742202366 0.29163564159841154 0.39195002895673037 0.27750199939328757 0.39143294448581123 0.26130001930448693 0.3774716637709936 0.24820054604120126 0.3593737072888227 0.23889302556465625 0.3474807644576818
12 0.22958550508811118 0.4126334077934971 0.24440859325446068 0.4167700835608505 0.25854223545958466 0.41625299908993135 0.27371004660654696 0.41625299908993135 0.283017567083092 0.41987259038636554 0.29611704034637765 0.4157359146190121 0.303356222939246 0.41418466120625463 0.29990899313311825 0.4224580127409614 0.28612007390860705 0.42400926615371887 0.27371004660654696 0.4224580127409614 0.2581975124789719 0.42297509721188054 0.2440638702738479 0.4203896748572847
12 0.2575080665177463 0.5419045255232895 0.26543669507184026 0.5201869777446844 0.2747442155483853 0.501054852320675 0.2857753509279943 0.4845081492512617 0.29990899313311825 0.4689956151236866 0.2837070130443176 0.47933730454206996 0.27233115468409586 0.4927815007859684 0.262678911226938 0.5093282038553818
12 0.33438129119439614 0.5098452883263009 0.3316235073494939 0.5227724000992802 0.3285210005239789 0.5393191031686936 0.320592371969885 0.5579341441217838 0.31300846639640384 0.5662074956564904 0.3068034527453738 0.5739637627202779 0.3009431620749565 0.5822371142549847 0.2981853782300543 0.5874079589641763 0.29577231736576487 0.5956813104988831 0.3016326080361821 0.586373790022338 0.3102506825515016 0.5749979316621163 0.31714514216375717 0.5646562422437329 0.32645266264030226 0.5486266236452387 0.3336918452331706 0.5325970050467443
12 0.31266374341579106 0.5729295937784397 0.31438735831885495 0.5848225366095805 0.31714514216375717 0.5930958881442873 0.3178345881249827 0.6060229999172664 0.31576625024130606 0.6153305203938114 0.3192134800474339 0.6008521552080748 0.31714514216375717 0.5874079589641763
12 0.309561236590276 0.5977496483825597 0.3123190204351783 0.6086084222718623 0.31247095994796026 0.6231995167735341 0.31150295821330115 0.6353963386302389 0.31150295821330115 0.6467219589257504 0.3103413561317102 0.661241984945637 0.30859895300932383 0.6725676052411487 0.30859895300932383 0.6865068302202398 0.30859895300932383 0.7030596598829105 0.30956695474398294 0.7207740916271723 0.3107285568255738 0.740521327014218 0.31247095994796026 0.7582357587584797 0.31343896168261937 0.7698517795743891 0.31421336307034664 0.7837910045534802 0.31401976272341486 0.8012150357773442 0.3155685654988694 0.8148638602360375 0.3165365672335285 0.8302550878171174 0.3190533717436422 0.8520351268469474 0.3229253786822786 0.866555152866834 0.33105659325341513 0.8813655794071183 0.3393814081714835 0.8964664064678004 0.34325341511011986 0.9112768330080848 0.34383421615091536 0.9202792491404145 0.34538301892636997 0.9130192361304711 0.3440278164978472 0.897918409069789 0.3378326053960289 0.886011987733482 0.32834618839636964 0.8674263544280272 0.32311897902921044 0.8517447263265495 0.3204085741721649 0.837224700306663 0.3190533717436422 0.8177678654400149 0.31692376792739213 0.797149428491776 0.31692376792739213 0.7832102035126848 0.315955766192733 0.7649149707276276 0.3144069634172784 0.7483621410649568 0.31247095994796026 0.7268725025555247 0.3120837592540966 0.7062540656072855 0.31150295821330115 0.6853452281386488 0.31150295821330115 0.6716964036799555 0.3130517609887557 0.6586283802620575 0.3146005637642103 0.6388811448750116 0.3153749651519376 0.6226187157327386 0.3149877644580739 0.6060658860700678
12 0.4494313317842729 0.47032326444091144 0.4528283940048645 0.48866740043210627 0.4575842811136928 0.5059924177571236 0.46369899311075774 0.5202600790836084 0.4674357615534086 0.5375850964086258 0.4687945864416452 0.5554196730667318 0.46777546777546775 0.5707064530593942 0.46641664288723106 0.5493049610696669 0.4647181117769353 0.5289225877461171 0.4582636935578112 0.5105784517549223 0.4541872188931012 0.5044637397578574 0.45214898156074623 0.517202723085076 0.44909162556221377 0.5355468590762708 0.4450151508975038 0.5538909950674656 0.44127838245485296 0.5742733683910154 0.43890043890043884 0.5915983857160327 0.44195779489897136 0.5645917410623292 0.4460342695636813 0.5416615710733357 0.44909162556221377 0.5197505197505197 0.45180927533868703 0.5024255024255023 0.4528283940048645 0.493253434429905
12 0.28467381408557874 0.5289225877461171 0.2890899949723479 0.5396233337409807 0.2928267634149987 0.5482858424034894 0.2928267634149987 0.5579674697321755 0.2938458820811762 0.5712160123924829 0.2982620629679453 0.5793689617219029 0.30131941896647774 0.5905792670498552 0.29928118163412276 0.6007704537116302 0.2952047069694128 0.6099425217072275 0.28976940741646623 0.6196241490359137 0.29214735097088035 0.6114711997064938 0.2965635318576495 0.6007704537116302 0.29928118163412276 0.5895601483836778 0.29486500074735367 0.5773307243895478 0.29214735097088035 0.5676490970608618 0.29214735097088035 0.5579674697321755 0.28671205141793377 0.5676490970608618 0.28025763319880964 0.5788594023888142 0.2775399834223363 0.5880314703844115 0.27448262742380386 0.6012800130447189 0.2738032149796855 0.5910888263829439 0.27787968964439547 0.5758020463902817 0.2833149891973421 0.5635726223961517 0.2877311700841112 0.556948351065998 0.2901091136385254 0.5493049610696669 0.2880708763061704 0.5375850964086258