0 0.2888198757763975 0.453610248447205 0.020186335403726708 0.015139751552795032
0 0.31495859213250516 0.4547748447204969 0.028985507246376812 0.015139751552795032
0 0.3136645962732919 0.47593167701863354 0.023291925465838508 0.016304347826086956
0 0.35429606625258797 0.4722437888198758 0.020186335403726708 0.010869565217391304
0 0.42650103519668736 0.3703416149068323 0.018115942028985508 0.013975155279503106
0 0.3030538302277433 0.4095496894409938 0.021221532091097308 0.013975155279503106
0 0.5134575569358178 0.36626552795031053 0.012422360248447204 0.006987577639751553
0 0.5618530020703933 0.3924689440993789 0.016045548654244308 0.01591614906832298
0 0.6374223602484472 0.44448757763975155 0.014492753623188406 0.013975155279503106
0 0.602743271221532 0.4594332298136646 0.023809523809523808 0.014751552795031056
0 0.650103519668737 0.4934006211180124 0.04710144927536232 0.025232919254658384
0 0.6400103519668737 0.5419254658385093 0.019668737060041408 0.010869565217391304
0 0.6744306418219461 0.5394021739130435 0.053830227743271224 0.04076086956521739
0 0.69824016563147 0.6581909937888198 0.014492753623188406 0.025232919254658384
0 0.6899585921325052 0.7270962732919255 0.028467908902691512 0.051630434782608696
0 0.5755693581780539 0.7156444099378882 0.03467908902691511 0.02562111801242236
0 0.5300207039337475 0.6892468944099379 0.023291925465838508 0.02406832298136646
0 0.49508281573498963 0.6315993788819876 0.025879917184265012 0.03493788819875776
0 0.6174948240165632 0.6182065217391305 0.08333333333333333 0.049689440993788817
0 0.6195652173913043 0.6500388198757764 0.025362318840579712 0.019409937888198756
0 0.6627846790890269 0.6921583850931677 0.024844720496894408 0.027950310559006212
0 0.6330227743271222 0.6805124223602484 0.023291925465838508 0.028338509316770188
0 0.6014492753623188 0.671777950310559 0.028467908902691512 0.021739130434782608
0 0.6853002070393375 0.6026785714285714 0.017598343685300208 0.020574534161490684
0 0.26526915113871635 0.6626552795031055 0.018115942028985508 0.021739130434782608
0 0.25698757763975155 0.6892468944099379 0.014492753623188406 0.015139751552795032
0 0.5349378881987578 0.8237577639751553 0.036231884057971016 0.028338509316770188
0 0.42365424430641824 0.7265139751552795 0.016563146997929608 0.01358695652173913
0 0.7339544513457557 0.8359860248447205 0.016045548654244308 0.021350931677018632
0 0.6288819875776398 0.8253105590062112 0.021221532091097308 0.010869565217391304
0 0.6143892339544513 0.8522903726708074 0.018115942028985508 0.01048136645962733
0 0.5367494824016563 0.6513975155279503 0.016563146997929608 0.017857142857142856
0 0.4591097308488613 0.7709627329192547 0.022256728778467908 0.019409937888198756
0 0.5232919254658385 0.625194099378882 0.020186335403726708 0.014751552795031056
0 0.5566770186335404 0.6737189440993789 0.021739130434782608 0.02872670807453416