0 0.40476190476190477 0.42507763975155277 0.026397515527950312 0.018633540372670808
0 0.49404761904761907 0.3695652173913043 0.014492753623188406 0.011645962732919254
0 0.6174948240165632 0.3707298136645963 0.015527950310559006 0.010869565217391304
0 0.6268115942028986 0.4136257763975155 0.019151138716356108 0.01203416149068323
0 0.6589026915113871 0.4427406832298137 0.024327122153209108 0.014751552795031056
0 0.6312111801242236 0.7006987577639752 0.025879917184265012 0.017080745341614908
0 0.49560041407867494 0.8057065217391305 0.03881987577639751 0.02406832298136646
0 0.5491718426501035 0.6172360248447205 0.026397515527950312 0.016692546583850932
0 0.5411490683229814 0.6492624223602484 0.011904761904761904 0.01048136645962733
0 0.510351966873706 0.6655667701863354 0.009316770186335404 0.008152173913043478
0 0.520703933747412 0.7443711180124224 0.023809523809523808 0.017857142857142856
0 0.3421325051759834 0.5896739130434783 0.019151138716356108 0.01358695652173913
0 0.37629399585921325 0.5762810559006211 0.018633540372670808 0.015139751552795032
0 0.3454968944099379 0.6271350931677019 0.023291925465838508 0.02251552795031056
0 0.4117494824016563 0.5974378881987578 0.019151138716356108 0.026397515527950312
0 0.38457556935817805 0.6034549689440993 0.025362318840579712 0.02717391304347826
0 0.38561076604554867 0.6383928571428571 0.010869565217391304 0.014751552795031056
0 0.36257763975155277 0.6467391304347826 0.023809523809523808 0.029503105590062112
0 0.338768115942029 0.6752717391304348 0.026915113871635612 0.022127329192546584
0 0.3641304347826087 0.6770186335403726 0.023291925465838508 0.028338509316770188
0 0.4518633540372671 0.6634316770186336 0.03157349896480331 0.014751552795031056
0 0.4065734989648033 0.6480978260869565 0.032091097308488616 0.05434782608695652
0 0.44591097308488614 0.7360248447204969 0.026915113871635612 0.02251552795031056
0 0.4932712215320911 0.6975931677018633 0.038302277432712216 0.02406832298136646
0 0.48188405797101447 0.7274844720496895 0.028985507246376812 0.029503105590062112
0 0.5010351966873706 0.594332298136646 0.016563146997929608 0.01048136645962733
0 0.4829192546583851 0.5822981366459627 0.012422360248447204 0.011645962732919254
0 0.4803312629399586 0.6356754658385093 0.029503105590062112 0.022127329192546584
0 0.43995859213250516 0.6325698757763976 0.015527950310559006 0.01358695652173913
0 0.4365942028985507 0.5999611801242236 0.020703933747412008 0.01746894409937888
0 0.4019151138716356 0.7166149068322981 0.021739130434782608 0.019798136645962732
0 0.4552277432712215 0.687305900621118 0.015010351966873706 0.014751552795031056
0 0.3351449275362319 0.6942934782608695 0.015010351966873706 0.015527950310559006
0 0.5654761904761905 0.36257763975155277 0.016045548654244308 0.01203416149068323
0 0.59472049689441 0.3575310559006211 0.015527950310559006 0.007375776397515528
0 0.7243788819875776 0.375 0.013457556935817806 0.01281055900621118
0 0.7880434782608695 0.6333462732919255 0.011904761904761904 0.01746894409937888
0 0.4277950310559006 0.7917313664596274 0.03364389233954451 0.019409937888198756