12 0.4050646459457145 0.06956931244113365 0.4321788395125153 0.05565544995290692 0.47641778691097986 0.04388218169363815 0.5120943573936124 0.04388218169363815 0.5606144932499929 0.04388218169363815 0.6112752233353311 0.049233667266033045 0.6455247309986586 0.05244455860946999 0.6933313354453863 0.08562376915831833 0.6933313354453863 0.08562376915831833 0.6362488226731741 0.051374261494991004 0.5955775323229728 0.050303964380512024 0.5377814881411079 0.04816337015155407 0.5085267003453492 0.04602277592259611 0.46428775294688474 0.04816337015155407 0.42575705682564147 0.05779604418186488 0.40863230299397785 0.06849901532665469 0.41790821131946226 0.06956931244113365
12 0.41362702286154635 0.09953763164654508 0.4378870907897366 0.07063960955561263 0.5013913862488226 0.06421782686873875 0.5434897394183291 0.07599109512800753 0.5855880925878357 0.07599109512800753 0.6077075662870679 0.07920198647144447 0.6326811656249108 0.07920198647144447 0.6740659873847646 0.10595941433341895 0.6954719296743442 0.13164654508091445 0.6733524559751121 0.103818820104461 0.6376758854924793 0.07813168935696549 0.6112752233353311 0.07706139224248651 0.5848745611781831 0.07706139224248651 0.5384950195507606 0.07492079801352856 0.502818449068128 0.06528812398321775 0.4864072266461169 0.07492079801352856 0.48212603818820104 0.07170990667009161 0.4521577189827896 0.06849901532665469 0.43717355938008395 0.07278020378457059 0.41077289722293575 0.09953763164654508
12 0.4318679386995222 0.11266120139987536 0.45623791488885695 0.10487079917541589 0.4770123208207489 0.09947744378925163 0.5089729453313518 0.10127522891797307 0.5265512888121834 0.11266120139987536 0.5325439059079214 0.1306390526870895 0.5233552263611231 0.11685603336689199 0.5125685155887946 0.10367227575626828 0.4862010003675472 0.10247375233712068 0.4714192115313933 0.10247375233712068 0.4598334851462998 0.10726784601371112 0.445850711922911 0.11146267798072775 0.43466449334419993 0.11745529507646581
12 0.532943413714304 0.10367227575626828 0.5465266791313103 0.1162567716573182 0.561308467967464 0.1162567716573182 0.5796858270610608 0.11206193969030157 0.5956661393163623 0.11985234191476102 0.6124454671844287 0.12165012704348244 0.6260287326014351 0.13783019320197518 0.6400115058248238 0.1647969701327964 0.6340188887290858 0.1420250251689918 0.6220336545376097 0.13663166978282756 0.6132444827971939 0.12224938875305624 0.6004602329929527 0.12224938875305624 0.5792863192546783 0.11026415456158013 0.5621074835802292 0.11385972481902297 0.5509212650015181 0.1162567716573182 0.5485242181632229 0.1162567716573182
12 0.6272272560205826 0.10487079917541589 0.6452051073077968 0.1270434824296467 0.6519967400162999 0.1264442207200729 0.6655800054333062 0.13723093149240137 0.6771657318183998 0.15520878277961553 0.6811608098822252 0.16060213816577976 0.6879524425907282 0.1653962318423702 0.7075283251034725 0.20434824296466753 0.6883519503971107 0.16299918500407498 0.6767662240120172 0.1528117359413203 0.6515972322099174 0.1264442207200729 0.6412100292439714 0.12224938875305624
12 0.5029803282356138 0.11206193969030157 0.4981862345590233 0.1294405292679419 0.48180641449733924 0.14861690397430366 0.4858014925611646 0.13842945491154898 0.49658820333349313 0.1288412675583681
12 0.3875225721910606 0.055132077280790066 0.41508861083145565 0.03236013231698547 0.439858094827173 0.01977563641593557 0.46902216469309815 0.011985234191476101 0.4997842657845534 0.008988925643607077 0.5181616248781502 0.007191140514885661 0.5397350464228071 0.02217268325423079 0.5573133899036387 0.012584495901049906 0.5956661393163623 0.012584495901049906 0.6376144589865286 0.019176374706361764 0.6539942790482126 0.02097415983508318 0.6651804976269237 0.03415791744570689 0.6480016619524746 0.02456973009252601 0.6272272560205826 0.02217268325423079 0.5936686002844496 0.013783019320197517 0.5549163430653435 0.016779327868066542 0.5417325854547198 0.023371206673378397 0.515764578039855 0.007191140514885661 0.4873995237866949 0.009588187353180882 0.45184332901864904 0.015580804448918933 0.42427729037825396 0.02696677693082123 0.41229205618677794 0.033558655736133085
12 0.39830928296338913 0.09348482669351359 0.41189254838039535 0.10367227575626828 0.4254758137974016 0.10966489285200634 0.43026990747399213 0.11505824823817058 0.41069402496124774 0.10666858430413731 0.3979097751570066 0.10127522891797307
12 0.5177621170717677 0.11985234191476102 0.5113699921696471 0.13543314636367995 0.5113699921696471 0.14681911884558224 0.5161640858462374 0.16659475526151782 0.5065758984930565 0.19056522364447 0.506176390686674 0.18397334483915817 0.5125685155887946 0.16779327868066543 0.5137670390079423 0.14861690397430366 0.5129680233951771 0.13663166978282756
12 0.5481247103568404 0.1180545567860396 0.5461271713249277 0.1270434824296467 0.5437301244866325 0.14262428687856563 0.5437301244866325 0.16779327868066543 0.5465266791313103 0.1402272400402704 0.5461271713249277 0.1306390526870895
12 0.5617079757738466 0.12284865046263004 0.5617079757738466 0.1396279783306966 0.5581124055164038 0.15460952107004172 0.5605094523546991 0.17558368090512488 0.5684996084823498 0.20314971954551994 0.5633060069993767 0.18337408312958436 0.5585119133227864 0.1647969701327964 0.5605094523546991 0.14562059542643463