0 0.5982142857142857 0.5900804924242424 0.08003826530612244 0.04261363636363636
0 0.6758609693877551 0.5517282196969697 0.08609693877551021 0.04521780303030303
0 0.6430165816326531 0.6228693181818182 0.11766581632653061 0.04214015151515151
0 0.5907206632653061 0.6635890151515151 0.03475765306122449 0.023910984848484848
0 0.654655612244898 0.6607481060606061 0.017857142857142856 0.009232954545454546
0 0.6221301020408163 0.7099905303030303 0.052614795918367346 0.04261363636363636
0 0.5550063775510204 0.760061553030303 0.062181122448979595 0.03598484848484849
0 0.47815688775510207 0.7684659090909091 0.04528061224489796 0.041666666666666664
0 0.3435905612244898 0.5703125 0.05803571428571429 0.031486742424242424
0 0.3391262755102041 0.6244081439393939 0.06154336734693878 0.028882575757575756
0 0.2928890306122449 0.5703125 0.0389030612244898 0.06912878787878787
0 0.25191326530612246 0.5517282196969697 0.03220663265306122 0.050189393939393936
0 0.27248086734693877 0.6223958333333334 0.029336734693877552 0.035037878787878785
0 0.35427295918367346 0.5984848484848485 0.07653061224489796 0.026988636363636364
0 0.25605867346938777 0.4679214015151515 0.026785714285714284 0.04024621212121212
0 0.2627551020408163 0.41761363636363635 0.018494897959183673 0.035037878787878785
0 0.39285714285714285 0.4003314393939394 0.018494897959183673 0.020833333333333332
0 0.4343112244897959 0.4120501893939394 0.050701530612244895 0.03409090909090909
0 0.5221619897959183 0.4122869318181818 0.08705357142857142 0.030539772727272728
0 0.4845344387755102 0.4504024621212121 0.054209183673469385 0.031486742424242424
0 0.48963647959183676 0.3611505681818182 0.024553571428571428 0.01680871212121212
0 0.5424107142857143 0.5450994318181818 0.028698979591836735 0.03716856060606061
0 0.41310586734693877 0.5400094696969697 0.028698979591836735 0.031013257575757576
0 0.3319515306122449 0.5395359848484849 0.019770408163265307 0.01680871212121212
0 0.4958545918367347 0.5512547348484849 0.02040816326530612 0.008522727272727272
0 0.4725765306122449 0.5649857954545454 0.017857142857142856 0.023910984848484848
0 0.44595025510204084 0.5804924242424242 0.022002551020408163 0.04071969696969697
0 0.4877232142857143 0.5984848484848485 0.02614795918367347 0.015861742424242424
0 0.5092474489795918 0.5774147727272727 0.044642857142857144 0.030539772727272728
0 0.40481505102040816 0.7558001893939394 0.031568877551020405 0.016335227272727272
0 0.4205994897959184 0.7697679924242424 0.02040816326530612 0.014678030303030304
0 0.37404336734693877 0.7150804924242424 0.05325255102040816 0.031486742424242424
0 0.31855867346938777 0.6734138257575758 0.03826530612244898 0.03669507575757576
0 0.358577806122449 0.6620501893939394 0.015625 0.015861742424242424