0 0.5514987244897959 0.37748579545454547 0.024872448979591837 0.019412878787878788
0 0.5993303571428571 0.4024621212121212 0.03826530612244898 0.05350378787878788
0 0.6694834183673469 0.4151278409090909 0.07940051020408163 0.04095643939393939
0 0.3773915816326531 0.3919270833333333 0.04177295918367347 0.03787878787878788
0 0.37802933673469385 0.4364346590909091 0.02774234693877551 0.015151515151515152
0 0.33944515306122447 0.45158617424242425 0.01403061224489796 0.012073863636363636
0 0.5593112244897959 0.5249763257575758 0.0389030612244898 0.031486742424242424
0 0.4893176020408163 0.5433238636363636 0.05325255102040816 0.019886363636363636
0 0.4888392857142857 0.5930397727272727 0.07366071428571429 0.05516098484848485
0 0.3703762755102041 0.4558475378787879 0.01211734693877551 0.012073863636363636
0 0.33816964285714285 0.5168087121212122 0.028380102040816327 0.031013257575757576
0 0.3840880102040816 0.5267518939393939 0.046875 0.03953598484848485
0 0.43399234693877553 0.5523200757575758 0.043048469387755105 0.05350378787878788
0 0.41214923469387754 0.6342329545454546 0.03188775510204082 0.029356060606060608
0 0.3826530612244898 0.5829782196969697 0.06951530612244898 0.046875
0 0.45663265306122447 0.6409801136363636 0.029017857142857144 0.03006628787878788
0 0.4247448979591837 0.6848958333333334 0.02774234693877551 0.028409090909090908
0 0.48612882653061223 0.7077414772727273 0.02264030612244898 0.017282196969696968
0 0.5058992346938775 0.7432528409090909 0.02391581632653061 0.015861742424242424
0 0.5993303571428571 0.7359138257575758 0.015625 0.014678030303030304
0 0.5778061224489796 0.7729640151515151 0.029017857142857144 0.018465909090909092
0 0.6042729591836735 0.7492897727272727 0.019770408163265307 0.016335227272727272
0 0.6634247448979592 0.7128314393939394 0.04751275510204082 0.031486742424242424
0 0.6977040816326531 0.5793087121212122 0.05229591836734694 0.052556818181818184
0 0.6068239795918368 0.5435606060606061 0.024872448979591837 0.027225378787878788
0 0.7313456632653061 0.5845170454545454 0.02614795918367347 0.038825757575757576
0 0.6436543367346939 0.3497869318181818 0.014987244897959183 0.014204545454545454
0 0.47480867346938777 0.5214251893939394 0.019770408163265307 0.021070075757575756
0 0.4534438775510204 0.6717566287878788 0.015625 0.013731060606060606
0 0.34024234693877553 0.5566998106060606 0.012755102040816327 0.024147727272727272