0 0.5030293367346939 0.5622632575757576 0.021364795918367346 0.013731060606060606
0 0.45982142857142855 0.5698390151515151 0.03411989795918367 0.012073863636363636
0 0.44180484693877553 0.525686553030303 0.02774234693877551 0.028882575757575756
0 0.4765625 0.49976325757575757 0.0899234693877551 0.03787878787878788
0 0.40465561224489793 0.4791666666666667 0.03539540816326531 0.04214015151515151
0 0.32987882653061223 0.525686553030303 0.02774234693877551 0.021543560606060608
0 0.35012755102040816 0.4805871212121212 0.041135204081632654 0.03196022727272727
0 0.5851403061224489 0.41169507575757575 0.02391581632653061 0.03196022727272727
0 0.6280293367346939 0.42353219696969696 0.03475765306122449 0.01775568181818182
0 0.5964604591836735 0.4823626893939394 0.08354591836734694 0.049479166666666664
0 0.5688775510204082 0.5659327651515151 0.05102040816326531 0.03669507575757576
0 0.5455994897959183 0.5336174242424242 0.06951530612244898 0.028882575757575756
0 0.4658801020408163 0.5469933712121212 0.04751275510204082 0.027225378787878788
0 0.5146683673469388 0.595407196969697 0.030293367346938774 0.015861742424242424
0 0.43941326530612246 0.6518702651515151 0.03667091836734694 0.02793560606060606
0 0.40896045918367346 0.6568418560606061 0.03125 0.011600378787878788
0 0.35299744897959184 0.6561316287878788 0.026785714285714284 0.019412878787878788
0 0.3947704081632653 0.7015861742424242 0.019770408163265307 0.029356060606060608
0 0.3494897959183674 0.6886837121212122 0.03667091836734694 0.014204545454545454
0 0.3327487244897959 0.7076231060606061 0.016262755102040817 0.014204545454545454
0 0.4942602040816326 0.6348248106060606 0.022002551020408163 0.015861742424242424
0 0.44467474489795916 0.58984375 0.036033163265306124 0.019412878787878788
0 0.5314094387755102 0.6555397727272727 0.032525510204081634 0.020596590909090908
0 0.2503188775510204 0.49573863636363635 0.05963010204081633 0.017282196969696968
0 0.21843112244897958 0.5034327651515151 0.021364795918367346 0.059895833333333336
0 0.25175382653061223 0.5514914772727273 0.02264030612244898 0.03409090909090909
0 0.27901785714285715 0.6442945075757576 0.022002551020408163 0.012547348484848484
0 0.45137117346938777 0.6960227272727273 0.02264030612244898 0.009943181818181818
0 0.4284119897959184 0.6826467803030303 0.024872448979591837 0.008522727272727272
0 0.33529974489795916 0.3690814393939394 0.025510204081632654 0.017282196969696968
0 0.30723852040816324 0.3365293560606061 0.030293367346938774 0.019412878787878788
0 0.2732780612244898 0.33357007575757575 0.014987244897959183 0.012547348484848484
0 0.4038584183673469 0.33570075757575757 0.02965561224489796 0.023200757575757576
0 0.3671875 0.35984848484848486 0.021364795918367346 0.014678030303030304