0 0.43645833333333334 0.50125 0.024305555555555556 0.01375
0 0.6013888888888889 0.5909375 0.024305555555555556 0.026875
0 0.30416666666666664 0.52671875 0.07916666666666666 0.0121875
0 0.22569444444444445 0.5228125 0.025694444444444443 0.0084375
0 0.29305555555555557 0.57640625 0.03125 0.0146875
0 0.1920138888888889 0.594375 0.0375 0.03375
0 0.34965277777777776 0.6821875 0.01875 0.01375
0 0.5201388888888889 0.681875 0.030555555555555555 0.013125
0 0.7263888888888889 0.6003125 0.022222222222222223 0.013125
0 0.6697916666666667 0.5359375 0.025694444444444443 0.0178125
0 0.5475694444444444 0.4021875 0.04097222222222222 0.019375
0 0.5260416666666666 0.38140625 0.020833333333333332 0.009375
0 0.49895833333333334 0.3609375 0.020833333333333332 0.0125
0 0.4329861111111111 0.390625 0.02013888888888889 0.0078125
0 0.3472222222222222 0.3525 0.01875 0.00625
0 0.4027777777777778 0.308125 0.013194444444444444 0.0090625
0 0.6510416666666666 0.3265625 0.020833333333333332 0.0090625
0 0.5680555555555555 0.30046875 0.01875 0.009375
0 0.5236111111111111 0.29421875 0.02361111111111111 0.00625
0 0.36354166666666665 0.36828125 0.01875 0.010625
0 0.3232638888888889 0.3578125 0.029166666666666667 0.0075
0 0.34652777777777777 0.3275 0.03611111111111111 0.020625
0 0.2767361111111111 0.31 0.029166666666666667 0.0115625