0 0.4204861111111111 0.6225 0.03680555555555556 0.030625
0 0.6069444444444444 0.62375 0.02847222222222222 0.0165625
0 0.48819444444444443 0.55515625 0.034027777777777775 0.0203125
0 0.5291666666666667 0.55390625 0.022916666666666665 0.0103125
0 0.6829861111111111 0.50875 0.03125 0.0203125
0 0.6774305555555555 0.47125 0.07083333333333333 0.0203125
0 0.3548611111111111 0.4121875 0.029861111111111113 0.00875
0 0.4267361111111111 0.38546875 0.035416666666666666 0.0115625
0 0.46493055555555557 0.38171875 0.04652777777777778 0.00875
0 0.409375 0.3315625 0.025694444444444443 0.0128125
0 0.20868055555555556 0.40109375 0.022916666666666665 0.0121875
0 0.3076388888888889 0.5434375 0.03125 0.0184375
0 0.590625 0.53484375 0.027083333333333334 0.0115625
0 0.5559027777777777 0.55640625 0.022916666666666665 0.0178125
0 0.38819444444444445 0.73265625 0.04791666666666667 0.0159375
0 0.47708333333333336 0.7228125 0.02847222222222222 0.0115625
0 0.7055555555555556 0.59203125 0.05347222222222222 0.0128125
0 0.8114583333333333 0.625 0.03125 0.0178125
0 0.46631944444444445 0.57640625 0.020833333333333332 0.0134375
0 0.3909722222222222 0.55546875 0.02847222222222222 0.0134375
0 0.5770833333333333 0.348125 0.03125 0.0103125
0 0.4930555555555556 0.3540625 0.035416666666666666 0.0196875