0 0.2332516339869281 0.6360294117647058 0.039624183006535946 0.027573529411764705
0 0.3188316993464052 0.5657169117647058 0.024101307189542485 0.011642156862745098
0 0.2914624183006536 0.5744485294117647 0.021241830065359478 0.012561274509803922
0 0.3255718954248366 0.5868566176470589 0.015522875816993464 0.012561274509803922
0 0.3145424836601307 0.6340379901960784 0.021241830065359478 0.026348039215686275
0 0.47671568627450983 0.5882352941176471 0.025735294117647058 0.015318627450980392
0 0.47855392156862747 0.563265931372549 0.029411764705882353 0.026348039215686275
0 0.6162173202614379 0.5661764705882353 0.016748366013071895 0.018075980392156864
0 0.6282679738562091 0.5980392156862745 0.04820261437908497 0.012561274509803922
0 0.47263071895424835 0.4091605392156863 0.01919934640522876 0.014399509803921568
0 0.3852124183006536 0.18091299019607843 0.027777777777777776 0.012561274509803922
0 0.47671568627450983 0.3069852941176471 0.025735294117647058 0.013786764705882353
0 0.49979575163398693 0.2699142156862745 0.025735294117647058 0.015931372549019607
0 0.48651960784313725 0.3665747549019608 0.030637254901960783 0.023590686274509803
0 0.5441176470588235 0.25076593137254904 0.03145424836601307 0.012561274509803922
0 0.4279003267973856 0.3322610294117647 0.04656862745098039 0.020526960784313725
0 0.25612745098039214 0.6645220588235294 0.04861111111111111 0.02971813725490196
0 0.2804330065359477 0.6328125 0.024509803921568627 0.01991421568627451