0 0.44841269841269843 0.6019163763066202 0.026785714285714284 0.01720383275261324
0 0.4871031746031746 0.6087761324041812 0.020337301587301588 0.005879790940766551
0 0.5151289682539683 0.5896123693379791 0.02132936507936508 0.005879790940766551
0 0.6684027777777778 0.46831445993031356 0.06746031746031746 0.01088850174216028
0 0.2534722222222222 0.4817073170731707 0.0248015873015873 0.007404181184668989
0 0.29538690476190477 0.4792029616724739 0.015873015873015872 0.006315331010452962
0 0.29662698412698413 0.4647212543554007 0.016865079365079364 0.008493031358885017
0 0.5525793650793651 0.2978005226480836 0.039186507936507936 0.012412891986062718
0 0.5017361111111112 0.2804878048780488 0.023313492063492064 0.00979965156794425
0 0.48487103174603174 0.23573606271777003 0.02132936507936508 0.014808362369337979
0 0.47023809523809523 0.22027439024390244 0.016865079365079364 0.008928571428571428
0 0.43278769841269843 0.2149390243902439 0.041666666666666664 0.0078397212543554
0 0.390625 0.2544642857142857 0.028273809523809524 0.011759581881533102
0 0.3705357142857143 0.2682926829268293 0.03125 0.00979965156794425
0 0.3648313492063492 0.2495644599303136 0.015873015873015872 0.00979965156794425
0 0.3410218253968254 0.2540287456445993 0.013392857142857142 0.006315331010452962
0 0.5570436507936508 0.20230836236933797 0.030257936507936508 0.007404181184668989
0 0.5240575396825397 0.20916811846689895 0.017857142857142856 0.008493031358885017
0 0.4568452380952381 0.18466898954703834 0.034722222222222224 0.008928571428571428
0 0.3975694444444444 0.19425087108013936 0.032242063492063495 0.0078397212543554
0 0.31398809523809523 0.2869120209059233 0.02132936507936508 0.009364111498257839
0 0.26686507936507936 0.2854965156794425 0.023313492063492064 0.008275261324041812
0 0.3273809523809524 0.23214285714285715 0.023313492063492064 0.0078397212543554
0 0.38169642857142855 0.22887630662020905 0.03571428571428571 0.00979965156794425
0 0.8206845238095238 0.2978005226480836 0.015873015873015872 0.0078397212543554
0 0.7172619047619048 0.289198606271777 0.019345238095238096 0.006315331010452962
0 0.6803075396825397 0.25174216027874563 0.022321428571428572 0.0078397212543554
0 0.626984126984127 0.21341463414634146 0.025793650793650792 0.01088850174216028
0 0.591765873015873 0.19599303135888502 0.032242063492063495 0.01524390243902439
0 0.6264880952380952 0.19196428571428573 0.023313492063492064 0.008493031358885017
0 0.6274801587301587 0.22375871080139373 0.017857142857142856 0.00979965156794425
0 0.5471230158730159 0.2542465156794425 0.017857142857142856 0.007404181184668989
0 0.5049603174603174 0.25468205574912894 0.015376984126984126 0.012195121951219513
0 0.4154265873015873 0.3041158536585366 0.0248015873015873 0.009364111498257839
0 0.4035218253968254 0.27243031358885017 0.029265873015873016 0.012412891986062718
0 0.47966269841269843 0.2569686411149826 0.028273809523809524 0.010452961672473868
0 0.4409722222222222 0.2984538327526132 0.013392857142857142 0.008275261324041812
0 0.46899801587301587 0.31794425087108014 0.023313492063492064 0.014372822299651568
0 0.503968253968254 0.3023736933797909 0.022321428571428572 0.02068815331010453
0 0.470734126984127 0.2792900696864111 0.02132936507936508 0.010452961672473868
0 0.5245535714285714 0.23573606271777003 0.03273809523809524 0.006968641114982578
0 0.5076884920634921 0.2224520905923345 0.016865079365079364 0.008493031358885017
0 0.4871031746031746 0.21417682926829268 0.013392857142857142 0.008493031358885017
0 0.45014880952380953 0.2024172473867596 0.04811507936507937 0.011759581881533102
0 0.38070436507936506 0.5554224738675958 0.026785714285714284 0.008493031358885017
0 0.2978670634920635 0.4413109756097561 0.032242063492063495 0.012412891986062718
0 0.5280257936507936 0.35039198606271776 0.016865079365079364 0.008275261324041812
0 0.486359126984127 0.33710801393728224 0.025793650793650792 0.008928571428571428
0 0.4652777777777778 0.36389372822299654 0.017857142857142856 0.006968641114982578
0 0.4124503968253968 0.20503048780487804 0.020337301587301588 0.00979965156794425
0 0.49032738095238093 0.19501306620209058 0.02132936507936508 0.0039198606271777
0 0.515625 0.2815766550522648 0.015376984126984126 0.01284843205574913
0 0.5907738095238095 0.2544642857142857 0.01240079365079365 0.008493031358885017
0 0.5704365079365079 0.23965592334494773 0.017857142857142856 0.008493031358885017
0 0.5302579365079365 0.2620862369337979 0.023313492063492064 0.00979965156794425
0 0.32415674603174605 0.19621080139372823 0.020337301587301588 0.009364111498257839
0 0.675843253968254 0.23138066202090593 0.013392857142857142 0.009364111498257839
0 0.6242559523809523 0.24150696864111498 0.018849206349206348 0.006315331010452962