0 0.5825892857142857 0.4935757839721254 0.08035714285714286 0.006968641114982578
0 0.390625 0.41147648083623695 0.021825396825396824 0.006533101045296167
0 0.3638392857142857 0.3975391986062718 0.023809523809523808 0.008275261324041812
0 0.36532738095238093 0.3150043554006969 0.026785714285714284 0.013937282229965157
0 0.5493551587301587 0.28843641114982577 0.025793650793650792 0.01132404181184669
0 0.4680059523809524 0.3226263066202091 0.025793650793650792 0.011759581881533102
0 0.42584325396825395 0.31478658536585363 0.028769841269841268 0.017857142857142856
0 0.511656746031746 0.30585801393728224 0.041666666666666664 0.013066202090592335
0 0.32663690476190477 0.2969294425087108 0.054563492063492064 0.011759581881533102
0 0.33308531746031744 0.27471689895470386 0.05952380952380952 0.020470383275261322
0 0.28695436507936506 0.22550087108013936 0.022817460317460316 0.011759581881533102
0 0.40749007936507936 0.21003919860627177 0.023809523809523808 0.008710801393728223
0 0.36235119047619047 0.21744337979094078 0.040674603174603176 0.0156794425087108
0 0.298859126984127 0.2581663763066202 0.03273809523809524 0.013501742160278746
0 0.23834325396825398 0.30193815331010454 0.03869047619047619 0.013937282229965157
0 0.294890873015873 0.3444033101045296 0.022817460317460316 0.01088850174216028
0 0.42485119047619047 0.39253048780487804 0.022817460317460316 0.008710801393728223
0 0.3603670634920635 0.3707534843205575 0.018849206349206348 0.008710801393728223
0 0.32514880952380953 0.3248040069686411 0.017857142857142856 0.009146341463414634
0 0.7805059523809523 0.3043336236933798 0.017857142857142856 0.009146341463414634
0 0.730406746031746 0.29322735191637633 0.026785714285714284 0.012195121951219513
0 0.43080357142857145 0.2270252613240418 0.020833333333333332 0.008710801393728223
0 0.36681547619047616 0.2514155052264808 0.021825396825396824 0.010452961672473868
0 0.32663690476190477 0.25272212543554007 0.016865079365079364 0.0078397212543554
0 0.2160218253968254 0.2842987804878049 0.01984126984126984 0.007404181184668989
0 0.6515376984126984 0.4996733449477352 0.015873015873015872 0.006968641114982578
0 0.6525297619047619 0.5116506968641115 0.017857142857142856 0.006533101045296167
0 0.7844742063492064 0.48747822299651566 0.023809523809523808 0.010452961672473868
0 0.7497519841269841 0.45111062717770034 0.013888888888888888 0.006533101045296167
0 0.8390376984126984 0.39122386759581884 0.025793650793650792 0.010452961672473868
0 0.3916170634920635 0.6510235191637631 0.007936507936507936 0.01088850174216028
0 0.7046130952380952 0.5728440766550522 0.030753968253968252 0.009581881533101045
0 0.7328869047619048 0.5286367595818815 0.015873015873015872 0.010017421602787456
0 0.5161210317460317 0.4580792682926829 0.04265873015873016 0.017857142857142856
0 0.576140873015873 0.4532883275261324 0.04563492063492063 0.005662020905923345
0 0.4402281746031746 0.21308797909407665 0.025793650793650792 0.008710801393728223