12 0.4507498583766485 0.31068147934400997 0.48553454119003364 0.30298658202279616 0.5362207932895376 0.28471120088491314 0.6107593993182201 0.27605444139854757 0.6481430333830488 0.27859455285277257 0.6776040803550056 0.27859455285277257 0.7113615300103727 0.27206035225281416 0.6769903085430898 0.2791885710891324 0.6481430333830488 0.2791885710891324 0.6113167246681028 0.2762184799073331 0.5597598924671785 0.2815646440345718 0.529685073683306 0.28631678992545073 0.49040367772069693 0.2987911728890077
12 0.45725999987724564 0.20315423683507083 0.48733481866111816 0.20374825507143068 0.5235473555641483 0.19840209094419198 0.5597598924671785 0.194243963289673 0.6235921609064182 0.19602601799875255 0.6364813689566493 0.1954319997623927 0.6039514629251137 0.19602601799875255 0.5757179595769885 0.19483798152603285 0.5431880535454529 0.1966200362351124 0.5032928857709281 0.20196620036235113 0.47014920792747666 0.20315423683507083
12 0.5223198119403168 0.21800469274406722 0.48856236228494965 0.22335085687130593 0.4505085099461722 0.23523122159850307 0.41490974485505777 0.25067569574385934 0.4505085099461722 0.2376072945439425 0.4879485904730339 0.22394487510766578
12 0.5075892884543384 0.23998336748938193 0.5505533152884421 0.23641925807122277 0.5781730468246515 0.23404318512578337 0.5499395434765263 0.23641925807122277
12 0.5431880535454529 0.3118595740889245 0.5843107649438092 0.31364162879800406 0.6205233018468393 0.31482966527072376 0.663487328680943 0.31720573821616327 0.6984723219601416 0.3142356470343639 0.7389812615465822 0.30591939172532595 0.6978585501482258 0.3142356470343639 0.6641011004928588 0.31720573821616327 0.6211370736587551 0.31482966527072376 0.5824694495080619 0.3130476105616442
12 0.5959724293702088 0.3344322670705991 0.5665113823982519 0.33383824883423924 0.5155683220092434 0.33740235825239834 0.4756731542347186 0.3451245953250765 0.5155683220092434 0.33740235825239834 0.5683526978339992 0.3344322670705991
12 0.6788316239788371 0.3130476105616442 0.6720801340477638 0.3308681576524399 0.671466362235848 0.3540348688704743 0.6782178521669213 0.37957765303394814 0.6886519729694894 0.4080905283792212 0.6776040803550056 0.376013543615789 0.6708525904239322 0.3475006682705159 0.6757627649192584 0.3225519023434019
12 0.6401639998281439 0.33859039472511804 0.6407777716400597 0.3516587959250349 0.6370951407685651 0.3694793430158306 0.6334125098970705 0.3944281089429445 0.631571194461323 0.4170008019246191 0.631571194461323 0.38670587187026645 0.6389364562043124 0.36413317888859187
12 0.3190078992432193 0.44640470462443194 0.33189710729345046 0.46377973803795774 0.3457069730615552 0.48115477145148355 0.36043749654753354 0.49362915441504057 0.3783903220460697 0.5020939142831685 0.3940415032499217 0.49852980486500936 0.3783903220460697 0.5029849416377082 0.3599771676885967 0.49318364073777066 0.3443259864847447 0.4784816893878642 0.3309764495755768 0.4619976833288782
12 0.293689812001694 0.4437316225608126 0.30381704689830413 0.4566515192016395 0.3162459260895984 0.4749175799697051 0.3314367784345136 0.4878374766105319 0.34708795963836564 0.5007573732513588 0.3655011139958386 0.507885592087677 0.38437459721224837 0.5087766194422169 0.3940415032499217 0.5061035373785975 0.38299361063543796 0.5096676467967566 0.361818483124344 0.5065490510558674 0.33972269789537646 0.49585672280139 0.3208492146789666 0.47892720306513403 0.3061186911929883 0.4619976833288782
12 0.40601005358227915 0.5087766194422169 0.39312084553204807 0.5154593246012653 0.36964407372627006 0.5145682972467255 0.3457069730615552 0.5087766194422169 0.3240715166915244 0.499866345896819 0.3084203354876724 0.4856099082241825 0.3240715166915244 0.5007573732513588 0.3466276307794288 0.5096676467967566 0.3701044025852068 0.5154593246012653 0.3912795300963008 0.516350351955805
12 0.4354711005542359 0.5199144613739641 0.42442320793975213 0.5185779203421544 0.406470382441216 0.5216965160830437 0.38437459721224837 0.5274881938875523 0.36319946970115446 0.5314978169829814 0.3392623690364396 0.5341708990466008 0.31854757038428255 0.5310523033057115 0.30381704689830413 0.5225875434375835 0.28678487911764167 0.5145682972467255 0.3028963891804305 0.5221420297603137 0.31716658380747204 0.5301612759511717 0.3406433556132501 0.5341708990466008 0.36319946970115446 0.5314978169829814 0.38483492607118525 0.5279337075648223 0.40601005358227915 0.5225875434375835 0.42442320793975213 0.5194689476966943
12 0.38437459721224837 0.5185779203421544 0.3687234160083964 0.5203599750512341 0.35307223480454436 0.5225875434375835 0.3360400670238819 0.5172413793103449 0.3144046106538511 0.5069945647331373 0.29276915428382033 0.49095607235142114 0.28034027509252607 0.48115477145148355 0.29829310059106223 0.49585672280139 0.3190078992432193 0.5092221331194867 0.3443259864847447 0.520805488728504 0.364580456277965 0.5234785707921232
12 0.37424736231563827 0.5408536042056491 0.3572151945349758 0.5439721999465383 0.3388020401775028 0.5461997683328879 0.32637316098620855 0.5488728503965071 0.3107219797823565 0.5502093914283168 0.3272938187040822 0.5475363093646974 0.34524664420261836 0.5444177136238082 0.361818483124344 0.5426356589147286
12 0.3111823086412933 0.5831774035462889 0.31716658380747204 0.5733761026463512 0.3328177650113241 0.5693664795509222 0.34156401333112374 0.5604562060055244 0.3673424294315859 0.5542190145237459 0.3756283488924488 0.5542190145237459 0.3429449999079342 0.5591196649737147 0.3314367784345136 0.5715940479372716 0.31532526837172475 0.5760491847099706
12 0.45572557034745625 0.5314978169829814 0.4354711005542359 0.53728949478749 0.4138356441842052 0.5421901452374588 0.4004861072750373 0.5524369598146662 0.3820729529175643 0.557783123941905 0.36089782540647036 0.565802370132763 0.343405328766871 0.5813953488372093 0.3314367784345136 0.5965428138643857 0.3291351341398295 0.6134723336006415 0.3309764495755768 0.5978793548961953 0.3480086173562393 0.5809498351599394 0.3599771676885967 0.5684754521963824 0.3839142683533116 0.5595651786509845 0.40002577841610043 0.5546645282010157 0.41291498646633157 0.5457542546556179 0.4340901139774255 0.5390715494965695
12 0.40785136901802643 0.5631292880691436 0.39035887237842715 0.5751581573554307 0.36642177171371226 0.5876325403189878 0.35491355024029164 0.5987703822507351 0.3411036844721869 0.6232736345005792 0.3599771676885967 0.5960973001871157 0.3765490066103224 0.582731889869019 0.3940415032499217 0.5756036710327007