12 0.4959311525171957 0.28966828099776076 0.5134114410511964 0.2865176191310101 0.5369402850006636 0.28603117156032926 0.5622790400231669 0.29430078026190337 0.5785682396804903 0.29624657054462666 0.6123532463771614 0.29624657054462666 0.6431217346187724 0.29624657054462666 0.6738902228603835 0.301111046251435 0.6738902228603835 0.3054890743875625 0.6479481641468683 0.301111046251435 0.6232127128153769 0.30062459868075414 0.5948574393378139 0.30208394139279665 0.5695186843153106 0.3015974938221158 0.5514195735849512 0.2957601229739458 0.5339237665456037 0.28943630455509506
12 0.30949479348914655 0.3439184324713483 0.29320559383182304 0.35267448874360324 0.27329657202842766 0.3614305450158582 0.25218094284300835 0.3658085731519857 0.23709835056770878 0.36678146829334735 0.2268421878205051 0.37407818185355984 0.2141728103092535 0.38234779055513396 0.2262388841294931 0.3687272585760707 0.2364950468766968 0.36483567801062405 0.2588172834441401 0.36191699258653903 0.27691639417449954 0.3580254120210924
12 0.295015504904859 0.3604576498744966 0.3209575636183742 0.3536473838849649 0.34327980018581755 0.34926935574883744 0.36499873306224884 0.3473235654661141 0.38732096962969215 0.3473235654661141 0.40421347297802773 0.34781001303679493 0.4247257984724351 0.34343198490066745 0.4464447313488664 0.33467592862841244 0.4699735752983337 0.32397408207343414 0.49470902662982497 0.3166773685132217 0.5170312631972682 0.3137586830891367 0.4808330417365494 0.3273792150682 0.461527323624166 0.3341894810577316 0.44161830182077055 0.3444048800420291 0.4186927615623153 0.35267448874360324 0.394560613921836 0.35267448874360324 0.37103176997236864 0.35267448874360324 0.3511227481689733 0.35267448874360324 0.32880051160153 0.3551067265970074
12 0.622006105433353 0.32056894907866834 0.6449316456918083 0.32300118693207247 0.6708737044053236 0.32689276749751917 0.6871629040626471 0.33467592862841244 0.6660472748772277 0.3259198723561575 0.6388986087816885 0.3234876345027533
12 0.5001387598489327 0.33467592862841244 0.5097916189051245 0.3341894810577316 0.5297006407085199 0.3414861946179441 0.558055914186083 0.3424590897593058 0.591237617191742 0.3448913276127099 0.6153697648322213 0.3448913276127099 0.6340721792535926 0.3463506703247524 0.6533778973659762 0.34781001303679493 0.6099400316131134 0.34051329947658243 0.5846012765906101 0.33856750919385914 0.5520228772759632 0.33759461405249747 0.5303039443995319 0.33954040433522076 0.5091883152141125 0.33467592862841244
12 0.41974128401995636 0.3922371569430393 0.4451348848325516 0.38340479516950104 0.47401388183511084 0.3717621364680188 0.49542417271631856 0.3697547815194874 0.5243031697188779 0.3697547815194874 0.5526842529800137 0.3669444845915434 0.5775799400511855 0.3733680204268439 0.6029735408637807 0.3769812593342005 0.6248817454864118 0.37818567230331934 0.6492795188161603 0.38782097605627014 0.6726814646630618 0.40227393168569636 0.6472878638504665 0.3797915562621445 0.61591929814079 0.37256507844743136 0.5915215248110417 0.37015625250919365 0.5601529591013653 0.3601194777665366 0.539240581961581 0.36052094875624285 0.503888706320517 0.36333124568418684 0.4770013642836515 0.3653386006327182 0.45409733217817344 0.3737694914165502 0.43069538633127197 0.3826018531900885
12 0.236509027176132 0.4123107064283535 0.25941305928161 0.40307687366510897 0.28729622880132244 0.40307687366510897 0.30771069219968333 0.3978577507989272 0.32912098308089105 0.3966533378298084 0.3435604815821707 0.38782097605627014 0.3684561686533425 0.3858136211077387 0.38986645953455024 0.38059449824155706 0.41476214660572197 0.3737694914165502 0.43766617871120006 0.3681488975606622 0.45957438333383127 0.36052094875624285 0.476503450542228 0.35771065182829886 0.4580806421095609 0.3601194777665366 0.43816409245262344 0.367747426570956 0.41476214660572197 0.3733680204268439 0.38986645953455024 0.38099596923126333 0.3674603411704956 0.3858136211077387 0.34555213654786443 0.38701803407685753 0.33011681056373793 0.39585039585039583 0.30970234716537703 0.39825922178863354 0.2882920562841693 0.40227393168569636 0.25941305928161 0.4014709897062838
12 0.42223085272707356 0.4042812866342278 0.4277079038827314 0.4211430682018917 0.43069538633127197 0.44282250164603104 0.4287037313655782 0.46169163816222636 0.4331849550383891 0.4339901398724928 0.43119330007269535 0.4151210033562975
12 0.7131120604666448 0.645866454689984 0.7279000985869208 0.6630895601483837 0.7336510023003614 0.6826311605723371 0.7381695695037791 0.7177397986221515 0.7369372329937561 0.7488738738738738 0.7336510023003614 0.783320084790673 0.7299539927702925 0.8230657127715951 0.718452185343411 0.8700980392156863 0.7274893197502464 0.8124668786433492 0.7299539927702925 0.775039745627981 0.7336510023003614 0.7260201377848438 0.7303647716069669 0.6962109167991521 0.7254354255668748 0.672363540010599 0.7176306276700625 0.6567965023847377
12 0.6362964180085442 0.5471648118706942 0.6510844561288203 0.548489666136725 0.6662832730857706 0.549483306836248 0.6823036477160697 0.5544515103338633 0.7016102530397634 0.5677000529941707 0.7168090699967138 0.5806173820879703 0.7332402234636871 0.5948595654478007 0.718452185343411 0.580948595654478 0.6942162339796254 0.5617382087970323 0.6749096286559316 0.5521330153683095 0.6457443312520539 0.5478272390037097
12 0.4136589040236018 0.41654013564125925 0.394827694432239 0.4160340115396295 0.37411336388174 0.4140095151331106 0.35214361935848343 0.41654013564125925 0.33707865168539325 0.4210952525559267 0.3333124097671207 0.4302054863852617 0.32264139099868183 0.436785099706448 0.30694871633921283 0.4448830853325235 0.32264139099868183 0.4377973479097074 0.3333124097671207 0.4291932381820022 0.3364509446990145 0.4210952525559267 0.35528215429037724 0.41502176333637003 0.376624191827255 0.4135033910314809 0.39419998744586027 0.41502176333637003