12 0.16966384184584807 0.3174041148724693 0.20861145059697284 0.3157180372370246 0.24755905934809758 0.3157180372370246 0.2838206261163862 0.314453479010441 0.32142521387609285 0.3165610760547469 0.35970131213150863 0.32077627014335874 0.3879047529512886 0.32077627014335874 0.4161081937710686 0.3174041148724693 0.44162559260801243 0.31108132373955155 0.4752011173934648 0.30054333851802206 0.5060906001960811 0.29506358620282674 0.5396661249815335 0.2912699115230761 0.5611544608442229 0.28958383388763137 0.5072918108607675 0.29543531985473576 0.47268522665276974 0.30054665756848553 0.4405214601535718 0.31255830119579747 0.4116147839327737 0.31843633956660966 0.37904388114877574 0.32150314219485954 0.3391445252383783 0.31920304022367213 0.31064498530238016 0.3161362375954223 0.2841811267903818 0.31434726939560986 0.24794599744318413 0.3161362375954223 0.20804664153278668 0.3156251038240473
12 0.1905397812863878 0.3503822002775456 0.21822504865278602 0.3501266333918582 0.2597529497023834 0.3503822002775456 0.29517380647998115 0.34961549962048316 0.3310017995423788 0.35166003470598306 0.3631655660415768 0.3534490029057955 0.39451505997117475 0.35498240421992044 0.4270859627551727 0.35191560159167057 0.46494963724157023 0.3468042638779208 0.4934491771775684 0.34424859502104593 0.5154345365567671 0.343737461249671 0.48937781432956867 0.3450152956781084 0.4620996832479704 0.3480820983063582 0.4250502813311728 0.35191560159167057 0.39410792368637476 0.35549353799129535 0.3627584297567768 0.3539601366771704 0.3314089358271788 0.35191560159167057 0.2947666701951811 0.34961549962048316 0.25771726827838354 0.3501266333918582 0.2174107760831861 0.3506377671632331
12 0.5423055313535653 0.38386146230260654 0.5195058994047668 0.38360589541691903 0.48815640547516875 0.3848837298453565 0.4559926389759708 0.38513929673104397 0.4331930070271722 0.38795053247360634 0.405507739660774 0.39433970461579354 0.3542085677759773 0.39433970461579354 0.40143637681277433 0.39485083838716845 0.4336001433119722 0.3884616662449813 0.46413536467197025 0.3848837298453565 0.5036275842975678 0.3848837298453565
12 0.18565414586878812 0.3792612583602317 0.21008232295678655 0.3823280609884816 0.25038881515198397 0.383094761645544 0.296395215334381 0.38513929673104397 0.344030160655978 0.38718383181654387 0.3835223802815754 0.3882060993592938 0.4136504653567735 0.3876949655879188 0.4246431450463728 0.38641713115948134 0.37945101743357573 0.3884616662449813 0.32978039068797893 0.3874393987022314 0.28092403651198206 0.3853948636167314 0.2357319088991849 0.3833503285312315 0.20071818840638717 0.3813057934457317
12 0.28051690022718206 0.4216853613843547 0.31471634815037985 0.4237298964698546 0.34484443322557795 0.4237298964698546 0.36805120145917647 0.426029998441042 0.375379654585576 0.426029998441042 0.3419944792319781 0.4237298964698546 0.3025022596063806 0.42347432958416714 0.27563126480958233 0.4209186607272923
12 0.40754342108477387 0.427052265983792 0.4246431450463728 0.4273078328694794 0.44907132213437123 0.42321876269847963 0.48082795234876924 0.4221964951557297 0.5032204480127678 0.4206630938416048 0.5243915348223664 0.4227076289271046 0.5007776303039679 0.42117422761297973 0.47105668151356983 0.4229631958127921 0.44866418584957124 0.42321876269847963 0.4250502813311728 0.4275633997551669
12 0.4156861467807734 0.44034174403954135 0.42423600876157286 0.45567575718079056 0.4344144158815722 0.4730543054075397 0.44092859643837173 0.4909439874056639 0.452735548697571 0.5113893382606628 0.46047113810877055 0.5267233514019122 0.4498855947039712 0.5067891343182881 0.4417428690079718 0.4934996562625387 0.43400727959677227 0.4738210060646022 0.42342173619197293 0.45439792275235313
12 0.6012094779910975 0.42147053704566084 0.6326828829638954 0.4148850599043224 0.674647422927626 0.4120627125580345 0.7091182950406906 0.41018114766050917 0.7428398003686884 0.42429288439194873 0.7106170286108238 0.41112193010927184 0.6768955232828259 0.41253310378241576 0.6304347826086956 0.4144146686799411
12 0.7767065861605008 0.522103911242335 0.7944980040253082 0.5112849130815648 0.8122894218901158 0.4980229153361043 0.8300808397549232 0.47708291889590376 0.8111774582735652 0.4994189150987844 0.7928300586004825 0.5130299127849148
12 0.7711467680777484 0.5325739094624353 0.7894941677508311 0.5259429105897051 0.8167372763563175 0.5137279126662548 0.8445363667700793 0.48755291711600407 0.8150693309314919 0.5158219123102749 0.7889381859425559 0.5269899104117152
12 0.7783745315853264 0.5388559083944955 0.8111774582735652 0.5269899104117152 0.8506521666611068 0.5105869132002248 0.8651076936762628 0.5011639148021345 0.846204312194905 0.5133789127255849 0.8122894218901158 0.5269899104117152