0 0.5377859477124183 0.26424632352941174 0.025735294117647058 0.014093137254901961
0 0.553921568627451 0.24080882352941177 0.0298202614379085 0.012254901960784314
0 0.5841503267973857 0.24341299019607843 0.02900326797385621 0.013174019607843137
0 0.6609477124183006 0.20481004901960784 0.025735294117647058 0.015318627450980392
0 0.6006944444444444 0.18443627450980393 0.02165032679738562 0.015318627450980392
0 0.5151143790849673 0.18137254901960784 0.026552287581699346 0.023284313725490197
0 0.4679330065359477 0.24923406862745098 0.02287581699346405 0.014705882352941176
0 0.4170751633986928 0.27849264705882354 0.02042483660130719 0.014093137254901961
0 0.491625816993464 0.33026960784313725 0.04738562091503268 0.030637254901960783
0 0.5584150326797386 0.32643995098039214 0.02246732026143791 0.015625
0 0.5915032679738562 0.2619485294117647 0.013071895424836602 0.00980392156862745
0 0.6470588235294118 0.24846813725490197 0.031862745098039214 0.026348039215686275
0 0.5179738562091504 0.40579044117647056 0.03390522875816993 0.01991421568627451
0 0.3686683006535948 0.19761029411764705 0.037173202614379085 0.01715686274509804
0 0.35927287581699346 0.16253063725490197 0.03308823529411765 0.03462009803921569
0 0.4185049019607843 0.21185661764705882 0.02287581699346405 0.014093137254901961
0 0.369281045751634 0.25919117647058826 0.05228758169934641 0.026348039215686275
0 0.36233660130718953 0.23759191176470587 0.017565359477124183 0.00980392156862745
0 0.23590686274509803 0.2757352941176471 0.04534313725490196 0.015625
0 0.27798202614379086 0.3079044117647059 0.03594771241830065 0.040747549019607844
0 0.2569444444444444 0.3229166666666667 0.016748366013071895 0.017769607843137254
0 0.29758986928104575 0.21798406862745098 0.016748366013071895 0.02144607843137255
0 0.2951388888888889 0.24387254901960784 0.0298202614379085 0.014093137254901961
0 0.25919117647058826 0.22411151960784315 0.013480392156862746 0.015318627450980392
0 0.32741013071895425 0.2522977941176471 0.024918300653594773 0.03308823529411765
0 0.3206699346405229 0.21338848039215685 0.027777777777777776 0.02542892156862745
0 0.4585375816993464 0.2800245098039216 0.017565359477124183 0.013174019607843137
0 0.4415849673202614 0.24846813725490197 0.012254901960784314 0.013174019607843137
0 0.47875816993464054 0.3056066176470588 0.016339869281045753 0.010723039215686275
0 0.6315359477124183 0.17815563725490197 0.014297385620915032 0.011642156862745098
0 0.553921568627451 0.16329656862745098 0.014705882352941176 0.011642156862745098
0 0.7287581699346405 0.569546568627451 0.02287581699346405 0.019301470588235295