0 0.3541666666666667 0.15747549019607843 0.026143790849673203 0.015318627450980392
0 0.3319035947712418 0.1801470588235294 0.01838235294117647 0.007965686274509803
0 0.31924019607843135 0.2342218137254902 0.02369281045751634 0.014399509803921568
0 0.48018790849673204 0.22870710784313725 0.02287581699346405 0.01011029411764706
0 0.5089869281045751 0.23728553921568626 0.0363562091503268 0.011029411764705883
0 0.4979575163398693 0.1484375 0.012663398692810458 0.01133578431372549
0 0.5138888888888888 0.17754289215686275 0.013888888888888888 0.00857843137254902
0 0.5316584967320261 0.17677696078431374 0.013888888888888888 0.007965686274509803
0 0.5633169934640523 0.2029718137254902 0.016339869281045753 0.009191176470588236
0 0.613562091503268 0.24019607843137256 0.01919934640522876 0.014705882352941176
0 0.5690359477124183 0.2616421568627451 0.02042483660130719 0.012867647058823529
0 0.5706699346405228 0.24325980392156862 0.01715686274509804 0.01133578431372549
0 0.4074754901960784 0.2693014705882353 0.01715686274509804 0.013786764705882353
0 0.403390522875817 0.25582107843137253 0.02165032679738562 0.011948529411764705
0 0.36519607843137253 0.2428002450980392 0.031862745098039214 0.018075980392156864
0 0.2534722222222222 0.32598039215686275 0.02165032679738562 0.033394607843137254
0 0.2042483660130719 0.3241421568627451 0.01838235294117647 0.016237745098039217
0 0.6719771241830066 0.24693627450980393 0.017973856209150325 0.016237745098039217
0 0.6188725490196079 0.31050857843137253 0.008169934640522876 0.011948529411764705
0 0.6444035947712419 0.18642769607843138 0.015931372549019607 0.020833333333333332
0 0.3582516339869281 0.1721813725490196 0.017973856209150325 0.01133578431372549
0 0.5430964052287581 0.23115808823529413 0.013888888888888888 0.010416666666666666
0 0.23876633986928106 0.5804227941176471 0.01919934640522876 0.014399509803921568
0 0.2920751633986928 0.3877144607843137 0.011437908496732025 0.011029411764705883
0 0.3394607843137255 0.6294424019607843 0.013480392156862746 0.009497549019607842