0 0.4470996732026144 0.5016850490196079 0.026143790849673203 0.026041666666666668
0 0.5055147058823529 0.5137867647058824 0.06413398692810457 0.016237745098039217
0 0.5723039215686274 0.7204350490196079 0.01511437908496732 0.014399509803921568
0 0.6521650326797386 0.5620404411764706 0.016748366013071895 0.014705882352941176
0 0.6779003267973857 0.5445772058823529 0.015522875816993464 0.01133578431372549
0 0.676062091503268 0.5612745098039216 0.008169934640522876 0.00980392156862745
0 0.6444035947712419 0.5968137254901961 0.010620915032679739 0.00980392156862745
0 0.7238562091503268 0.5252757352941176 0.013071895424836602 0.015625
0 0.738562091503268 0.5713848039215687 0.01715686274509804 0.016544117647058824
0 0.6758578431372549 0.3694852941176471 0.0196078431372549 0.025122549019607844
0 0.5238970588235294 0.2864583333333333 0.01511437908496732 0.012561274509803922
0 0.4238153594771242 0.21246936274509803 0.014297385620915032 0.010723039215686275
0 0.45608660130718953 0.20557598039215685 0.017973856209150325 0.015625
0 0.3980800653594771 0.19684436274509803 0.01184640522875817 0.00980392156862745
0 0.3645833333333333 0.20909926470588236 0.017973856209150325 0.013786764705882353
0 0.26205065359477125 0.28722426470588236 0.011029411764705883 0.011642156862745098
0 0.2890114379084967 0.23115808823529413 0.011029411764705883 0.010723039215686275
0 0.29983660130718953 0.2181372549019608 0.012254901960784314 0.011029411764705883
0 0.352124183006536 0.2616421568627451 0.016339869281045753 0.014093137254901961
0 0.3415032679738562 0.25582107843137253 0.01715686274509804 0.009191176470588236
0 0.3284313725490196 0.2665441176470588 0.024101307189542485 0.013174019607843137
0 0.31638071895424835 0.2838541666666667 0.014297385620915032 0.015625
0 0.3008578431372549 0.3258272058823529 0.02369281045751634 0.015625
0 0.28145424836601307 0.3466605392156863 0.013888888888888888 0.013480392156862746
0 0.35866013071895425 0.34941789215686275 0.0196078431372549 0.011642156862745098
0 0.3647875816993464 0.27359068627450983 0.020833333333333332 0.013174019607843137
0 0.3272058823529412 0.29825367647058826 0.024918300653594773 0.008272058823529412
0 0.3359885620915033 0.2809436274509804 0.01919934640522876 0.009191176470588236
0 0.4340277777777778 0.24494485294117646 0.04616013071895425 0.012867647058823529
4 0.38623366013071897 0.2705269607843137 0.13725490196078433 0.03676470588235294
0 0.23284313725490197 0.2725183823529412 0.018790849673202614 0.027573529411764705
0 0.28288398692810457 0.26393995098039214 0.025326797385620915 0.02665441176470588
0 0.5298202614379085 0.24800857843137256 0.01715686274509804 0.00980392156862745
0 0.5584150326797386 0.25827205882352944 0.017973856209150325 0.010723039215686275