1 0.33721934369602763 0.4162888601036269 0.013385146804835924 0.011981865284974092
1 0.5107944732297064 0.4841321243523316 0.022020725388601035 0.010038860103626942
1 0.5043177892918825 0.5032383419689119 0.016407599309153715 0.011981865284974092
1 0.5256908462867013 0.4540155440414508 0.059153713298791016 0.03465025906735751
1 0.6023316062176166 0.5 0.015975820379965457 0.013924870466321243
1 0.5960708117443869 0.4727979274611399 0.02547495682210708 0.010038860103626942
1 0.5125215889464594 0.594559585492228 0.02072538860103627 0.019430051813471502
1 0.4984887737478411 0.5718911917098446 0.015975820379965457 0.012629533678756476
1 0.540587219343696 0.5840349740932642 0.026338514680483593 0.01910621761658031
1 0.5446891191709845 0.5497085492227979 0.025906735751295335 0.019430051813471502
1 0.5587219343696027 0.48575129533678757 0.03626943005181347 0.03076424870466321
1 0.623272884283247 0.5051813471502591 0.03238341968911917 0.057318652849740935
1 0.40867875647668395 0.24579015544041452 0.03065630397236615 0.014896373056994818
1 0.34607081174438686 0.25793393782383417 0.03065630397236615 0.00939119170984456
1 0.37759067357512954 0.25161917098445596 0.01468048359240069 0.010686528497409326
1 0.6053540587219344 0.28805051813471505 0.02072538860103627 0.013601036269430052
1 0.5656303972366149 0.2546955958549223 0.011658031088082901 0.011981865284974092
1 0.552245250431779 0.4098121761658031 0.015975820379965457 0.014896373056994818
1 0.6124784110535406 0.46081606217616583 0.029792746113989636 0.010038860103626942
1 0.571027633851468 0.586949481865285 0.012521588946459413 0.01910621761658031
1 0.5284974093264249 0.4893134715025907 0.018566493955094993 0.02072538860103627
12 0.42508635578583764 0.5386981865284974 0.08678756476683938 0.061852331606217614