0 0.4549897119341564 0.7125771604938271 0.05401234567901234 0.03742283950617284
0 0.7024176954732511 0.5995370370370371 0.03137860082304527 0.03819444444444445
0 0.7908950617283951 0.5893132716049383 0.03292181069958848 0.026234567901234566
0 0.8040123456790124 0.6151620370370371 0.01800411522633745 0.028935185185185185
0 0.823045267489712 0.4012345679012346 0.0205761316872428 0.026234567901234566
0 0.40997942386831276 0.294945987654321 0.047325102880658436 0.02353395061728395
0 0.3449074074074074 0.5804398148148148 0.02880658436213992 0.03125
0 0.41975308641975306 0.6101466049382716 0.02880658436213992 0.024691358024691357
0 0.7199074074074074 0.44656635802469136 0.027777777777777776 0.020833333333333332
0 0.6134259259259259 0.18016975308641975 0.013888888888888888 0.016203703703703703
0 0.647633744855967 0.13290895061728394 0.02880658436213992 0.019290123456790122
0 0.6157407407407407 0.0935570987654321 0.03292181069958848 0.025848765432098766
0 0.4711934156378601 0.6014660493827161 0.02880658436213992 0.020833333333333332
0 0.6039094650205762 0.5393518518518519 0.026748971193415638 0.020061728395061727
0 0.39300411522633744 0.6965663580246914 0.011831275720164609 0.016975308641975308
0 0.452417695473251 0.7912808641975309 0.03189300411522634 0.023148148148148147
0 0.7317386831275721 0.6929012345679012 0.029835390946502057 0.030478395061728395