4 0.5529513888888888 0.5190972222222222 0.05700231481481482 0.048177083333333336
4 0.32175925925925924 0.537109375 0.06770833333333333 0.057074652777777776
12 0.37427662037037035 0.3529730902777778 0.06336805555555555 0.014322916666666666
12 0.3997395833333333 0.3696831597222222 0.1015625 0.008897569444444444
12 0.5640914351851852 0.3894314236111111 0.07552083333333333 0.03125
12 0.5436921296296297 0.3536241319444444 0.06886574074074074 0.022352430555555556
12 0.35402199074074076 0.560546875 0.06221064814814815 0.055121527777777776
12 0.5635127314814815 0.5828993055555556 0.046296296296296294 0.044921875
4 0.46296296296296297 0.4364149305555556 0.052083333333333336 0.030381944444444444
12 0.2842881944444444 0.4715711805555556 0.030960648148148147 0.004340277777777778
12 0.2923900462962963 0.4971788194444444 0.02025462962962963 0.014756944444444444
12 0.2825520833333333 0.4893663194444444 0.015335648148148149 0.010199652777777778
12 0.2806712962962963 0.4833984375 0.019097222222222224 0.011067708333333334
12 0.6226851851851852 0.4922960069444444 0.014756944444444444 0.014322916666666666
12 0.6108217592592593 0.4946831597222222 0.013599537037037037 0.008029513888888888