0 0.5890522875816994 0.8152573529411765 0.024509803921568627 0.022365196078431373
0 0.5915032679738562 0.859375 0.024509803921568627 0.02665441176470588
0 0.4534313725490196 0.8916973039215687 0.03308823529411765 0.02022058823529412
0 0.7461192810457516 0.7977941176470589 0.01511437908496732 0.017769607843137254
0 0.741421568627451 0.7619485294117647 0.017973856209150325 0.014705882352941176
0 0.7028186274509803 0.7593443627450981 0.016748366013071895 0.014705882352941176
0 0.7071078431372549 0.8149509803921569 0.02696078431372549 0.015318627450980392
0 0.7181372549019608 0.7850796568627451 0.02696078431372549 0.015318627450980392
0 0.5725081699346405 0.6259191176470589 0.030637254901960783 0.02971813725490196
0 0.6004901960784313 0.5833333333333334 0.022058823529411766 0.009497549019607842
0 0.7087418300653595 0.5015318627450981 0.042483660130718956 0.02971813725490196
0 0.6397058823529411 0.5579044117647058 0.02042483660130719 0.012867647058823529
0 0.6723856209150327 0.6262254901960784 0.02246732026143791 0.014093137254901961
0 0.6558415032679739 0.6818321078431373 0.016748366013071895 0.008884803921568627
0 0.6325571895424836 0.7317708333333334 0.0196078431372549 0.012867647058823529
0 0.8143382352941176 0.7437193627450981 0.015931372549019607 0.009497549019607842
0 0.7058823529411765 0.7009803921568627 0.02042483660130719 0.02696078431372549
0 0.7559232026143791 0.5785845588235294 0.024101307189542485 0.03155637254901961
0 0.7589869281045751 0.4577205882352941 0.013480392156862746 0.01133578431372549
0 0.5428921568627451 0.8125 0.02696078431372549 0.02022058823529412