0 0.369281045751634 0.4362745098039216 0.021241830065359478 0.020526960784313725
0 0.26000816993464054 0.5776654411764706 0.007352941176470588 0.012561274509803922
0 0.37030228758169936 0.5638786764705882 0.010212418300653595 0.011948529411764705
0 0.5586192810457516 0.7383578431372549 0.013888888888888888 0.01685049019607843
0 0.48570261437908496 0.7824754901960784 0.018790849673202614 0.021139705882352942
0 0.6211192810457516 0.8466605392156863 0.012254901960784314 0.01133578431372549
0 0.6444035947712419 0.8252144607843137 0.012254901960784314 0.013174019607843137
0 0.7183415032679739 0.8924632352941176 0.017973856209150325 0.015931372549019607
0 0.7598039215686274 0.9136029411764706 0.017973856209150325 0.010416666666666666
0 0.6603349673202614 0.8455882352941176 0.016748366013071895 0.012561274509803922
0 0.6429738562091504 0.8613664215686274 0.013888888888888888 0.010416666666666666
0 0.34354575163398693 0.8056066176470589 0.017565359477124183 0.026041666666666668
0 0.4869281045751634 0.8700980392156863 0.0428921568627451 0.028799019607843136
0 0.3272058823529412 0.6645220588235294 0.016748366013071895 0.015318627450980392
0 0.3492647058823529 0.6914828431372549 0.017565359477124183 0.010416666666666666
0 0.28656045751633985 0.6070772058823529 0.016748366013071895 0.0070465686274509805
0 0.32965686274509803 0.532015931372549 0.013071895424836602 0.02022058823529412
0 0.5982434640522876 0.6770833333333334 0.024509803921568627 0.016237745098039217
0 0.7032271241830066 0.8700980392156863 0.011029411764705883 0.013480392156862746