5 0.33275862068965517 0.4119170984455959 0.14439655172413793 0.06897668393782383
5 0.6202586206896552 0.4072215025906736 0.17198275862068965 0.06832901554404146
4 0.375 0.4567681347150259 0.04310344827586207 0.03756476683937824
4 0.5782327586206897 0.46648316062176165 0.0375 0.0430699481865285
1 0.45883620689655175 0.40754533678756477 0.01293103448275862 0.03432642487046632
0 0.6760775862068965 0.44689119170984454 0.01896551724137931 0.011981865284974092
0 0.5314655172413794 0.17794689119170984 0.032758620689655175 0.018458549222797927
12 0.5206896551724138 0.21534974093264247 0.07025862068965517 0.010038860103626942
0 0.6282327586206896 0.16645077720207255 0.03577586206896552 0.03335492227979275
0 0.44633620689655173 0.19365284974093264 0.03577586206896552 0.03238341968911917
0 0.5077586206896552 0.296470207253886 0.02327586206896552 0.02072538860103627
0 0.5308189655172414 0.25906735751295334 0.025 0.03659326424870466
0 0.47586206896551725 0.1251619170984456 0.02586206896551724 0.012629533678756476
0 0.569396551724138 0.1481541450777202 0.028448275862068967 0.012629533678756476
0 0.5025862068965518 0.14604922279792745 0.05344827586206897 0.013924870466321243
0 0.41551724137931034 0.14200129533678757 0.015948275862068966 0.012953367875647668
0 0.36551724137931035 0.15349740932642486 0.01767241379310345 0.013924870466321243
0 0.5023706896551724 0.6917098445595855 0.019827586206896553 0.016515544041450777
0 0.6286637931034482 0.4682642487046632 0.014224137931034483 0.010686528497409326
0 0.7060344827586207 0.423089378238342 0.02025862068965517 0.016191709844559584
0 0.5741379310344827 0.46745466321243523 0.013362068965517242 0.02461139896373057
0 0.3922413793103448 0.19948186528497408 0.020689655172413793 0.01522020725388601