0 0.3088362068965517 0.3160621761658031 0.02543103448275862 0.019753886010362695
0 0.3890086206896552 0.36609455958549225 0.030603448275862068 0.018458549222797927
0 0.4021551724137931 0.29468911917098445 0.01939655172413793 0.025259067357512953
0 0.3646551724137931 0.2807642487046632 0.01853448275862069 0.020401554404145077
0 0.3568965517241379 0.32075777202072536 0.015086206896551725 0.03173575129533679
0 0.9094827586206896 0.11172279792746113 0.01939655172413793 0.03562176165803109
0 0.9010775862068966 0.19316709844559585 0.028879310344827585 0.03044041450777202
0 0.8834051724137931 0.22862694300518135 0.0353448275862069 0.027849740932642485
0 0.7883620689655172 0.028011658031088082 0.026293103448275863 0.025259067357512953
0 0.47543103448275864 0.19915803108808292 0.029741379310344828 0.04015544041450777
0 0.45517241379310347 0.13115284974093264 0.039655172413793106 0.022344559585492228
0 0.8148706896551724 0.32075777202072536 0.02025862068965517 0.013924870466321243
1 0.7836206896551724 0.4417098445595855 0.08448275862068966 0.02461139896373057
0 0.7362068965517241 0.6973769430051814 0.016810344827586206 0.02299222797927461
0 0.4058189655172414 0.4363665803108808 0.01853448275862069 0.017810880829015545
0 0.4023706896551724 0.23591321243523317 0.015086206896551725 0.019753886010362695
0 0.7655172413793103 0.35152202072538863 0.014224137931034483 0.015867875647668395