0 0.5052083333333334 0.1775390625 0.020833333333333332 0.01171875
0 0.5305555555555556 0.1833984375 0.025 0.01171875
0 0.5260416666666666 0.279296875 0.030555555555555555 0.01328125
0 0.5618055555555556 0.2201171875 0.011111111111111112 0.01171875
0 0.4909722222222222 0.332421875 0.017361111111111112 0.01484375
4 0.6784722222222223 0.49765625 0.1388888888888889 0.087890625
0 0.7336805555555556 0.5927734375 0.02638888888888889 0.016015625
0 0.4909722222222222 0.5572265625 0.03819444444444445 0.0171875
0 0.4638888888888889 0.4107421875 0.030555555555555555 0.021484375
0 0.22083333333333333 0.4419921875 0.020833333333333332 0.014453125
0 0.30694444444444446 0.5193359375 0.022222222222222223 0.015625
0 0.4263888888888889 0.698828125 0.03333333333333333 0.01484375
0 0.4486111111111111 0.7115234375 0.019444444444444445 0.009765625
0 0.5204861111111111 0.6873046875 0.03194444444444444 0.014453125
0 0.43194444444444446 0.1259765625 0.029861111111111113 0.013671875