0 0.403125 0.4478515625 0.04097222222222222 0.025
0 0.34131944444444445 0.4763671875 0.02361111111111111 0.023828125
0 0.18993055555555555 0.4697265625 0.022222222222222223 0.016015625
4 0.6118055555555556 0.5150390625 0.17291666666666666 0.102734375
0 0.7642361111111111 0.5048828125 0.02361111111111111 0.02265625
0 0.7329861111111111 0.5791015625 0.04861111111111111 0.0265625
0 0.34305555555555556 0.2431640625 0.03888888888888889 0.019921875
0 0.2989583333333333 0.1865234375 0.04027777777777778 0.019140625
0 0.38958333333333334 0.1849609375 0.052083333333333336 0.03046875
0 0.51875 0.140234375 0.034027777777777775 0.01640625
0 0.3111111111111111 0.7326171875 0.025 0.011328125
0 0.5833333333333334 0.6421875 0.025 0.01875
0 0.1763888888888889 0.235546875 0.02361111111111111 0.015234375