4 0.36053540587219346 0.5160297927461139 0.09369602763385147 0.10103626943005181
0 0.34434369602763387 0.5485751295336787 0.020293609671848015 0.01878238341968912
0 0.3903281519861831 0.5097150259067358 0.015112262521588947 0.007124352331606218
0 0.38795336787564766 0.5393458549222798 0.021157167530224525 0.014896373056994818
4 0.6219775474956822 0.5121437823834197 0.13428324697754748 0.08322538860103627
4 0.47171848013816925 0.3798575129533679 0.03929188255613126 0.0819300518134715
4 0.4434369602763385 0.24740932642487046 0.15803108808290156 0.07610103626943006
4 0.45056131260794474 0.31930051813471505 0.17616580310880828 0.04209844559585492
4 0.4883419689119171 0.6991580310880829 0.14032815198618306 0.04177461139896373
0 0.5384283246977547 0.6907383419689119 0.022452504317789293 0.01878238341968912
0 0.29490500863557856 0.5365932642487047 0.01079447322970639 0.012305699481865285
0 0.31411917098445596 0.5905116580310881 0.026338514680483593 0.02849740932642487
0 0.5367012089810017 0.47765544041450775 0.012089810017271158 0.018134715025906734
0 0.2925302245250432 0.2929080310880829 0.010362694300518135 0.012629533678756476
0 0.3080742659758204 0.25663860103626945 0.026338514680483593 0.01133419689119171
0 0.6016839378238342 0.25858160621761656 0.02849740932642487 0.01716321243523316