0 0.37854030501089325 0.4143688725490196 0.046840958605664486 0.03278186274509804
4 0.5305010893246187 0.4174325980392157 0.2494553376906318 0.08946078431372549
4 0.8839869281045751 0.42432598039215685 0.0457516339869281 0.05177696078431373
0 0.4980936819172113 0.5012254901960784 0.06699346405228758 0.01715686274509804
0 0.39950980392156865 0.25275735294117646 0.02832244008714597 0.017769607843137254
0 0.2769607843137255 0.4261642156862745 0.02832244008714597 0.024509803921568627
0 0.47630718954248363 0.5356924019607843 0.08006535947712418 0.027573529411764705
0 0.3333333333333333 0.44638480392156865 0.030501089324618737 0.0352328431372549
0 0.590958605664488 0.5810355392156863 0.027233115468409588 0.01715686274509804
0 0.49537037037037035 0.5779718137254902 0.034858387799564274 0.01133578431372549
0 0.5389433551198257 0.5859375 0.041938997821350764 0.014399509803921568
0 0.5149782135076253 0.6136642156862745 0.02559912854030501 0.02665441176470588
0 0.4940087145969499 0.6127450980392157 0.04084967320261438 0.014705882352941176
0 0.6290849673202614 0.6262254901960784 0.0332244008714597 0.013174019607843137
0 0.5895969498910676 0.6067708333333334 0.05228758169934641 0.0196078431372549
0 0.6241830065359477 0.5824142156862745 0.02559912854030501 0.01715686274509804
0 0.7671568627450981 0.6060049019607843 0.02287581699346405 0.015318627450980392
0 0.7663398692810458 0.5827205882352942 0.03867102396514161 0.014705882352941176
0 0.7116013071895425 0.5836397058823529 0.03213507625272331 0.02267156862745098
0 0.6911764705882353 0.6151960784313726 0.06318082788671024 0.020526960784313725
0 0.6446078431372549 0.6498161764705882 0.0332244008714597 0.01715686274509804
0 0.5288671023965141 0.6338848039215687 0.03213507625272331 0.014705882352941176
0 0.8063725490196079 0.5925245098039216 0.024509803921568627 0.018688725490196078
0 0.849400871459695 0.5649509803921569 0.01906318082788671 0.014705882352941176
0 0.7873093681917211 0.6228553921568627 0.014161220043572984 0.010416666666666666
0 0.7464596949891068 0.6416973039215687 0.03431372549019608 0.01685049019607843
0 0.6922657952069716 0.6429227941176471 0.03213507625272331 0.015318627450980392