0 0.5164075993091537 0.5272020725388601 0.020293609671848015 0.017810880829015545
0 0.6338514680483592 0.4896373056994819 0.022884283246977548 0.01910621761658031
0 0.4237910189982729 0.6761658031088082 0.02461139896373057 0.015867875647668395
0 0.49158031088082904 0.6954339378238342 0.028065630397236616 0.01522020725388601
0 0.37845423143350604 0.45984455958549225 0.018566493955094993 0.012629533678756476
0 0.2815198618307427 0.5361075129533679 0.015975820379965457 0.007772020725388601
0 0.2648963730569948 0.551651554404145 0.02547495682210708 0.01327720207253886
0 0.39702072538860106 0.24319948186528498 0.028929188255613126 0.017810880829015545
4 0.49784110535405873 0.5034002590673575 0.1187392055267703 0.12370466321243523
4 0.4410621761658031 0.6789183937823834 0.11701208981001728 0.0547279792746114
4 0.3270725388601036 0.3746761658031088 0.029792746113989636 0.05829015544041451