12 0.3272340425531915 0.013885328548235496 0.35631205673758864 0.01281722635221738 0.38042553191489364 0.022430146116380417 0.40382978723404256 0.03097496368452534 0.43007092198581565 0.044860292232760834 0.4605673758865248 0.060881825173032554 0.4868085106382979 0.08865248226950355 0.5229787234042553 0.12496795693411945 0.562695035460993 0.1281722635221738 0.6109219858156029 0.13671708109031872 0.6279432624113476 0.1356489788943006 0.6357446808510638 0.15167051183457234 0.6057391304347826 0.1473284442116291 0.5629855072463767 0.13750654793085385 0.5187826086956522 0.13423258250392875 0.48037681159420287 0.09603631918980268 0.4455942028985507 0.06329666492055178 0.4006666666666666 0.040378906932076124 0.35863768115942024 0.018552470752575517
12 0.6195072463768115 0.1506024096385542 0.6484927536231884 0.1647895931552296 0.673855072463768 0.2008032128514056 0.6854492753623188 0.24118211978348175 0.6861739130434783 0.26409987777195737 0.6811014492753622 0.24554740701938188 0.6666086956521738 0.20735114370525579 0.6470434782608695 0.17788545486292998
12 0.2984927536231884 0.08621442290902741 0.3180579710144927 0.06329666492055178 0.3390724637681159 0.06002269949362667 0.3745797101449275 0.07420988301030207 0.40573913043478255 0.07966649205517723 0.4368985507246376 0.09821896280775273 0.4832753623188405 0.13859786973982888 0.5115362318840578 0.16588091496420462 0.537623188405797 0.17024620220010475 0.5579130434782608 0.16915488039112972 0.5984927536231883 0.18006809848088004 0.6209565217391304 0.19534660380653046 0.6224057971014493 0.19862056923345553 0.6050144927536232 0.19425528199755543 0.584 0.18443338571678014 0.5637101449275361 0.17788545486292998 0.542695652173913 0.17679413305395494 0.5158840579710146 0.1757028112449799 0.48182608695652174 0.1495110878295792 0.4463188405797101 0.1145887899423782 0.41515942028985503 0.09385367557185262 0.38689855072463764 0.08621442290902741 0.3550144927536231 0.07420988301030207 0.33617391304347827 0.06875327396542692 0.31950724637681155 0.07093591758337697
12 0.6274782608695652 0.1931639601885804 0.6542898550724637 0.20407717827833072 0.6673333333333332 0.2368168325475816 0.6760289855072462 0.2684651650078575 0.6782028985507246 0.284834992142483 0.6637101449275361 0.24118211978348175 0.6419710144927535 0.21280775275013095
12 0.32675362318840573 0.10367557185262789 0.3455942028985507 0.09821896280775273 0.36298550724637674 0.10476689366160293 0.3897971014492753 0.11895407717827831 0.4108115942028985 0.13095861707700365 0.43110144927536226 0.144054478784704 0.4470434782608695 0.15933298411035446 0.46733333333333327 0.1757028112449799 0.4782028985507246 0.19098131657063033 0.48907246376811586 0.20625982189628078 0.4796521739130434 0.2008032128514056 0.442695652173913 0.16697223677317966 0.3963188405797101 0.13423258250392875 0.3687826086956521 0.12004539898725335
12 0.6361739130434783 0.2302689016937314 0.6615362318840579 0.2684651650078575 0.6745797101449275 0.2935655666142832 0.6695072463768115 0.29574821023223324 0.6484927536231884 0.2651911995809324 0.6347246376811594 0.24227344159245676
12 0.509823677581864 0.2094018390944129 0.5355163727959698 0.2139540529877697 0.5788413098236775 0.21471275530332917 0.6125944584382871 0.22685199235228065 0.6322418136020151 0.23974993171679157 0.6332493702770781 0.24430214561014837 0.6105793450881611 0.230645503930078 0.580352644836272 0.22381718309004278 0.5556675062972293 0.21774756456556704 0.5294710327455919 0.21774756456556704
12 0.5455919395465996 0.0918029801826955 0.5899244332493703 0.09559649176049284 0.6282115869017633 0.10318351491608753 0.6377833753148615 0.11380534733392006 0.653904282115869 0.12594458438287154 0.6755667506297228 0.15098176079633396 0.6876574307304786 0.18891687657430728 0.6967254408060453 0.21319535067221024 0.6785894206549118 0.17829504415647476 0.670528967254408 0.1517404631118934 0.6448362720403022 0.13125550059178778 0.6302267002518892 0.11456404964947953 0.6020151133501259 0.10621832417832539 0.5763224181360201 0.10090740796940913
12 0.45994962216624685 0.19953870899213985 0.4720403022670025 0.22229977845892385 0.4785894206549118 0.2374738247701132
12 0.4396688741721854 0.012965770366233146 0.45225165562913905 0.024934173781217584 0.47079470198675494 0.03789994414745073 0.49 0.052860448416181274 0.5171523178807947 0.06981568658740923
12 0.36218543046357615 0.13963137317481847 0.3827152317880794 0.15259714354105164 0.40788079470198674 0.17952605122476661 0.41582781456953644 0.19049708768850235 0.4211258278145696 0.19149445463975104 0.3959602649006623 0.16157344610228996 0.37211920529801323 0.14362084097981329
12 0.5906622516556291 0.5126466129418336 0.6072185430463576 0.541570254528046 0.6284105960264901 0.5694965291630096 0.642317880794702 0.6004149046517194 0.6489403973509934 0.6542727200191494 0.6469536423841059 0.6642463895316364 0.6456291390728477 0.6293385462379318 0.6416556291390728 0.6024096385542169 0.6257615894039735 0.5694965291630096 0.6025827814569537 0.5405728875767972
12 0.23569536423841062 0.423880954280699 0.20456953642384107 0.4398388255006782 0.1681456953642384 0.4837229713556212 0.20390728476821193 0.4378440915981808
12 0.2847019867549669 0.3650363041570254 0.2760927152317881 0.36403893720577674 0.2575496688741722 0.35705736854703585 0.2125165562913907 0.379996808425756 0.17609271523178807 0.416899385621958 0.21450331125827812 0.3789994414745073 0.25887417218543046 0.35905210244953323 0.2747682119205298 0.36304157025452805
12 0.6111920529801325 0.49569137477060565 0.6198013245033112 0.50765977818559 0.6297350993377484 0.5196281816005744 0.6456291390728477 0.5455597223330407 0.6317218543046357 0.5196281816005744 0.6224503311258278 0.5096545120880874
12 0.27410596026490064 0.31716269049708773 0.24298013245033112 0.30918375488709804 0.22178807947019868 0.30818638793584935 0.20721854304635762 0.2922285167158701 0.19794701986754967 0.28225484720338306 0.22443708609271523 0.31317322269209286 0.23966887417218544 0.3111784887895955 0.28271523178807945 0.3151679565945903
12 0.6330463576158941 0.4936966408681082 0.6416556291390728 0.4926992739168595 0.6575496688741722 0.497686108673103
12 0.6482781456953642 0.5365834197718025 0.6601986754966888 0.5585254926992739 0.6615231788079471 0.591438602090481 0.6608609271523179 0.5555333918455277
12 0.5483542435424354 0.07098875205619526 0.5771365313653136 0.07098875205619526 0.6162509225092251 0.0776574934424043 0.6516752767527676 0.08877206241941937 0.6701254612546126 0.10766682968034501 0.6531512915129152 0.0932178900102254 0.6125608856088561 0.0765460365447028 0.5763985239852398 0.07210020895389677