12 0.2521518987341772 0.35172995780590716 0.26886075949367083 0.3382278481012658 0.2916455696202531 0.3264135021097046 0.3230379746835443 0.31797468354430375 0.36101265822784806 0.3142616033755274 0.3762025316455696 0.31763713080168776 0.359493670886076 0.31966244725738396 0.32962025316455695 0.32168776371308017 0.30075949367088606 0.3277637130801688 0.28050632911392404 0.3378902953586498 0.26379746835443035 0.34700421940928267 0.25569620253164554 0.35915611814345993 0.24759493670886076 0.36928270042194095 0.250126582278481 0.359493670886076
12 0.4020689655172414 0.3124137931034483 0.4193103448275862 0.31862068965517243 0.43448275862068964 0.3257471264367816 0.44482758620689655 0.3296551724137931 0.4286206896551724 0.3227586206896552 0.3989655172413793 0.3135632183908046
12 0.26758620689655177 0.3211494252873563 0.29655172413793107 0.30919540229885056 0.3251724137931034 0.3041379310344828 0.35379310344827586 0.30482758620689654 0.3824137931034483 0.30574712643678165 0.41206896551724137 0.30689655172413793 0.4437931034482759 0.3131034482758621 0.4610344827586207 0.32 0.47551724137931034 0.32 0.4982758620689655 0.3177011494252874 0.52 0.3158620689655173 0.5534482758620689 0.3167816091954023 0.6010344827586207 0.32045977011494253 0.6296551724137931 0.32666666666666666 0.6451724137931035 0.3296551724137931 0.6631034482758621 0.3354022988505747 0.6848275862068967 0.34804597701149426 0.6665517241379311 0.3395402298850575 0.6596551724137931 0.33471264367816095 0.6441379310344828 0.33264367816091955 0.6317241379310345 0.32850574712643676 0.6013793103448276 0.32620689655172413 0.5755172413793104 0.3232183908045977 0.5427586206896552 0.3195402298850575 0.5244827586206896 0.31885057471264366 0.49965517241379315 0.31885057471264366 0.46620689655172415 0.3206896551724138 0.4517241379310345 0.31885057471264366 0.43793103448275866 0.3149425287356322 0.4131034482758621 0.3105747126436782 0.3810344827586207 0.3085057471264368 0.3531034482758621 0.30919540229885056 0.3189655172413793 0.3117241379310345 0.29413793103448277 0.31632183908045974 0.26275862068965516 0.32850574712643676 0.25620689655172413 0.32827586206896553
12 0.40758620689655173 0.29379310344827586 0.4341379310344828 0.2949425287356322 0.44448275862068964 0.29770114942528736 0.47379310344827585 0.29977011494252875 0.49586206896551727 0.30160919540229886 0.523448275862069 0.30114942528735633 0.5624137931034483 0.30114942528735633 0.6010344827586207 0.3059770114942529 0.6393103448275863 0.30827586206896557 0.6589655172413793 0.31126436781609196 0.6713793103448276 0.31655172413793103 0.6513793103448275 0.31724137931034485 0.6420689655172414 0.3124137931034483 0.613103448275862 0.31264367816091954 0.586551724137931 0.30896551724137933 0.5610344827586207 0.30666666666666664 0.5231034482758621 0.304367816091954 0.49275862068965515 0.304367816091954 0.4693103448275862 0.3032183908045977 0.44275862068965516 0.3 0.4079310344827586 0.29770114942528736 0.3789655172413793 0.29770114942528736 0.3627586206896552 0.29793103448275865 0.3506896551724138 0.29701149425287354 0.3737931034482759 0.29609195402298855 0.3924137931034483 0.29586206896551726
12 0.2603448275862069 0.3018390804597701 0.2789655172413793 0.29655172413793107 0.29862068965517247 0.2926436781609195 0.31862068965517243 0.2891954022988506 0.33448275862068966 0.2889655172413793 0.36 0.2887356321839081 0.3841379310344828 0.28827586206896555 0.32862068965517244 0.2885057471264368 0.296896551724138 0.29402298850574715 0.2893103448275862 0.29701149425287354 0.27620689655172415 0.2981609195402299 0.2641379310344828 0.3013793103448276
12 0.2758620689655173 0.2806896551724138 0.29379310344827586 0.2774712643678161 0.3079310344827586 0.27471264367816095 0.33862068965517245 0.2733333333333333 0.3589655172413793 0.27471264367816095 0.3872413793103448 0.27724137931034487 0.3972413793103448 0.279080459770115 0.41862068965517246 0.2804597701149425 0.4389655172413793 0.28229885057471266 0.4513793103448276 0.2848275862068966 0.4672413793103448 0.2852873563218391 0.4851724137931035 0.28436781609195405 0.5106896551724138 0.28367816091954023 0.5313793103448275 0.28367816091954023 0.5520689655172414 0.2832183908045977 0.5231034482758621 0.2804597701149425 0.49965517241379315 0.2806896551724138 0.47344827586206895 0.2820689655172414 0.43551724137931036 0.27977011494252874 0.41034482758620694 0.2770114942528736 0.37931034482758624 0.27563218390804595 0.3620689655172414 0.2708045977011494 0.34 0.2708045977011494 0.3182758620689655 0.27402298850574713 0.2927586206896552 0.27609195402298853
12 0.5579310344827586 0.2751724137931035 0.5734482758620689 0.27586206896551724 0.5993103448275863 0.27609195402298853 0.6275862068965518 0.28183908045977013 0.6017241379310345 0.2825287356321839 0.5734482758620689 0.2774712643678161
12 0.5803448275862069 0.2903448275862069 0.5920689655172414 0.29379310344827586 0.6262068965517242 0.2935632183908046 0.6748275862068966 0.29333333333333333 0.6268965517241379 0.2935632183908046 0.5920689655172414 0.2935632183908046
12 0.46862068965517245 0.27057471264367816 0.4403448275862069 0.26827586206896553 0.40827586206896554 0.26436781609195403 0.36586206896551726 0.2574712643678161 0.3306896551724138 0.2574712643678161 0.3662068965517241 0.25793103448275867 0.40862068965517245 0.2652873563218391 0.44068965517241376 0.2689655172413793
12 0.29551724137931035 0.5133333333333333 0.26620689655172414 0.5211494252873563 0.25689655172413794 0.5250574712643679
12 0.2610344827586207 0.6002298850574713 0.2679310344827586 0.5947126436781609 0.28172413793103446 0.5967816091954024 0.3 0.5933333333333334 0.31724137931034485 0.584367816091954 0.3272413793103448 0.5760919540229885 0.31137931034482763 0.5882758620689655 0.29517241379310344 0.5949425287356321 0.27793103448275863 0.5970114942528736 0.2672413793103448 0.5944827586206897
12 0.27689655172413796 0.6211494252873564 0.2889655172413793 0.6174712643678161 0.30896551724137933 0.605287356321839 0.32068965517241377 0.5951724137931035 0.3331034482758621 0.5816091954022988 0.3158620689655173 0.5988505747126437 0.3010344827586207 0.6105747126436782
12 0.2993103448275862 0.6540229885057471 0.3079310344827586 0.6494252873563219 0.32068965517241377 0.6377011494252873 0.3272413793103448 0.6289655172413793 0.34862068965517246 0.6126436781609196 0.32620689655172413 0.6294252873563219 0.31758620689655176 0.6411494252873563 0.306896551724138 0.651264367816092
12 0.5917241379310345 0.6098850574712644 0.6086206896551725 0.6202298850574713 0.6048275862068966 0.6213793103448276 0.6124137931034482 0.6262068965517242 0.6224137931034482 0.6340229885057471 0.6310344827586207 0.6402298850574714 0.6417241379310346 0.6402298850574714 0.6310344827586207 0.6402298850574714 0.6210344827586207 0.6328735632183908 0.6106896551724138 0.6252873563218391
12 0.5820689655172414 0.624367816091954 0.5910344827586207 0.628735632183908 0.603103448275862 0.6372413793103449 0.6020689655172414 0.6406896551724138 0.6193103448275863 0.6535632183908047 0.6282758620689656 0.6655172413793103 0.6003448275862069 0.6383908045977011 0.603103448275862 0.6367816091954023
12 0.6744827586206896 0.36321839080459767 0.6813793103448276 0.38045977011494253 0.6855172413793104 0.4 0.6889655172413793 0.4287356321839081 0.6851724137931035 0.3979310344827586 0.6775862068965517 0.3719540229885057
12 0.663448275862069 0.34643678160919544 0.6831034482758621 0.3537931034482759 0.6958620689655172 0.3675862068965517 0.7024137931034482 0.38091954022988506 0.710344827586207 0.3993103448275862 0.6982758620689655 0.3735632183908046 0.6872413793103449 0.35701149425287354