0 0.43852124183006536 0.23223039215686275 0.04084967320261438 0.03860294117647059
0 0.38112745098039214 0.19929534313725492 0.015931372549019607 0.013174019607843137
0 0.3519199346405229 0.22319240196078433 0.024101307189542485 0.021752450980392156
0 0.522671568627451 0.27190563725490197 0.024509803921568627 0.018075980392156864
0 0.5322712418300654 0.3086703431372549 0.017565359477124183 0.014093137254901961
0 0.514501633986928 0.2956495098039216 0.017973856209150325 0.007659313725490196
0 0.5024509803921569 0.19270833333333334 0.014705882352941176 0.015318627450980392
0 0.4803921568627451 0.21691176470588236 0.013888888888888888 0.013480392156862746
0 0.23897058823529413 0.4840686274509804 0.031862745098039214 0.017463235294117647
0 0.35355392156862747 0.7766544117647058 0.023284313725490197 0.014705882352941176
0 0.4675245098039216 0.7892156862745098 0.0392156862745098 0.03002450980392157
0 0.4707924836601307 0.3632046568627451 0.0559640522875817 0.025122549019607844
0 0.3974673202614379 0.23958333333333334 0.01511437908496732 0.017463235294117647