0 0.43075980392156865 0.48912377450980393 0.013071895424836602 0.014093137254901961
0 0.45874183006535946 0.5278799019607843 0.015522875816993464 0.013480392156862746
0 0.309640522875817 0.30744485294117646 0.024509803921568627 0.023284313725490197
0 0.2710375816993464 0.3190870098039216 0.02042483660130719 0.0196078431372549
0 0.25674019607843135 0.3581495098039216 0.0196078431372549 0.0196078431372549
0 0.2973856209150327 0.3950674019607843 0.016339869281045753 0.015318627450980392
0 0.33517156862745096 0.2728247549019608 0.035130718954248366 0.0196078431372549
0 0.46568627450980393 0.2426470588235294 0.014705882352941176 0.014093137254901961
0 0.40032679738562094 0.22824754901960784 0.01715686274509804 0.023284313725490197
0 0.2152777777777778 0.5010723039215687 0.014705882352941176 0.016544117647058824
0 0.5633169934640523 0.5641850490196079 0.026143790849673203 0.03400735294117647
0 0.5612745098039216 0.2495404411764706 0.01715686274509804 0.014705882352941176
0 0.514501633986928 0.2115502450980392 0.014705882352941176 0.010416666666666666
0 0.42340686274509803 0.20756740196078433 0.0196078431372549 0.013480392156862746
0 0.3662173202614379 0.2743566176470588 0.013888888888888888 0.007965686274509803
0 0.29820261437908496 0.4736519607843137 0.017973856209150325 0.016544117647058824