12 0.3567073170731707 0.260473888522669 0.373170731707317 0.256811689738519 0.39207317073170733 0.256811689738519 0.4143292682926829 0.2650516370028565 0.43536585365853653 0.2742071339632315 0.4564024390243902 0.30030030030030025 0.46554878048780485 0.3122024463487878 0.4521341463414634 0.295264776972094 0.4381097560975609 0.280615981835494 0.4277439024390243 0.269629385483044 0.40243902439024387 0.2572694645865377 0.38506097560975605 0.25589614004248146
12 0.3807926829268292 0.24170511975390024 0.40030487804878045 0.24307844429795647 0.42073170731707316 0.24674064308210647 0.43932926829268293 0.25452281549842526 0.4509146341463414 0.26093166337068774 0.461280487804878 0.2778693327473815 0.4719512195121951 0.291602578187944 0.45304878048780484 0.265967186698894 0.4371951219512195 0.25360726580238774 0.398780487804878 0.24124734490588148
12 0.448780487804878 0.2746649088112502 0.46280487804878045 0.2925181278839815 0.4740853658536585 0.31540687028491904 0.48109756097560974 0.34287336116604406 0.4698170731707316 0.3067091481725628
12 0.3125 0.23117629824946895 0.34603658536585363 0.2334651724895627 0.3807926829268292 0.2389584706657877
12 0.35121951219512193 0.21194975463268145 0.37408536585365854 0.21240752948070019 0.3847560975609756 0.21561195341683145 0.4048780487804878 0.21835860250494393 0.4280487804878048 0.22385190068116895 0.45243902439024386 0.24674064308210647 0.48963414634146335 0.29572255182011276 0.4515243902439024 0.24445176884201272 0.4222560975609756 0.2224785761371127 0.37408536585365854 0.2133230791767377
12 0.4021341463414634 0.20554090676041895 0.4283536585365853 0.21561195341683145 0.45518292682926825 0.2352962718816377 0.48902439024390243 0.267798286090969 0.4271341463414634 0.21561195341683145
12 0.37286585365853653 0.4257306086574379 0.3942073170731707 0.4623525964989379 0.4170731707317073 0.4966857101003442 0.4344512195121951 0.5104189555409068 0.41615853658536583 0.4985168094924192 0.39298780487804874 0.46143704680290043
12 0.40762195121951217 0.4609792719548817 0.42652439024390243 0.47150809345931294 0.4515243902439024 0.480663590419688 0.4664634146341463 0.48981908738006297 0.48475609756097554 0.515454478869113 0.4664634146341463 0.48890353768402545 0.4484756097560975 0.4779169413315754 0.42378048780487804 0.47013476891525663
12 0.39024390243902435 0.7653995458873507 0.4064024390243902 0.7539551746868819 0.423170731707317 0.7177909616934006 0.4408536585365853 0.6692668278034131 0.44298780487804873 0.6582802314509631 0.4222560975609756 0.7200798359334944 0.40579268292682924 0.7544129495349007
12 0.485670731707317 0.42893503259356913 0.034146341463414616 0
12 0.23140243902439023 0.45731707317073167 0.2530487804878049 0.4481615762103566 0.2695121951219512 0.42939280744158786 0.2503048780487805 0.44953490075441294