12 0.629059829059829 0.24512820512820513 0.6128205128205129 0.23658119658119658 0.5611111111111112 0.23247863247863246 0.517948717948718 0.22940170940170942 0.4517094017094017 0.22700854700854703 0.41452991452991456 0.23316239316239318 0.38461538461538464 0.2454700854700855 0.311965811965812 0.24820512820512822 0.27008547008547007 0.2588034188034188 0.23034188034188036 0.27760683760683763 0.21239316239316242 0.28581196581196583 0.20384615384615387 0.3022222222222223 0.20085470085470086 0.3210256410256411 0.20726495726495728 0.307008547008547 0.22521367521367522 0.2864957264957265 0.25683760683760687 0.26940170940170943 0.2730769230769231 0.2605128205128205 0.3106837606837607 0.25299145299145304 0.34658119658119657 0.25299145299145304 0.38119658119658123 0.2495726495726496 0.4200854700854701 0.23726495726495728 0.4491452991452992 0.23179487179487182 0.4713675213675214 0.23247863247863246 0.517948717948718 0.2341880341880342 0.5653846153846155 0.23692307692307696 0.597863247863248 0.23863247863247866 0.6145299145299146 0.2464957264957265 0.6282051282051283 0.24991452991452992
12 0.6085470085470085 0.21196581196581196 0.6286324786324786 0.2229059829059829 0.6482905982905984 0.2358974358974359 0.6594017094017095 0.2454700854700855 0.6807692307692308 0.2577777777777778 0.6722222222222223 0.25675213675213676 0.6551282051282052 0.2461538461538462 0.6371794871794871 0.23760683760683765 0.6209401709401711 0.2252991452991453 0.5961538461538461 0.2205128205128205 0.588034188034188 0.21333333333333335 0.5987179487179487 0.21333333333333335
12 0.2136752136752137 0.3258119658119658 0.22136752136752139 0.31316239316239314 0.23846153846153847 0.305982905982906 0.27393162393162396 0.2923076923076923 0.30683760683760686 0.2837606837606838 0.3290598290598291 0.28170940170940173 0.35683760683760685 0.2820512820512821 0.3863247863247864 0.27726495726495726 0.4102564102564103 0.2683760683760684 0.43034188034188037 0.26153846153846155 0.45598290598290603 0.25743589743589745 0.4811965811965812 0.26256410256410256 0.5068376068376069 0.26700854700854704 0.5405982905982907 0.26735042735042736 0.561965811965812 0.2666666666666667 0.5841880341880342 0.26324786324786326 0.5987179487179487 0.26735042735042736 0.6162393162393163 0.27555555555555555 0.6269230769230769 0.27897435897435896 0.6376068376068377 0.2895726495726496 0.6414529914529915 0.3008547008547009 0.6427350427350427 0.30803418803418803 0.6414529914529915 0.3111111111111111 0.6346153846153847 0.29538461538461536 0.6230769230769231 0.29264957264957264 0.6025641025641026 0.27452991452991454 0.5893162393162393 0.2683760683760684 0.5794871794871795 0.2683760683760684 0.547008547008547 0.27282051282051284 0.5123931623931625 0.27350427350427353 0.4696581196581197 0.26735042735042736 0.4482905982905983 0.26153846153846155 0.42521367521367526 0.26632478632478634 0.408974358974359 0.27282051282051284 0.39444444444444443 0.2806837606837607 0.3717948717948718 0.2806837606837607 0.3367521367521368 0.2847863247863248 0.31752136752136756 0.2841025641025641 0.2863247863247863 0.29094017094017094 0.26153846153846155 0.3011965811965812 0.23162393162393163 0.31384615384615383 0.21794871794871795 0.3223931623931624 0.2136752136752137 0.3312820512820513
12 0.22469135802469137 0.3631746031746032 0.22751322751322753 0.35075837742504407 0.23915343915343917 0.3341093474426808 0.2522045855379189 0.3276190476190476 0.2758377425044092 0.32564373897707233 0.2627865961199295 0.3298765432098765 0.24797178130511463 0.33382716049382716 0.23880070546737212 0.342010582010582 0.2324514991181658 0.34821869488536156
12 0.28430335097001763 0.32564373897707233 0.30229276895943563 0.31774250440917107 0.31746031746031744 0.31379188712522044 0.3315696649029982 0.3143562610229277 0.3509700176366843 0.3180246913580247 0.3502645502645503 0.3214109347442681 0.3287477954144621 0.316331569664903 0.31216931216931215 0.316331569664903 0.291358024691358 0.3233862433862434
12 0.44126984126984126 0.31943562610229276 0.4634920634920635 0.31943562610229276 0.49171075837742506 0.31746031746031744 0.5149911816578483 0.3143562610229277 0.5379188712522045 0.3129453262786596 0.5516754850088184 0.31943562610229276 0.5520282186948854 0.32282186948853614 0.5403880070546737 0.32 0.5312169312169313 0.32 0.5139329805996473 0.3160493827160494 0.48641975308641977 0.31887125220458556 0.46596119929453267 0.32 0.4416225749559083 0.32225749559082895
12 0.3932980599647266 0.3143562610229277 0.40282186948853616 0.3070194003527337 0.4158730158730159 0.3033509700176367 0.4402116402116402 0.2994003527336861 0.42786596119929454 0.2982716049382716 0.4077601410934744 0.30250440917107585 0.40211640211640215 0.3056084656084656
12 0.4984126984126984 0.29432098765432096 0.5149911816578483 0.29375661375661377 0.5340388007054674 0.2929100529100529 0.5492063492063491 0.2903703703703704 0.5668430335097001 0.29008818342151677 0.5724867724867725 0.29093474426807764 0.5537918871252204 0.29432098765432096 0.545679012345679 0.29432098765432096 0.528747795414462 0.2948853615520282 0.5107583774250442 0.2948853615520282
12 0.5696649029982364 0.28190476190476194 0.582363315696649 0.28190476190476194 0.5904761904761905 0.28444444444444444 0.6045855379188713 0.2895238095238095 0.6194003527336861 0.2977072310405644 0.6271604938271605 0.305326278659612 0.6299823633156966 0.3143562610229277 0.6218694885361552 0.30052910052910053 0.6102292768959436 0.29375661375661377 0.5954144620811287 0.2875485008818342 0.582010582010582 0.28190476190476194 0.5657848324514991 0.28190476190476194
12 0.5686067019400353 0.3276190476190476 0.5851851851851853 0.3270546737213404 0.6010582010582011 0.33552028218694885 0.6190476190476191 0.3476543209876543 0.6313932980599648 0.36063492063492064 0.6151675485008818 0.34567901234567905 0.599647266313933 0.3352380952380952 0.5855379188712523 0.32931216931216933
12 0.400705467372134 0.3183068783068783 0.39929453262786596 0.32451499118165783 0.4038800705467372 0.33975308641975305 0.4105820105820106 0.3513227513227513 0.41481481481481486 0.36091710758377427 0.41728395061728396 0.3665608465608466 0.418694885361552 0.35978835978835977 0.41410934744268074 0.3501940035273369 0.40811287477954145 0.34116402116402117 0.4038800705467372 0.3315696649029982 0.400705467372134 0.32395061728395064
12 0.3622574955908289 0.3219753086419753 0.36049382716049383 0.33326278659611996 0.3622574955908289 0.34511463844797174 0.3668430335097002 0.3524514991181658 0.3668430335097002 0.342010582010582 0.3668430335097002 0.3318518518518519