12 0.08689655172413792 0.2093486590038314 0.11999999999999998 0.21088122605363982 0.15908045977011492 0.21088122605363982 0.19816091954022985 0.2111877394636015 0.2404597701149425 0.21057471264367814 0.26390804597701145 0.2157854406130268 0.3296551724137931 0.22773946360153252 0.4257471264367816 0.23877394636015323 0.5075862068965517 0.24643678160919538 0.5641379310344827 0.25839080459770114 0.5852873563218389 0.26360153256704977 0.6096551724137931 0.27770114942528734 0.5852873563218389 0.2678927203065134 0.5586206896551723 0.25931034482758614 0.5195402298850574 0.25348659003831414 0.4758620689655172 0.24613026819923367 0.43494252873563216 0.2412260536398467 0.3981609195402298 0.23785440613026818 0.35310344827586204 0.2329501915708812 0.31540229885057464 0.22804597701149423 0.27770114942528734 0.22068965517241376 0.24091954022988504 0.2133333333333333 0.20091954022988504 0.2133333333333333 0.16091954022988503 0.2133333333333333 0.11724137931034481 0.21302681992337164
12 0.5245977011494253 0.2133333333333333 0.5558620689655173 0.2203831417624521 0.5949425287356321 0.2286590038314176 0.625287356321839 0.23754789272030646 0.6611494252873563 0.2571647509578544 0.6229885057471264 0.23785440613026818 0.5829885057471264 0.2283524904214559 0.5549425287356321 0.2222222222222222
12 0.09655172413793102 0.23846743295019154 0.1282758620689655 0.2393869731800766 0.192183908045977 0.2436781609195402 0.2262068965517241 0.24704980842911875 0.24827586206896549 0.25134099616858235 0.2855172413793103 0.2611494252873563 0.3204597701149425 0.2712643678160919 0.35080459770114936 0.272183908045977 0.3967816091954023 0.27586206896551724 0.4629885057471264 0.2783141762452107 0.5595402298850575 0.2859770114942528 0.6004597701149424 0.29915708812260533 0.6349425287356321 0.32153256704980837 0.6110344827586206 0.3126436781609195 0.5793103448275861 0.29486590038314175 0.5563218390804596 0.28965517241379307 0.48643678160919535 0.2826053639846743 0.4390804597701149 0.28107279693486587 0.3788505747126436 0.277088122605364 0.31494252873563217 0.272183908045977 0.25701149425287356 0.2562452107279693 0.19954022988505743 0.2479693486590038 0.13011494252873562 0.24337164750957851
12 0.2616091954022988 0.27984674329501913 0.2652873563218391 0.2914942528735632 0.2625287356321839 0.3135632183908046 0.25747126436781603 0.336551724137931 0.24827586206896549 0.35126436781609194 0.2294252873563218 0.3610727969348659 0.2450574712643678 0.3485057471264367 0.2597701149425287 0.3255172413793103 0.26206896551724135 0.3080459770114942 0.26206896551724135 0.2875095785440613
12 0.3158620689655172 0.2872030651340996 0.3158620689655172 0.3086590038314176 0.31816091954022985 0.3313409961685823 0.3195402298850574 0.34819923371647504 0.3195402298850574 0.36321839080459767 0.320919540229885 0.34022988505747126 0.3163218390804597 0.3080459770114942
12 0.4478160919540229 0.3059003831417624 0.4937931034482758 0.3059003831417624 0.5328735632183907 0.3080459770114942 0.560919540229885 0.3089655172413793 0.5926436781609195 0.31785440613026816 0.6142528735632182 0.33348659003831416 0.6344827586206896 0.34973180076628346 0.6170114942528735 0.3298084291187739 0.5990804597701149 0.3190804597701149 0.5572413793103448 0.30712643678160917 0.5393103448275862 0.30712643678160917 0.48643678160919535 0.3059003831417624
12 0.11080459770114942 0.2632950191570881 0.13793103448275862 0.2694252873563218 0.1701149425287356 0.27463601532567045 0.19494252873563214 0.27586206896551724 0.2308045977011494 0.2822988505747126 0.2625287356321839 0.28842911877394634 0.22436781609195397 0.27800766283524897 0.1733333333333333 0.272183908045977 0.1471264367816092 0.27095785440613024
12 0.37793103448275855 0.3019157088122605 0.37425287356321835 0.31111111111111106 0.37287356321839077 0.3255172413793103 0.37241379310344824 0.3380842911877394 0.38022988505747124 0.358007662835249 0.37517241379310345 0.34636015325670494 0.37287356321839077 0.33716475095785436 0.37103448275862067 0.3187739463601532
12 0.5695238095238095 0.19682539682539682 0.5942857142857143 0.19682539682539682 0.6247619047619049 0.2057142857142857 0.6533333333333333 0.215026455026455 0.6787301587301587 0.23153439153439154 0.7022222222222223 0.24931216931216932 0.6761904761904762 0.228994708994709 0.6438095238095238 0.21164021164021166 0.6196825396825397 0.2052910052910053 0.5898412698412698 0.1985185185185185
12 0.5516969696969697 0.32727272727272727 0.5692053872053872 0.33849607182940517 0.5853670033670033 0.34927048260381593
12 0.5261077441077441 0.31380471380471375 0.5160067340067339 0.32413019079685745 0.5314949494949495 0.3425364758698092 0.5160067340067339 0.32368125701459033