12 0.4184827586206897 0.20248461627771974 0.4380689655172414 0.20619993033786135 0.46041379310344827 0.21014745152676187 0.48662068965517247 0.21641704400325093 0.5117241379310344 0.20898641588296762 0.5324137931034483 0.20387785905027284 0.5586206896551724 0.19830488796006038 0.5906206896551724 0.1966794380587484 0.6132413793103448 0.19482178102867756 0.6118620689655172 0.19760826657378383 0.600551724137931 0.1996981307326135 0.5828965517241379 0.1996981307326135 0.5497931034482758 0.20364565192151401 0.5313103448275862 0.20643213746662023 0.5062068965517241 0.21432717984442123 0.4811034482758621 0.21873911529083945 0.4513103448275862 0.21177290142807384 0.41351724137931034 0.2045744804365494
12 0.48441379310344823 0.22013235806339254 0.488 0.23081388598629976 0.49324137931034484 0.24544293509810752 0.49324137931034484 0.2394055497503773 0.4902068965517241 0.22291884360849878
12 0.5420689655172414 0.17044003250899803 0.5384827586206896 0.1839080459770115 0.5362758620689655 0.20039475211889005 0.5365517241379311 0.20364565192151401 0.5376551724137931 0.19993033786137235 0.5406896551724139 0.18251480320445837 0.5459310344827586 0.17067223963775688
12 0.3917241379310345 0.19040984558225937 0.40055172413793105 0.19319633112736562 0.4126896551724138 0.1927319168698479 0.42648275862068963 0.19598281667247183 0.4179310344827586 0.1966794380587484 0.40165517241379306 0.19551840241495413 0.3889655172413793 0.19296412399860677
12 0.6063448275862069 0.20039475211889005 0.6019310344827586 0.21641704400325093 0.5944827586206897 0.22500870776732848 0.6030344827586207 0.22082897944966912 0.6071724137931035 0.20782538023917335
12 0.48358620689655174 0.2484616277719726 0.46262068965517245 0.23476140717520025 0.4386206896551724 0.22756298618367585 0.4027586206896552 0.21920352954835712 0.36937931034482757 0.2138627655869035 0.34344827586206894 0.2136305584581447 0.32110344827586207 0.21827470103332172 0.29324137931034483 0.22291884360849878 0.2717241379310345 0.23731568559154764 0.25958620689655176 0.24915824915824916 0.2579310344827586 0.2547312202484617 0.27144827586206893 0.2412632067804482 0.2910344827586207 0.22709857192615815 0.30786206896551727 0.22500870776732848 0.3277241379310345 0.2212933937071868 0.34262068965517245 0.2173458725182863 0.36717241379310345 0.2185069081620806 0.3892413793103448 0.22036456519215142 0.408 0.2243120863810519 0.4259310344827586 0.22802740044119352 0.4419310344827586 0.22849181469871124 0.4518620689655173 0.23267154301637058 0.4708965517241379 0.24172762103796586
12 0.27420689655172414 0.2570532915360501 0.28551724137931034 0.25124811331707886 0.3070344827586207 0.24404969232555437 0.3393103448275862 0.23847672123534194 0.36579310344827587 0.2361546499477534 0.3969655172413793 0.2361546499477534 0.41986206896551725 0.24010217113665389 0.4336551724137931 0.24381748519679552 0.448 0.2484616277719726 0.45544827586206893 0.25914315569487983 0.46813793103448276 0.2677348194589574 0.4822068965517241 0.27330779054916987 0.45820689655172414 0.2672704052014397 0.45075862068965517 0.2547312202484617 0.43668965517241376 0.24776500638569607 0.41406896551724137 0.24288865668176013 0.3911724137931034 0.23894113549285964 0.3608275862068966 0.2370834784627888 0.3448275862068966 0.24079879252293046 0.32441379310344826 0.24149541390920698 0.2990344827586207 0.2475327992569372 0.28027586206896554 0.2540345988621851
12 0.40441379310344827 0.24660397074190177 0.4071724137931034 0.2677348194589574 0.38510344827586207 0.29467084639498436 0.3820689655172414 0.3081388598629978 0.3917241379310345 0.2944386392662255 0.40662068965517245 0.27516544757924066 0.4088275862068966 0.2614652269824684 0.40827586206896554 0.24497852084058983
12 0.4223448275862069 0.2656449553001277 0.42041379310344823 0.28677580401718333 0.4148965517241379 0.312550795309416 0.42041379310344823 0.3004760246139556 0.424 0.27516544757924066
12 0.5144827586206897 0.24822942064321374 0.528 0.23986996400789504 0.5550344827586207 0.2375478927203065 0.5831724137931035 0.2405665853941716 0.5881379310344828 0.24358527806803668 0.5657931034482758 0.24103099965168934 0.5495172413793104 0.2405665853941716 0.5299310344827586 0.24242424242424243 0.512 0.2519447347033554
12 0.48558282208588954 0.2522670467455743 0.49141104294478527 0.26621015884819565 0.49141104294478527 0.27834583049306977 0.48834355828220855 0.29487100039247277 0.4950920245398773 0.2853173865443804 0.4938650306748466 0.26750118774658654 0.48926380368098155 0.251750635186218
12 0.5711138310893513 0.22460426377195042 0.5924112607099143 0.22419214585677255 0.6276621787025704 0.218628554001871 0.6558139534883721 0.2182164360866931 0.6753977968176255 0.2221315562808831 0.7023255813953488 0.22790120709337355 0.6974296205630356 0.23119815041479666 0.6776009791921666 0.22563455855989517 0.6567931456548348 0.2217194383657052 0.6296205630354957 0.2217194383657052 0.6090575275397797 0.22419214585677255 0.5872705018359853 0.22728303022060675
12 0.5943696450428397 0.22831332500855145 0.591187270501836 0.25881005073171537 0.5904528763769891 0.2757068852540089 0.5997552019583843 0.29074918915800185 0.6093023255813954 0.2959006630977255 0.6303549571603427 0.29487036830978075 0.6531211750305997 0.28333106668479985 0.6560587515299877 0.2794159464906099 0.6337821297429621 0.28889465853970137 0.6093023255813954 0.2926037197763024 0.594124847001224 0.27591294421159784 0.5943696450428397 0.2567494611558259 0.5975520195838434 0.23181632728756355
12 0.597062423500612 0.24191321620942186 0.6230110159118727 0.2386162728879987 0.6496940024479805 0.2421192751670108 0.6682986536107711 0.24273745203977765 0.6854345165238679 0.24603439536120078 0.6988984088127295 0.24706469014914548 0.7091799265605876 0.2522161640888691 0.7265605875152998 0.26313728884108323 0.7268053855569155 0.2684948217383958 0.7265605875152998 0.2707614702718742 0.7118727050183599 0.25984034551966007 0.6974296205630356 0.25159798721610227 0.6822521419828641 0.24871316180985703 0.6653610771113831 0.24830104389467914 0.6305997552019583 0.24232533412459975
12 0.6038 0.18922558922558924 0.6154 0.18888888888888888 0.6372000000000001 0.18888888888888888 0.6577999999999999 0.18888888888888888 0.6724 0.19040404040404038 0.6846 0.19444444444444445 0.67 0.1946127946127946 0.6466000000000001 0.19175084175084176 0.6284 0.19175084175084176 0.6156 0.19158249158249158 0.6042000000000001 0.19124579124579125
12 0.6596000000000001 0.1638047138047138 0.674 0.16582491582491582 0.6976 0.17542087542087542 0.7136 0.1808080808080808 0.7266 0.1882154882154882 0.7278 0.19175084175084176 0.7116 0.18198653198653197 0.6964 0.17744107744107745 0.6834 0.1739057239057239 0.667 0.16902356902356902 0.6567999999999999 0.1686868686868687 0.6547999999999999 0.16447811447811447
12 0.6958 0.19545454545454544 0.7042 0.20185185185185187 0.7182000000000001 0.21195286195286198 0.7232000000000001 0.21599326599326601 0.717 0.21616161616161617 0.7058 0.20673400673400674 0.698 0.20067340067340067
12 0.6512 0.20303030303030303 0.6726 0.2026936026936027 0.6818 0.2026936026936027 0.687 0.20656565656565656 0.6778 0.20622895622895623 0.6634 0.20622895622895623 0.65 0.20589225589225588
12 0.6958 0.18013468013468015 0.7068 0.18905723905723906 0.7232000000000001 0.20084175084175085 0.7308 0.20757575757575758 0.7462000000000001 0.21717171717171718 0.7624 0.23114478114478115 0.7737999999999999 0.24427609427609426 0.7856000000000001 0.2627946127946128 0.7784 0.248989898989899 0.7656000000000001 0.22962962962962963 0.7536 0.21599326599326601 0.737 0.20067340067340067 0.7226 0.19478114478114478 0.7044 0.18114478114478114 0.6916 0.1749158249158249
12 0.702 0.15892255892255894 0.7208 0.17188552188552186 0.741 0.19040404040404038 0.7577999999999999 0.2085858585858586 0.7702 0.21952861952861955 0.7888 0.2409090909090909 0.786 0.23063973063973064 0.7597999999999999 0.20252525252525252 0.7298 0.17424242424242425 0.712 0.16077441077441076
12 0.7064 0.22929292929292927 0.7166 0.2398989898989899 0.7342000000000001 0.2537037037037037 0.7456 0.26835016835016834 0.744 0.25892255892255894 0.729 0.2447811447811448 0.718 0.23653198653198654
12 0.7246 0.22626262626262628 0.7342000000000001 0.23434343434343433 0.7476 0.24966329966329967 0.7507999999999999 0.255050505050505 0.7604 0.26885521885521885 0.7606 0.25875420875420874 0.7467999999999999 0.24074074074074073 0.7336 0.22895622895622897 0.724 0.2222222222222222
12 0.7308 0.2132996632996633 0.7456 0.22996632996632996 0.757 0.24107744107744106 0.765 0.2553872053872054 0.7694 0.268013468013468 0.7697999999999999 0.28114478114478114 0.7702 0.2580808080808081 0.7627999999999999 0.24057239057239058 0.75 0.2249158249158249 0.7332000000000001 0.2106060606060606 0.7293999999999999 0.20976430976430976
12 0.6164444444444445 0.2714178825289936 0.6277777777777779 0.272914328469884 0.6426666666666666 0.2674897119341564 0.6586666666666666 0.2676767676767677 0.6731111111111111 0.26973438084549195 0.6586666666666666 0.2701084923307146 0.6435555555555555 0.2701084923307146 0.6311111111111111 0.27441077441077444
12 0.6284444444444445 0.24766180321735878 0.6311111111111111 0.2624392068836513 0.6311111111111111 0.2701084923307146 0.6351111111111111 0.26150392817059487
12 0.6804444444444444 0.26954732510288065 0.6988888888888889 0.2759072203516648 0.716 0.28208005985783763 0.7335555555555555 0.29667040778151893 0.722 0.29143284698840255 0.7051111111111111 0.28170594837261503 0.6833333333333333 0.27310138421249536 0.6722222222222222 0.27310138421249536
12 0.4625909752547307 0.15413719926092562 0.45822416302765645 0.17545665289478973 0.45385735080058226 0.1977563112934292 0.45880640465793304 0.19089487794000165 0.4631732168850073 0.16859521954136217 0.4640465793304221 0.1516866873489872
12 0.5135371179039302 0.25705869956233857 0.4983988355167394 0.296266890153353 0.4949053857350801 0.29455153181499616 0.5036390101892285 0.27323207818113204
12 0.4672489082969432 0.2891604056087317 0.4524017467248908 0.33277951764123526 0.44657933042212516 0.34135630933301964 0.44657933042212516 0.34576723077450877 0.4579330422125182 0.3317993128764599 0.46229985443959243 0.319301702125574 0.47161572052401746 0.28867030322634396
12 0.4314410480349345 0.27200682222516287 0.4489082969432314 0.27641774366665195 0.4611353711790393 0.27960340915217186 0.4713245997088792 0.2874450472703748 0.4643377001455604 0.2852395865496302 0.44628820960698684 0.27715289724023345 0.4296943231441048 0.2742122829459074
12 0.27012345679012345 0.21449058486095526 0.2967901234567901 0.19287525460364968 0.3323456790123457 0.18123623061894667 0.36740740740740746 0.182483268903022 0.4034567901234568 0.18206758947499688 0.3950617283950617 0.1891341397514237 0.3412345679012346 0.18664006318327306 0.3022222222222222 0.19744772831192584 0.2691358024691358 0.22737664712973354 0.24888888888888888 0.24940765681506422 0.2607407407407408 0.22820800598578378
12 0.4734312416555407 0.3124255460704059 0.49906542056074765 0.307480681312457 0.5193591455273698 0.30028815075544046 0.5260347129506008 0.296916652056839 0.5260347129506008 0.30028815075544046 0.5065420560747663 0.3081549810521773 0.4859813084112149 0.31422367870966
12 0.43471295060080106 0.2987147846960931 0.4157543391188251 0.31916854346760887 0.40907877169559415 0.32815920666387954 0.4109479305740988 0.33220500510220136 0.4192256341789052 0.32074190952695625 0.43284379172229637 0.3056825486732029 0.44058744993324434 0.3020862833946946 0.45473965287049395 0.30343488287413517 0.4555407209612817 0.2982652515362796
12 0.5255006675567423 0.28073345830355173 0.5281708945260346 0.30658161499282993 0.5292389853137517 0.32815920666387954 0.5391188251001334 0.34389286725735324 0.5594125500667557 0.35940176127092016 0.563150867823765 0.3607503607503607 0.5634178905206941 0.34973679833492916 0.5401869158878504 0.32546200770499834 0.5292389853137517 0.29219655387879684 0.5268357810413885 0.27848579250448413