12 0.37289527720739224 0.24997768056423533 0.4041067761806981 0.24258917769041557 0.42792607802874744 0.23889492625350567 0.46242299794661185 0.2373556548214599 0.49117043121149895 0.24412844912246137 0.5186858316221766 0.23396925767095916 0.5490759753593429 0.22073152335536542 0.5749486652977412 0.21426658334077317 0.5852156057494866 0.21611370905922805 0.5482546201232033 0.22565719193791192 0.5129363449691992 0.24258917769041557 0.48870636550308005 0.24720699198655294 0.46611909650924027 0.24566772055450714 0.4394250513347022 0.24197346911759723 0.39137577002053386 0.2487462634185987
12 0.439 0.2748125937031484 0.45480000000000004 0.27556221889055477 0.4782 0.2748125937031484 0.501 0.2737631184407796 0.514 0.2719640179910045 0.529 0.26431784107946027 0.546 0.25577211394302846 0.5562 0.2502248875562219 0.5614 0.24887556221889057 0.5672 0.25067466266866567 0.546 0.2599700149925038 0.5287999999999999 0.2698650674662669 0.5157999999999999 0.2749625187406297 0.505 0.2782608695652174 0.4858 0.2800599700149925 0.4564 0.2785607196401799 0.441 0.2785607196401799 0.4182 0.28050974512743626 0.4052 0.28080959520239884 0.41960000000000003 0.27886056971514245 0.43439999999999995 0.27706146926536734
12 0.29753086419753083 0.2792585188887038 0.3160493827160494 0.27208617913265587 0.3290123456790123 0.26769022895959427 0.3607643312101911 0.26509038474393376 0.38292993630573247 0.26528137205282704 0.41019108280254774 0.259933727403814 0.43796178343949044 0.2585968162415607 0.397452229299363 0.2637534735816805 0.3722292993630573 0.2671912451417603 0.34777070063694265 0.2694830928484802 0.32025477707006367 0.27483073749749326
12 0.578781038374718 0.22776422172660848 0.6 0.22336461566056703 0.6252821670428894 0.2179497158869775 0.645823927765237 0.2137193254388607 0.6602708803611739 0.21067344431621662 0.6618510158013545 0.21422697229263474 0.637020316027088 0.2193034408303749 0.6033860045146727 0.22505677183981376
12 0.5686230248306998 0.24790088025964443 0.6076749435665915 0.2402861774530342 0.6404063205417608 0.23284069026434864 0.6670428893905193 0.22877951543415653 0.6866817155756209 0.2284410841983072 0.6273137697516931 0.23605578700491744 0.5839729119638827 0.24620872408039773
12 0.558594730238394 0.2968402875099464 0.5909661229611042 0.28367246740494245 0.6130489335006274 0.27558366362615433 0.6419071518193225 0.2641088489632223 0.6215809284818068 0.2763361104892974 0.5982434127979925 0.284048690836514 0.5648682559598495 0.29552350549944606
12 0.28862559241706165 0.30553443657318263 0.328436018957346 0.29132353254652293 0.3578199052132702 0.2835075353318602 0.39478672985781993 0.2835075353318602 0.33933649289099527 0.28421808053319314
12 0.4942895086321381 0.2809352295963572 0.49110225763612214 0.287903856836522 0.497742363877822 0.2962662095247197 0.5073041168658698 0.3129909149011152 0.5110225763612217 0.3151810548908812 0.5094289508632138 0.3060222876609504 0.49960159362549794 0.29467338044125346 0.4937583001328021 0.28810296047195527
12 0.4759628154050465 0.3022393185877181 0.47543160690571046 0.30960615309874945 0.47649402390438245 0.31677388397434747 0.47569721115537844 0.3331003820798764 0.4759628154050465 0.340666320226341 0.48047808764940236 0.33469321116334266 0.48047808764940236 0.32354340757907896 0.4780876494023904 0.3127918112656819
12 0.5318129988597492 0.3029272137021569 0.5372862029646522 0.31250053422547563 0.5443557582668187 0.3297667015978898 0.5445838084378563 0.33369860109853855 0.5452679589509692 0.31916766816135833 0.5429874572405929 0.3089105390292311 0.5306727480045611 0.2984824577449018
12 0.5156000000000001 0.24842578710644675 0.5146000000000001 0.2581709145427286 0.5154 0.27031484257871063 0.519 0.2565217391304348 0.5212 0.2467766116941529 0.5202 0.2368815592203898 0.5156000000000001 0.24617691154422786
12 0.6476190476190475 0.25809606019501075 0.6611832611832613 0.25312019315017814 0.6767676767676768 0.24900969428705563 0.6992784992784994 0.25203848292304065 0.7174603174603175 0.2606921647401408 0.6906204906204906 0.2537692192864607 0.6730158730158731 0.2537692192864607 0.6525252525252525 0.26090850678556826 0.6453102453102454 0.26090850678556826
12 0.2948328267477204 0.31716664464120525 0.32462006079027356 0.3030399693770136 0.34893617021276596 0.29848297735630663 0.3799392097264438 0.29848297735630663 0.40790273556231 0.3107868558122155 0.3933130699088146 0.30714126219564986 0.38054711246200607 0.30349566857908433 0.3483282674772037 0.29939437576044803 0.3161094224924012 0.30714126219564986 0.2899696048632219 0.3203565390557001