12 0.5257352941176471 0.29074754901960786 0.32189542483660133 0.030637254901960783
12 0.3502859477124183 0.21706495098039216 0.23039215686274508 0.028799019607843136
12 0.2565359477124183 0.2864583333333333 0.15359477124183007 0.03553921568627451
0 0.7177287581699346 0.5834865196078431 0.15645424836601307 0.07322303921568628
0 0.5183823529411765 0.35401348039215685 0.0392156862745098 0.033394607843137254
0 0.409109477124183 0.3700980392156863 0.05473856209150327 0.025735294117647058
0 0.6376633986928104 0.22503063725490197 0.029411764705882353 0.02389705882352941
0 0.491625816993464 0.24065563725490197 0.03431372549019608 0.02297794117647059
0 0.5271650326797386 0.14552696078431374 0.026552287581699346 0.02297794117647059
0 0.4389297385620915 0.11642156862745098 0.04330065359477124 0.018075980392156864
0 0.3772467320261438 0.1487438725490196 0.02165032679738562 0.02389705882352941
0 0.11744281045751634 0.5836397058823529 0.0661764705882353 0.06096813725490196
0 0.22365196078431374 0.6741727941176471 0.03431372549019608 0.020833333333333332
0 0.215890522875817 0.5784313725490197 0.0392156862745098 0.027573529411764705
0 0.6358251633986928 0.6959252450980392 0.017973856209150325 0.0389093137254902
0 0.8002450980392157 0.4387254901960784 0.02165032679738562 0.029411764705882353