0 0.27593954248366015 0.18489583333333334 0.03390522875816993 0.024509803921568627
0 0.13705065359477125 0.32107843137254904 0.032679738562091505 0.024509803921568627
0 0.2542892156862745 0.23268995098039216 0.05555555555555555 0.022365196078431373
0 0.29758986928104575 0.2697610294117647 0.05555555555555555 0.03155637254901961
0 0.40461601307189543 0.23881740196078433 0.028594771241830064 0.0508578431372549
0 0.49754901960784315 0.17830882352941177 0.02696078431372549 0.023284313725490197
0 0.429125816993464 0.14322916666666666 0.028594771241830064 0.02022058823529412
0 0.7250816993464052 0.22303921568627452 0.02165032679738562 0.023284313725490197
0 0.7408088235294118 0.27190563725490197 0.025735294117647058 0.029411764705882353
0 0.7265114379084967 0.3506433823529412 0.024509803921568627 0.024509803921568627
0 0.59375 0.5212928921568627 0.18709150326797386 0.07506127450980392
0 0.5998774509803921 0.6513480392156863 0.042075163398692814 0.024509803921568627
0 0.2636846405228758 0.36121323529411764 0.03390522875816993 0.06004901960784314
0 0.4311683006535948 0.6832107843137255 0.0298202614379085 0.024509803921568627
12 0.4534313725490196 0.2037377450980392 0.2152777777777778 0.011029411764705883