0 0.5373774509803921 0.37346813725490197 0.044526143790849675 0.02665441176470588
0 0.45159313725490197 0.23544730392156862 0.027777777777777776 0.01991421568627451
0 0.3386437908496732 0.25076593137254904 0.0559640522875817 0.03155637254901961
0 0.5106209150326797 0.16743259803921567 0.03431372549019608 0.020833333333333332
0 0.7438725490196079 0.17876838235294118 0.04330065359477124 0.04381127450980392
0 0.7971813725490197 0.23590686274509803 0.027777777777777776 0.020833333333333332
12 0.8092320261437909 0.27496936274509803 0.17401960784313725 0.03799019607843137
0 0.46854575163398693 0.11979166666666667 0.01919934640522876 0.014399509803921568
0 0.3016748366013072 0.4615502450980392 0.02287581699346405 0.025122549019607844
0 0.8176062091503268 0.3310355392156863 0.03349673202614379 0.01715686274509804
0 0.75 0.39920343137254904 0.02287581699346405 0.020526960784313725
0 0.36499183006535946 0.15701593137254902 0.017973856209150325 0.013480392156862746
0 0.30943627450980393 0.22748161764705882 0.016748366013071895 0.0196078431372549