0 0.6412037037037037 0.5999348958333334 0.01880787037037037 0.020616319444444444
0 0.6896701388888888 0.6046006944444444 0.0234375 0.012369791666666666
0 0.4921875 0.4488932291666667 0.019675925925925927 0.019965277777777776
0 0.3187210648148148 0.6438802083333334 0.024305555555555556 0.014756944444444444
0 0.3506944444444444 0.6280381944444444 0.03356481481481482 0.018229166666666668
0 0.3159722222222222 0.6716579861111112 0.014178240740740741 0.022352430555555556
0 0.2808159722222222 0.6297743055555556 0.02980324074074074 0.04513888888888889
0 0.3033854166666667 0.7177734375 0.05150462962962963 0.06510416666666667
0 0.36009837962962965 0.7258029513888888 0.05555555555555555 0.056206597222222224
0 0.7131076388888888 0.619140625 0.0234375 0.016493055555555556
0 0.7369791666666666 0.6539713541666666 0.04311342592592592 0.016927083333333332
0 0.7802372685185185 0.6613498263888888 0.0390625 0.03515625
0 0.6180555555555556 0.8594835069444444 0.030381944444444444 0.025824652777777776
0 0.515625 0.8902994791666666 0.04600694444444445 0.03342013888888889
0 0.4390914351851852 0.8551432291666666 0.028935185185185185 0.019314236111111112
0 0.43431712962962965 0.6528862847222222 0.028935185185185185 0.022786458333333332
0 0.36906828703703703 0.6522352430555556 0.02025462962962963 0.014756944444444444