0 0.39163773148148145 0.5452473958333334 0.02199074074074074 0.014322916666666666
0 0.40943287037037035 0.5601128472222222 0.02025462962962963 0.014322916666666666
0 0.3890335648148148 0.5681423611111112 0.023726851851851853 0.012803819444444444
0 0.41507523148148145 0.6019965277777778 0.033854166666666664 0.016927083333333332
0 0.3676215277777778 0.6087239583333334 0.022569444444444444 0.016927083333333332
0 0.3563368055555556 0.6362847222222222 0.023726851851851853 0.033854166666666664
0 0.3255208333333333 0.6337890625 0.019675925925925927 0.021267361111111112
0 0.32219328703703703 0.5960286458333334 0.03443287037037037 0.03125
0 0.28920717592592593 0.6057942708333334 0.02141203703703704 0.012803819444444444
0 0.21773726851851852 0.6316189236111112 0.020833333333333332 0.013454861111111112
0 0.23668981481481483 0.6240234375 0.015914351851851853 0.011935763888888888
0 0.2595486111111111 0.6995442708333334 0.02662037037037037 0.013020833333333334
0 0.2756076388888889 0.6327039930555556 0.022569444444444444 0.013020833333333334
0 0.2643229166666667 0.6720920138888888 0.026041666666666668 0.011501736111111112
0 0.33492476851851855 0.6710069444444444 0.038483796296296294 0.033854166666666664
0 0.40943287037037035 0.6519097222222222 0.022569444444444444 0.017795138888888888
0 0.3732638888888889 0.6538628472222222 0.027199074074074073 0.031684027777777776
0 0.3995949074074074 0.6299913194444444 0.023148148148148147 0.012803819444444444
0 0.2874710648148148 0.6647135416666666 0.02025462962962963 0.017795138888888888
0 0.30888310185185186 0.5634765625 0.03153935185185185 0.025390625
0 0.1886574074074074 0.6803385416666666 0.02025462962962963 0.016927083333333332
0 0.2209201388888889 0.6735026041666666 0.017939814814814815 0.015190972222222222
0 0.23828125 0.8784722222222222 0.014756944444444444 0.035590277777777776
0 0.19907407407407407 0.4590928819444444 0.013020833333333334 0.011501736111111112
0 0.3933738425925926 0.6828342013888888 0.020833333333333332 0.011067708333333334
0 0.2829861111111111 0.6527777777777778 0.013599537037037037 0.012803819444444444
0 0.29875578703703703 0.6280381944444444 0.02488425925925926 0.014756944444444444