0 0.4551952580195258 0.3251830543933054 0.0198744769874477 0.010983263598326359
0 0.4735006973500697 0.34205020920502094 0.014295676429567642 0.013336820083682008
0 0.4642608089260809 0.3799686192468619 0.011854951185495118 0.011506276150627616
0 0.5029637377963738 0.4309623430962343 0.020223152022315203 0.015690376569037656
0 0.5186541143654114 0.37212343096234307 0.011157601115760111 0.010721757322175732
0 0.6532426778242678 0.6240847280334728 0.019177126917712693 0.02301255230125523
0 0.2927126917712692 0.6035564853556485 0.01708507670850767 0.014382845188284518
0 0.496513249651325 0.7428085774058577 0.028242677824267783 0.022228033472803346
0 0.6555090655509066 0.6698483263598326 0.0198744769874477 0.015690376569037656
0 0.6467921896792189 0.6888075313807531 0.02092050209205021 0.013859832635983263
0 0.6659693165969317 0.6430439330543933 0.0198744769874477 0.016736401673640166