11 0.3144578313253012 0.3806818181818182 0.02650602409638554 0.026515151515151516
11 0.536144578313253 0.3958333333333333 0.03132530120481928 0.04924242424242424
11 0.3168674698795181 0.4034090909090909 0.02650602409638554 0.03409090909090909
11 0.40481927710843374 0.4071969696969697 0.033734939759036145 0.041666666666666664
11 0.3566265060240964 0.4128787878787879 0.033734939759036145 0.045454545454545456
11 0.6879518072289157 0.4318181818181818 0.03132530120481928 0.03787878787878788
11 0.35542168674698793 0.44696969696969696 0.03132530120481928 0.045454545454545456
11 0.4188674698795181 0.4511742424242424 0.02650602409638554 0.03787878787878788
11 0.5927710843373494 0.4678030303030303 0.033734939759036145 0.03409090909090909
11 0.22289156626506024 0.4734848484848485 0.02650602409638554 0.045454545454545456
11 0.3855421686746988 0.4791666666666667 0.02891566265060241 0.041666666666666664
11 0.5228915662650603 0.5284090909090909 0.03855421686746988 0.041666666666666664
11 0.5939759036144578 0.5776515151515151 0.03132530120481928 0.056818181818181816
11 0.6746987951807228 0.5795454545454546 0.03855421686746988 0.05303030303030303
11 0.38433734939759034 0.6060606060606061 0.02650602409638554 0.03787878787878788
11 0.3650602409638554 0.6893939393939394 0.03132530120481928 0.045454545454545456
11 0.3253012048192771 0.7215909090909091 0.033734939759036145 0.04924242424242424
11 0.7530120481927711 0.7310606060606061 0.04578313253012048 0.05303030303030303
11 0.23012048192771084 0.7367424242424242 0.02650602409638554 0.03409090909090909
11 0.28795180722891567 0.7481060606060606 0.021686746987951807 0.03409090909090909
11 0.23734939759036144 0.8958333333333334 0.03132530120481928 0.056818181818181816
16 0.3542168674698795 0.0928030303030303 0.033734939759036145 0.056818181818181816
16 0.7626506024096386 0.9185606060606061 0.04096385542168675 0.04924242424242424
11 0.38674698795180723 0.14962121212121213 0.012048192771084338 0.03409090909090909
11 0.40120481927710844 0.17045454545454544 0.02650602409638554 0.045454545454545456
16 0.5891566265060241 0.18181818181818182 0.03614457831325301 0.03787878787878788
11 0.3337349397590361 0.18371212121212122 0.03614457831325301 0.041666666666666664
11 0.3578313253012048 0.20833333333333334 0.021686746987951807 0.03787878787878788
11 0.41445783132530123 0.2481060606060606 0.02891566265060241 0.041666666666666664
11 0.5240963855421686 0.2556818181818182 0.03132530120481928 0.03409090909090909
11 0.35542168674698793 0.26325757575757575 0.021686746987951807 0.041666666666666664
11 0.44096385542168676 0.2897727272727273 0.024096385542168676 0.026515151515151516
11 0.37349397590361444 0.30492424242424243 0.033734939759036145 0.03409090909090909
11 0.39518072289156625 0.3333333333333333 0.014457831325301205 0.03787878787878788
11 0.5481927710843374 0.3333333333333333 0.03614457831325301 0.045454545454545456
11 0.5987951807228916 0.3352272727272727 0.02650602409638554 0.04924242424242424
11 0.44457831325301206 0.3390151515151515 0.021686746987951807 0.03409090909090909
11 0.3457831325301205 0.3541666666666667 0.016867469879518072 0.03409090909090909
11 0.28072289156626506 0.36363636363636365 0.03132530120481928 0.03787878787878788
11 0.6228915662650603 0.3731060606060606 0.03132530120481928 0.04924242424242424
11 0.5741686746987952 0.37814393939393937 0.03132530120481928 0.03409090909090909