12 0.7006714876033058 0.3404706790123457 0.019111570247933883 0.05941358024691358
4 0.3886880165289256 0.5123456790123457 0.08884297520661157 0.11651234567901235
4 0.44111570247933884 0.5792824074074074 0.1559917355371901 0.08719135802469136
0 0.6136363636363636 0.7208719135802469 0.05630165289256198 0.018518518518518517
0 0.5958161157024794 0.6761188271604939 0.02324380165289256 0.037037037037037035
0 0.6650309917355371 0.6969521604938271 0.033574380165289255 0.013117283950617283
0 0.6738119834710744 0.7154706790123457 0.012913223140495868 0.01427469135802469
0 0.6446280991735537 0.7434413580246914 0.04648760330578512 0.009259259259259259
0 0.4684917355371901 0.49170524691358025 0.01962809917355372 0.016203703703703703
0 0.5650826446280992 0.558641975308642 0.024793388429752067 0.021604938271604937
1 0.40960743801652894 0.4369212962962963 0.038739669421487606 0.013503086419753086