12 0.5137132604237867 0.36027568922305764 0.5179853041695147 0.37071846282372595 0.521545340624288 0.38780663780663777 0.5219013442697653 0.4134389002810055 0.5240373661426293 0.3882813093339409 0.5240373661426293 0.3730918204602415
12 0.5510936431989064 0.36620908331434643 0.5728098655730235 0.3638357256778309 0.5881180223285487 0.3631237183868763 0.6109022556390977 0.36122503227766384 0.6269224196855775 0.3607503607503607 0.6358225108225108 0.36264904685957317 0.617666324903167 0.36217437533227004 0.5888300296195033 0.3654970760233918
12 0.4952010708589656 0.35007025138604086 0.5119332421964001 0.3488835725677831 0.5318694463431306 0.350544922913344 0.5614177489177489 0.35149426596795014 0.5717418546365916 0.35315561631351106 0.5439735702893598 0.35291828054985946 0.5233253588516746 0.35196893749525326 0.5026771474139895 0.3512569302042986
12 0.555009683299157 0.346272879167616 0.5646217817270449 0.346272879167616 0.584201982228298 0.34840890104047995 0.5963061061745273 0.34912090833143467 0.6126822738664844 0.34912090833143467 0.6230063795853269 0.3488835725677831 0.6287024379129642 0.34651021493126755 0.6376025290498974 0.34651021493126755 0.6539786967418546 0.34912090833143467 0.660742766005924 0.3524436090225564 0.6507746639325587 0.34959557985873774 0.6361785144679881 0.3472222222222222 0.6287024379129642 0.34769689374952534 0.6052061973114604 0.35220627325890486 0.5888300296195033 0.350544922913344 0.5635537707906129 0.3472222222222222
12 0.5493136249715197 0.3355927698032961 0.5642657780815675 0.3353554340396446 0.5731658692185008 0.3386781347307663
12 0.4692128047391205 0.3412888281309334 0.48309694691273636 0.3365421128579023 0.4976930963773069 0.337254120148857 0.5176293005240373 0.3367794486215539 0.5443295739348372 0.33939014202172096 0.5400575301891092 0.34033948507632716 0.5186973114604694 0.3398648135490241 0.5016091364775576 0.33844079896711476 0.4809609250398724 0.33796612743981164
12 0.39872408293460926 0.36881977671451355 0.419016290726817 0.3619370395686185 0.44393654591023013 0.3557663097136781 0.47668888129414444 0.3493582440950862 0.49377705627705626 0.34556087187666135 0.45248063340168604 0.35624098124098125 0.4225763271815903 0.36241171109592163
12 0.46494076099339254 0.3270486823118402 0.47348484848484845 0.3237259816207185 0.4919970380496696 0.32325131009341534 0.5151372750056961 0.32325131009341534 0.5318694463431306 0.3227766385661122 0.5471776030986557 0.3227766385661122 0.5671138072453862 0.3227766385661122 0.5824219640009114 0.3279980253664464 0.5916780587833219 0.3332194121667806 0.612326270221007 0.3374914559125085 0.5959501025290499 0.3355927698032961 0.5809979494190021 0.330371383002962 0.5667578035999088 0.32348864585706694 0.5407695374800638 0.3249126604389762 0.5033891547049442 0.32586200349358246 0.4774008885850991 0.32586200349358246
12 0.6076982228298018 0.33298207640312905 0.6187343358395989 0.3327447406394775 0.6368905217589428 0.3327447406394775 0.6450786056049214 0.3332194121667806 0.6600307587149692 0.3360674413305992 0.674982911825017 0.3438995215311005 0.656470722260196 0.3363047770942508 0.6333304853041696 0.33369408369408365
12 0.3705997949419002 0.3600383534594061 0.3777198678514468 0.35220627325890486 0.3851959444064707 0.3498329156223893 0.4001480975165186 0.34461152882205515 0.422220323536113 0.33796612743981164 0.4353924584187742 0.3334567479304321 0.40869218500797444 0.34437419305840355 0.39124800637958534 0.34959557985873774 0.37843187514240145 0.35315561631351106
12 0.3851959444064707 0.39824941140730613 0.3994360902255639 0.38804397357028936 0.4126082251082251 0.3806865648970912 0.4304084073820916 0.3780758714969241 0.4485645933014354 0.37522784233310547 0.4635167464114832 0.37166780587833215 0.47348484848484845 0.36976911976911975 0.4813169286853497 0.36620908331434643 0.49235304169514693 0.3654970760233918 0.5044571656413762 0.3681077694235589 0.49021701982228294 0.36597174755069495 0.47562087035771244 0.3692944482418166 0.4596007063112326 0.37285448469658994 0.44180052403736614 0.37688919267866633 0.42791638186375025 0.3792625503151819 0.42079630895420367 0.3804492291334397 0.41225222146274776 0.38495860864281917 0.39730006835269993 0.38923065238854715
12 0.38448393711551604 0.3745158350421508 0.3905359990886307 0.36787043365990735 0.39196001367054 0.36264904685957317 0.4019281157439052 0.3586143388774968 0.4115402141717931 0.35291828054985946 0.41830428343586235 0.35007025138604086 0.4022841193893825 0.357427660059239 0.39196001367054 0.36288638262322476 0.39124800637958534 0.36881977671451355
12 0.36597174755069495 0.34247550694919116 0.37736386420596946 0.33488076251234145 0.38697596263385736 0.3320327333485228 0.3980120756436546 0.32871003265740106 0.41047220323536115 0.32586200349358246 0.42293233082706766 0.32325131009341534 0.40264012303485985 0.3279980253664464 0.38483994076099337 0.33298207640312905 0.3730918204602415 0.3367794486215539
12 0.4257803599908863 0.344136857294752 0.4350364547732969 0.34247550694919116 0.44393654591023013 0.34010214931267563 0.4542606516290727 0.3365421128579023 0.4596007063112326 0.3322700691121744 0.4702808156755525 0.32823536113009794 0.4709928229665072 0.32823536113009794 0.46636477557530187 0.33179539758487125 0.46102472089314195 0.3334567479304321 0.4507006151742994 0.3398648135490241 0.4389524948735475 0.3431875142401458
12 0.6383145363408521 0.3175552517657781 0.6529106858054227 0.3206406166932483 0.6671508316245158 0.326099339257234 0.674982911825017 0.33084605453026505 0.6650148097516518 0.3268113465481886 0.6518426748689906 0.321827295511506
12 0.4638727500569606 0.30972317156527684 0.4795369104579631 0.3092485000379737 0.4941330599225336 0.30734981392876126 0.5041011619958988 0.30663780663780665 0.5162052859421281 0.30948583580162525 0.5372095010252905 0.30758714969241285 0.5400575301891092 0.3099605073289284 0.5275974025974026 0.31209652920179237 0.5151372750056961 0.31209652920179237 0.5019651401230348 0.31114718614718617 0.48630097972203234 0.3101978430925799 0.4667207792207792 0.3113845219108377 0.4592447026657553 0.31209652920179237 0.46743278651173387 0.3090111642743221
12 0.6610987696514012 0.43693514088250934 0.6689308498519025 0.4393084985190248 0.6767629300524037 0.4383591554644186 0.686731032125769 0.4407325131009342 0.6966991341991342 0.4454792283739652 0.7112952836637048 0.44903926482873846 0.6931390977443609 0.44358054226475274 0.682458988380041 0.4407325131009342 0.6753389154704944 0.43883382699172174 0.6682188425609478 0.43883382699172174
12 0.3894679881521987 0.4585326953748006 0.3723798131692868 0.46256740335687707 0.36241171109592163 0.46921280473912047 0.3766518569150148 0.4611433887749677
12 0.38127990430622005 0.47633287764866716 0.38911198450672135 0.46850079744816586 0.3944520391888813 0.4663647755753018 0.4019281157439052 0.46494076099339254 0.4158122579175211 0.46256740335687707 0.3983680792891319 0.46517809675704413 0.389823991797676 0.46850079744816586 0.38483994076099337 0.4722981696665907