12 0.3657461127871896 0.02417420901988087 0.39765606869343234 0.029009050823857043 0.4276320878780847 0.033843892627833216 0.474046569196256 0.04351357623578556 0.5610737216678271 0.05028235476135221 0.5804130888837318 0.051249323122147444 0.46437688558830353 0.037711766071014154 0.3995900054150229 0.02417420901988087
12 0.5388334493695367 0.27558598282664193 0.5310977024831748 0.2330393749516516 0.5310977024831748 0.18565792527268507 0.5378664810087415 0.13827647559371858 0.5339986075655605 0.2214357546221088
12 0.3067610427786803 0.06381991181248549 0.371547922951961 0.05511719656532838 0.40249091049740854 0.057051133286918854 0.45567417034114643 0.059952038369304565 0.5059565251024987 0.07058869033805214 0.5407673860911272 0.07735746886361879 0.5920167092132745 0.07929140558520925 0.6510017792217839 0.08219231066759496 0.6935483870967742 0.09959774116190918 0.7186895644774505 0.1083004564090663 0.6510017792217839 0.0831592790283902 0.5678425001933937 0.08025837394600449 0.4972538098553416 0.07155565869884738 0.45954204378432745 0.058985070008509326 0.3821845749207086 0.058985070008509326
12 0.3135013211841392 0.10178614324160365 0.3261228029460981 0.09690040836600666 0.34403716415662033 0.08916466147964479 0.37213013969130293 0.08427892660404783 0.40673742839344823 0.08305749288514858 0.43971613880372773 0.08346463745811498 0.4747305720788394 0.09242181806337611 0.5187021859592121 0.09934327580380516 0.5305093785752382 0.10137899866863724 0.5329522460130367 0.10422901067940214 0.493052077862328 0.09893613123083875 0.4564090662953508 0.08875751690667838 0.43645898221999646 0.08550036032294707 0.39818739236115347 0.08387178203108141 0.3627658145130754 0.08590750489591348 0.3375228509891577 0.09120038434447687
12 0.5113735836458168 0.11522191414949533 0.5435380049101635 0.11196475756576402 0.5773310044663759 0.10911474555499912 0.6147883051792861 0.10626473354423421 0.6241526303575137 0.10626473354423421 0.5716309804448461 0.11074332384686476 0.5329522460130367 0.11481476957652892
12 0.3342656944054264 0.10545044439830138 0.35462292305374715 0.10015756494973799 0.3774230191398663 0.10015756494973799 0.4079588621123474 0.10463615525236855 0.43971613880372773 0.11440762500356251 0.4649591023276455 0.12499338390068929 0.49223778871639523 0.14372203425714436 0.5048592704783541 0.15390064858130473 0.507709282489119 0.18036504582412166 0.505673559624287 0.18199362411598732 0.5020092584675893 0.16774356406216281 0.5020092584675893 0.15471493772723754 0.4747305720788394 0.1339505645059504 0.44460187367932474 0.1197005044521259 0.40225883809081764 0.10545044439830138 0.3757944408480007 0.10137899866863724 0.3489228990322173 0.10300757696050289 0.3326371161135607 0.11033617927389835
12 0.49915924645682436 0.2039794310561737 0.4836877526841005 0.16285782918656586 0.45070904227382097 0.13598628737078247 0.4104017295501459 0.12214337188992438 0.3770158745668999 0.11603620329542816 0.40307312723675043 0.11603620329542816 0.4266875124688025 0.12702910676552137 0.4523376205656866 0.13476485365188323 0.46292337946281337 0.13761486566264813 0.4788020178085036 0.15186492571647264 0.4865377646948654 0.15797209431096887 0.49345922243529455 0.17425787722962546 0.49712352359199224 0.18769364813751713
12 0.5667452455692491 0.16692927491622997 0.5740738478826446 0.15390064858130473 0.5976882331146965 0.14127916681934585 0.6131597268874204 0.13598628737078247 0.6477670155895656 0.13598628737078247 0.6966243643455353 0.14087202224637946 0.6469527264436328 0.13883629938154737 0.6188597509089502 0.13842915480858095 0.588323907936469 0.1473863354138421 0.5744809924556109 0.15715780516503602
12 0.5679666792881484 0.22230093683966237 0.5781452936123087 0.26342253870927024 0.5805881610501072 0.27848688790902754 0.5814024501960401 0.2727868638874978 0.5757024261745103 0.24347245463391592
12 0.5496451735046597 0.1534935040083383 0.557788064963988 0.13598628737078247 0.5846596067797714 0.12417909475475646 0.5985025222606295 0.12377195018179003 0.5663381009962828 0.13272913078705115 0.5561594866721223 0.1563435160191032
12 0.6301539413630386 0.4393904231453547 0.6479461592016709 0.4502204687862613 0.6773419973698461 0.47497485882261936 0.7013228127175679 0.48812562852943453 0.7283979268198345 0.49972924885897735 0.6835305948789356 0.4765220081998917 0.6518140326448519 0.45640906629535083
12 0.7415486965266497 0.4842577550862536 0.763208787808463 0.4974085247930688 0.7810010056470953 0.5121064438771564 0.7601144890539182 0.4974085247930688
12 0.7508315927902839 0.46801268662489365 0.7771331322039143 0.4711069853794384 0.8096232691266343 0.47729558288852797 0.8220004641448132 0.4819370310203451 0.8490755782470798 0.5105592944998839 0.8637734973311674 0.5461437301771487 0.8436605554266264 0.502049972924886 0.8142647172584514 0.47729558288852797
12 0.792604625976638 0.5422758567339677 0.8057553956834532 0.5616152239498724 0.8134911425698151 0.5855960392975942 0.8049818209948171 0.5546530517521466
12 0.34470488125628534 0.4401639978339909 0.31066759495629304 0.46105051442716793 0.277403883344937 0.4703334106908022 0.22944225264949333 0.4927670766612517 0.19463139166086488 0.5167478920089735 0.17838632319950493 0.5430494314226039 0.19463139166086488 0.5175214666976097 0.22866867796085716 0.49431422603852404 0.2874603542972074 0.46646553724762124
12 0.26425311363812176 0.4888992032180708 0.2557437920631237 0.5430494314226039 0.2557437920631237 0.5159743173203373
12 0.26966813645857507 0.16554498336814422 0.2743095845903922 0.19571439622495554 0.2928753771176607 0.2166009128181326 0.3153090430881102 0.25218534849539725 0.30138469869265877 0.22511023439313066 0.2812717567881179 0.20035584435677264