0 0.5727911646586346 0.24435240963855423 0.018072289156626505 0.010542168674698794
0 0.6521084337349398 0.21206701807228914 0.018072289156626505 0.00941265060240964
0 0.6370481927710844 0.2033132530120482 0.0214190093708166 0.010542168674698794
0 0.6169678714859438 0.18335843373493976 0.01606425702811245 0.006588855421686747
0 0.5863453815261044 0.19860692771084337 0.020080321285140562 0.009036144578313253
0 0.4330655957161981 0.1956890060240964 0.01673360107095047 0.007906626506024096
0 0.42402945113788487 0.20660768072289157 0.027777777777777776 0.012424698795180723
0 0.3949129852744311 0.21780873493975902 0.02208835341365462 0.011295180722891566
0 0.3826974564926372 0.23126882530120482 0.018741633199464525 0.018072289156626505
0 0.41582998661311915 0.2605421686746988 0.03614457831325301 0.01882530120481928
0 0.4397590361445783 0.22364457831325302 0.01606425702811245 0.007341867469879518
0 0.482764390896921 0.2292921686746988 0.06894243641231593 0.015625
0 0.5595716198125836 0.2162085843373494 0.03748326639892905 0.010542168674698794
0 0.6460843373493976 0.24811746987951808 0.014725568942436412 0.007906626506024096
0 0.6228246318607764 0.25865963855421686 0.01104417670682731 0.006965361445783132
0 0.5741298527443106 0.28793298192771083 0.014056224899598393 0.015625
0 0.5443440428380187 0.3104292168674699 0.018072289156626505 0.009036144578313253
0 0.5450133868808568 0.28736822289156627 0.01104417670682731 0.012989457831325301
0 0.44779116465863456 0.2496234939759036 0.014056224899598393 0.010918674698795181
0 0.48527443105756357 0.26374246987951805 0.014056224899598393 0.00941265060240964
0 0.6176372155287818 0.23032756024096385 0.023092369477911646 0.010542168674698794
0 0.715528781793842 0.29320406626506024 0.0214190093708166 0.011295180722891566
0 0.7471552878179384 0.4402296686746988 0.05990629183400268 0.016001506024096387
0 0.749330655957162 0.41792168674698793 0.025100401606425703 0.020707831325301206
0 0.6651606425702812 0.4577371987951807 0.018072289156626505 0.016001506024096387
4 0.6335341365461847 0.44446536144578314 0.10508701472556894 0.07379518072289157
0 0.6651606425702812 0.4765625 0.023761713520749666 0.019954819277108432
4 0.3706492637215529 0.42629894578313254 0.08467202141900937 0.04066265060240964
0 0.5353078982597055 0.47260918674698793 0.014056224899598393 0.007341867469879518
0 0.3115796519410977 0.4683734939759036 0.025100401606425703 0.010542168674698794
0 0.2822958500669344 0.4294051204819277 0.014056224899598393 0.012424698795180723
0 0.42001338688085676 0.3974021084337349 0.014056224899598393 0.0062123493975903615
0 0.46301874163319945 0.2971573795180723 0.01104417670682731 0.006588855421686747
0 0.3826974564926372 0.27466114457831325 0.01740294511378849 0.00941265060240964
0 0.6631526104417671 0.49651731927710846 0.02643908969210174 0.013365963855421686
0 0.7096720214190094 0.47035015060240964 0.018072289156626505 0.021837349397590362
0 0.589190093708166 0.4812688253012048 0.0214190093708166 0.011671686746987951
0 0.3309906291834003 0.4484186746987952 0.01104417670682731 0.006965361445783132
0 0.32095046854083 0.4347703313253012 0.01606425702811245 0.008659638554216868
0 0.3781793842034806 0.4164156626506024 0.020749665327978582 0.010918674698795181
0 0.32061579651941097 0.42243975903614456 0.02208835341365462 0.008283132530120483
0 0.6092704149933066 0.5567582831325302 0.01740294511378849 0.010918674698795181
0 0.4164993306559572 0.3114646084337349 0.01673360107095047 0.006588855421686747
0 0.6131191432396251 0.24322289156626506 0.01673360107095047 0.0062123493975903615
0 0.5282797858099063 0.2315512048192771 0.01673360107095047 0.005459337349397591
0 0.6725234270414994 0.4420180722891566 0.03112449799196787 0.015248493975903615
0 0.6034136546184738 0.4314759036144578 0.018072289156626505 0.012048192771084338
0 0.29133199464524767 0.3951430722891566 0.012382864792503346 0.018448795180722892
0 0.3816934404283802 0.43364081325301207 0.020749665327978582 0.007906626506024096