12 0.5406116932533742 0.26033416438242946 0.5562239222204874 0.24518244052948385 0.5801014488760725 0.22498014205888966 0.5993871434825065 0.21533813597065157 0.6263258915041923 0.19743155323535216 0.639183021241815 0.1978906963824111 0.6547952502089283 0.1946766943529984 0.6731625784055322 0.19329926491182156 0.6952033722414568 0.19421755120593945 0.7141829447112807 0.19421755120593945 0.7313257843614445 0.19100354917652676 0.7478563797383879 0.17998411364711173 0.767142074344822 0.16988296441181466 0.7818359369021052 0.166209819235343 0.7640808529787214 0.17447439588240424 0.7319380286346645 0.19238097861770365 0.7016319371102682 0.19972726897064694 0.6734687005421423 0.19513583750005736 0.6474483189302868 0.19834983952947008 0.6195912044987708 0.2038595572941776 0.5807136931492926 0.22727585779418447 0.5485708688052359 0.2566610192059578
12 0.549489235215066 0.28512789432361324 0.5644892199089592 0.26538473900007803 0.5886728687011543 0.25528358976478094 0.611019784673689 0.23875443647065844 0.5742851282804813 0.265843882147137 0.5598973878598082 0.27181274305890346
12 0.7906124585587158 0.17822559539387595 0.8075379514918862 0.1805809997382884 0.8228930378642471 0.18581523161476055 0.836852207293666 0.18581523161476055 0.851509335194556 0.19131117508505627 0.8565695341127203 0.1962836953677048 0.8618042226487524 0.205443601151531 0.8532542313732333 0.19890081130594087 0.8378991450008725 0.19419000261711594 0.8188797766532891 0.1923580214603507 0.8028267318094573 0.1842449620518189 0.7888675623800384 0.18188955770740645
12 0.7421261559937183 0.2175477623658728 0.7601203978363288 0.20896035069353572 0.7721165590647356 0.2040532583093431 0.7816589600418775 0.19996401465584926 0.7947456813819578 0.19710154409840355 0.7925645611586111 0.20078186338654802 0.7813863200139591 0.20323540957864433 0.7663911184784505 0.20773357759748756 0.7456704763566567 0.2179566867312222
12 0.5450074158087593 0.3545374247579168 0.5496422962833711 0.33613582831719446 0.5572762170650847 0.32018777806856846 0.5679091781538999 0.3062843496466893 0.5829043796894084 0.29687908924365347 0.5959911010294887 0.2907452237634127 0.6071693421741406 0.2862470557445695 0.6254362240446694 0.27397932478408793 0.6417946257197696 0.26212051818895576 0.6625152678415634 0.2478081654017273 0.6666048682603385 0.2478081654017273 0.6753293491537253 0.24576354357498037 0.691142470772989 0.24576354357498037 0.7134989530622928 0.24576354357498037 0.7290394346536381 0.2449456948442816 0.7538496771942069 0.23881182936404083 0.7767514395393474 0.22940656896100498 0.7843853603210609 0.2261351740382099 0.773207119176409 0.23472258571054697 0.7541223172221253 0.24330999738288406 0.7358554353515966 0.24903493849777544 0.7113178328389461 0.2502617115938236 0.6892339905775606 0.250670635959173 0.6674227883440935 0.2510795603245224 0.6513370266969115 0.25803127453546193 0.6325248647705461 0.27316147605338914 0.6115315826208341 0.2874738288406176 0.5889024603036119 0.29687908924365347 0.5692723782934915 0.3095557445694844 0.5561856569534113 0.3291841141062549 0.547188536032106 0.34799463491232663
12 0.8195559239225266 0.21713883800052342 0.8389133659047286 0.2150942161737765 0.8599066480544407 0.21918345982727036 0.8740839295061944 0.24167429992148654 0.8781735299249694 0.27316147605338914 0.8694490490315826 0.24167429992148654 0.8599066480544407 0.22204593038471604 0.8465472866864422 0.22000130855796912 0.8236455243413017 0.22122808165401728 0.8162842435875065 0.22041023292331852
12 0.5970816611411621 0.33327335775974876 0.6123495027045891 0.3242770217220623 0.6322522247426278 0.31650745878042397 0.6518823067527482 0.30587542528134 0.6679680683999302 0.2940166186862078 0.6867802303262955 0.2862470557445695 0.7064103123364159 0.2833845851871238 0.7328563950444948 0.28174888772572626 0.7552128773337986 0.27684179534153364 0.7726618391205723 0.2702990054959435 0.7898381608794277 0.2637562156503533 0.8203738440062817 0.26048482072755824 0.837550165765137 0.2514884846898718 0.8520000872448089 0.2563955770740644 0.8669952887803176 0.26498298874640147 0.8751744896178677 0.2854292070138707 0.8779008898970512 0.29524339178225595 0.8639962484732159 0.266618686207799 0.8470925667422788 0.25435095524731743 0.8348237654859536 0.255986652708715 0.8201012039783633 0.261302669458257 0.7974720816611411 0.2662097618424496 0.7811136799860409 0.26825438366919657 0.7620288780317571 0.27806856843758176 0.7388544756586983 0.2866559801099189 0.7156800732856395 0.2870649044752683 0.6930509509684174 0.28992737503271393 0.6764199092653987 0.29483446741690655 0.6556992671436049 0.3062843496466893 0.6311616646309545 0.3205967024339178 0.6096231024254057 0.3295930384716043
12 0.5763610190193683 0.33613582831719446 0.5605478974001047 0.3835710546977231 0.5553677368696562 0.4244634912326616 0.557548857093003 0.41996532321381835 0.562456377595533 0.38847814708191575 0.5755430989356133 0.3439053912588328 0.5848128598848369 0.33245550902904997 0.5864487000523468 0.3238680973567129 0.5801779794102251 0.33245550902904997
12 0.605806142034549 0.24985278722847423 0.6238003838771593 0.23635828317194452 0.6415219856918514 0.22449947657681235 0.6589709474786251 0.21713883800052342 0.6854170301867039 0.21632098926982465 0.707228232420171 0.2232727034807642 0.6777831094049904 0.21959238419261973 0.6494285465014832 0.22204593038471604 0.622709823765486 0.24003860246008898
12 0.5857865742702595 0.5767001906755898 0.5645985492434628 0.5907204546304258 0.5564972455567464 0.6066100871125734 0.5191066131565171 0.611283508430852 0.5577435999700875 0.6084794556398848 0.5639753720367924 0.5925898231577373
12 0.5689607896901562 0.5495943470295734 0.5471495874566891 0.5514637155568848 0.5166139043298351 0.5271619247018356 0.5004112969564025 0.5019254495831308 0.5209761447765285 0.5346393988110816 0.5483959418700302 0.5533330840841963