0 0.8089022757697456 0.6869352409638554 0.03112449799196787 0.018072289156626505
0 0.40578982597054886 0.6095632530120482 0.03614457831325301 0.01581325301204819
0 0.37265729585006696 0.6101280120481928 0.02208835341365462 0.01016566265060241
0 0.45147255689424365 0.5553463855421686 0.04317269076305221 0.014683734939759037
0 0.4067938420348059 0.568335843373494 0.03815261044176707 0.018072289156626505
0 0.43340026773761714 0.4822100903614458 0.035140562248995984 0.022025602409638554
0 0.5433400267737617 0.4553840361445783 0.08032128514056225 0.004518072289156626
0 0.5262717536813922 0.4286521084337349 0.03614457831325301 0.01637801204819277
0 0.5438420348058902 0.3910956325301205 0.08132530120481928 0.038403614457831324
0 0.3781793842034806 0.3250188253012048 0.02710843373493976 0.014683734939759037
0 0.34153279785809904 0.291980421686747 0.018072289156626505 0.012989457831325301
0 0.3631191432396252 0.2628953313253012 0.04317269076305221 0.041792168674698794
0 0.41532797858099063 0.2620481927710843 0.03112449799196787 0.011859939759036145
0 0.4640227576974565 0.2292921686746988 0.040160642570281124 0.020896084337349397
0 0.42386211512717537 0.2868975903614458 0.028112449799196786 0.01637801204819277
0 0.45197456492637217 0.27927334337349397 0.020080321285140562 0.011295180722891566
0 0.4384203480589023 0.33461972891566266 0.02710843373493976 0.02033132530120482
0 0.38771753681392235 0.37104668674698793 0.02208835341365462 0.015248493975903615
0 0.35157295850066933 0.40041415662650603 0.024096385542168676 0.011859939759036145
0 0.37265729585006696 0.4167921686746988 0.030120481927710843 0.015248493975903615
0 0.4318942436412316 0.3639871987951807 0.028112449799196786 0.02371987951807229
0 0.41532797858099063 0.37895331325301207 0.029116465863453816 0.018637048192771084
0 0.5423360107095047 0.5059299698795181 0.03815261044176707 0.01976656626506024
0 0.5794846050870147 0.47289156626506024 0.02208835341365462 0.014683734939759037
0 0.5724564926372155 0.4971762048192771 0.024096385542168676 0.01355421686746988
0 0.6186412315930389 0.5559111445783133 0.04417670682730924 0.01581325301204819
0 0.5503681392235609 0.5703125 0.01606425702811245 0.012989457831325301
0 0.5147255689424364 0.5437688253012049 0.029116465863453816 0.017507530120481927
0 0.48711512717536815 0.5112951807228916 0.050200803212851405 0.02371987951807229
0 0.6301874163319946 0.5076242469879518 0.01706827309236948 0.014118975903614458
0 0.6116131191432396 0.4720444277108434 0.020080321285140562 0.011859939759036145
0 0.5222556894243642 0.46112575301204817 0.024096385542168676 0.01355421686746988
0 0.4861111111111111 0.4261106927710843 0.024096385542168676 0.01355421686746988
0 0.47305890227576974 0.38629518072289154 0.03413654618473896 0.03670933734939759
0 0.4349062918340027 0.44192394578313254 0.03413654618473896 0.0338855421686747
0 0.3505689424364123 0.49068147590361444 0.030120481927710843 0.01637801204819277
0 0.3826974564926372 0.5183546686746988 0.030120481927710843 0.01637801204819277
0 0.26639892904953144 0.4779743975903614 0.030120481927710843 0.024849397590361446
0 0.22372824631860777 0.4720444277108434 0.05120481927710843 0.028802710843373495
0 0.24180053547523428 0.5124246987951807 0.029116465863453816 0.021460843373493976
0 0.20414993306559573 0.5042356927710844 0.02208835341365462 0.017507530120481927
0 0.5087014725568942 0.6242469879518072 0.023092369477911646 0.01581325301204819
0 0.5448460508701473 0.6027861445783133 0.02710843373493976 0.01355421686746988
0 0.4780789825970549 0.5985504518072289 0.030120481927710843 0.010730421686746988
0 0.4610107095046854 0.6200112951807228 0.050200803212851405 0.01637801204819277
0 0.3455488621151272 0.5691829819277109 0.04618473895582329 0.018637048192771084
0 0.35960508701472554 0.5564759036144579 0.0321285140562249 0.025978915662650603
0 0.33651271753681394 0.5384036144578314 0.03815261044176707 0.014683734939759037
0 0.25886880856760375 0.5426393072289156 0.0572289156626506 0.018637048192771084
0 0.3094042838018742 0.5118599397590361 0.0321285140562249 0.018072289156626505
0 0.36010709504685406 0.4608433734939759 0.03112449799196787 0.014118975903614458
0 0.23477242302543508 0.4374058734939759 0.03313253012048193 0.02710843373493976
0 0.26489290495314594 0.4232868975903614 0.023092369477911646 0.019201807228915662
0 0.5167336010709505 0.487292921686747 0.02710843373493976 0.012989457831325301
0 0.47757697456492637 0.4791039156626506 0.03112449799196787 0.02033132530120482
0 0.41181392235609104 0.5290850903614458 0.020080321285140562 0.011859939759036145
0 0.4103078982597055 0.5014118975903614 0.02710843373493976 0.018637048192771084
0 0.3862115127175368 0.4740210843373494 0.03313253012048193 0.021460843373493976
0 0.6251673360107095 0.44164156626506024 0.035140562248995984 0.018637048192771084
0 0.5046854082998661 0.32219503012048195 0.025100401606425703 0.01581325301204819
0 0.44344042838018743 0.4029555722891566 0.045180722891566265 0.01694277108433735
0 0.22322623828647925 0.6442959337349398 0.020080321285140562 0.017507530120481927
0 0.21921017402945114 0.5731362951807228 0.0321285140562249 0.018637048192771084
0 0.26639892904953144 0.5081890060240963 0.02208835341365462 0.014118975903614458
4 0.49899598393574296 0.42347515060240964 0.19042838018741634 0.09431475903614457