0 0.34170013386880854 0.45707831325301207 0.029785809906291833 0.016754518072289157
0 0.3139223560910308 0.4432417168674699 0.01740294511378849 0.014118975903614458
0 0.3473895582329317 0.4301581325301205 0.0214190093708166 0.016001506024096387
0 0.321619812583668 0.4168862951807229 0.014725568942436412 0.009036144578313253
0 0.5998995983935743 0.5231551204819277 0.023761713520749666 0.017507530120481927
0 0.5655957161981259 0.513648343373494 0.01740294511378849 0.00941265060240964
0 0.6624832663989291 0.4899284638554217 0.029116465863453816 0.018448795180722892
0 0.6767068273092369 0.4557605421686747 0.023092369477911646 0.014871987951807228
0 0.6204819277108434 0.4346762048192771 0.0214190093708166 0.012424698795180723
4 0.5046854082998661 0.372082078313253 0.10575635876840696 0.1016566265060241
0 0.6489290495314591 0.22044427710843373 0.030120481927710843 0.01694277108433735
4 0.5307898259705489 0.32718373493975905 0.08734939759036145 0.04066265060240964
0 0.6465863453815262 0.16538027108433734 0.020080321285140562 0.013742469879518071
0 0.6670013386880856 0.17243975903614459 0.023761713520749666 0.012048192771084338
0 0.6621485943775101 0.18844126506024098 0.01673360107095047 0.012989457831325301
0 0.6413989290495314 0.18025225903614459 0.014056224899598393 0.008283132530120483
0 0.5900267737617135 0.2163968373493976 0.01673360107095047 0.01016566265060241
0 0.7414658634538153 0.2652484939759036 0.02208835341365462 0.012424698795180723
0 0.571619812583668 0.24086972891566266 0.013052208835341365 0.013742469879518071
0 0.5871820615796519 0.2937688253012048 0.02208835341365462 0.01016566265060241
0 0.5816599732262383 0.2674134036144578 0.02208835341365462 0.018448795180722892
0 0.6226572958500669 0.20679593373493976 0.018072289156626505 0.011295180722891566
0 0.6469210174029452 0.20237198795180722 0.01673360107095047 0.01016566265060241
0 0.5035140562248996 0.3594691265060241 0.029785809906291833 0.011671686746987951
0 0.5297858099062919 0.3434676204819277 0.018741633199464525 0.00941265060240964
0 0.501004016064257 0.3829066265060241 0.020749665327978582 0.011671686746987951
0 0.44410977242302546 0.3672816265060241 0.01673360107095047 0.010918674698795181
0 0.42185408299866134 0.35551581325301207 0.01673360107095047 0.014118975903614458
0 0.4252008032128514 0.37330572289156627 0.015394912985274432 0.013742469879518071
0 0.45130522088353414 0.4249811746987952 0.03112449799196787 0.020707831325301206
0 0.4203480589022758 0.49350527108433734 0.025100401606425703 0.007906626506024096
0 0.4568273092369478 0.47496234939759036 0.009036144578313253 0.009036144578313253
0 0.42704149933065594 0.4186746987951807 0.02710843373493976 0.013742469879518071
0 0.44126506024096385 0.3934487951807229 0.015394912985274432 0.012424698795180723
0 0.3488955823293173 0.47637424698795183 0.018072289156626505 0.012989457831325301
0 0.45866800535475233 0.5166603915662651 0.02643908969210174 0.015248493975903615
0 0.4603413654618474 0.4924698795180723 0.020080321285140562 0.013742469879518071
0 0.6156291834002677 0.47995105421686746 0.015394912985274432 0.012048192771084338
0 0.588520749665328 0.46112575301204817 0.019410977242302542 0.012048192771084338
0 0.5833333333333334 0.4343938253012048 0.01606425702811245 0.012424698795180723
0 0.5267737617135207 0.42836972891566266 0.020749665327978582 0.009036144578313253
0 0.48360107095046856 0.42620481927710846 0.012382864792503346 0.008659638554216868
0 0.46285140562248994 0.4427710843373494 0.015394912985274432 0.011295180722891566
0 0.6413989290495314 0.5457454819277109 0.01673360107095047 0.01016566265060241
0 0.5138888888888888 0.5406626506024096 0.018741633199464525 0.012424698795180723
0 0.661144578313253 0.41801581325301207 0.01606425702811245 0.008659638554216868
0 0.7389558232931727 0.39213102409638556 0.01740294511378849 0.00941265060240964
0 0.6437416331994645 0.5157191265060241 0.04919678714859438 0.029743975903614456
0 0.5481927710843374 0.4558546686746988 0.01673360107095047 0.012424698795180723
0 0.5184069611780455 0.4505835843373494 0.020749665327978582 0.010542168674698794
0 0.4784136546184739 0.46489081325301207 0.03547523427041499 0.01957831325301205
0 0.6382195448460509 0.25696536144578314 0.0214190093708166 0.010918674698795181
0 0.6591365461847389 0.27428463855421686 0.018741633199464525 0.008283132530120483
0 0.6233266398929049 0.2770143072289157 0.019410977242302542 0.011295180722891566
0 0.7612115127175368 0.2475527108433735 0.028447121820615796 0.021837349397590362
0 0.5809906291834003 0.23013930722891565 0.025100401606425703 0.009789156626506024
0 0.5200803212851406 0.2976280120481928 0.03279785809906292 0.012424698795180723
0 0.5215863453815262 0.3679405120481928 0.018741633199464525 0.00941265060240964
0 0.4677041499330656 0.3927899096385542 0.01673360107095047 0.012989457831325301
0 0.5420013386880856 0.39862575301204817 0.023761713520749666 0.012989457831325301
0 0.5674364123159303 0.47957454819277107 0.02710843373493976 0.011295180722891566
0 0.5113788487282463 0.4975527108433735 0.020749665327978582 0.010542168674698794
0 0.42938420348058903 0.4507718373493976 0.020749665327978582 0.014118975903614458
0 0.40160642570281124 0.4425828313253012 0.012382864792503346 0.011671686746987951
0 0.48326639892904955 0.5368034638554217 0.03815261044176707 0.017131024096385544
0 0.535809906291834 0.5186370481927711 0.03614457831325301 0.02315512048192771
0 0.4923025435073628 0.4869164156626506 0.0214190093708166 0.012989457831325301
0 0.35023427041499333 0.3853539156626506 0.015394912985274432 0.016001506024096387