12 0.5644703209315535 0.3587962962962963 0.5879011644419199 0.3599773242630385 0.610621982391366 0.35737906273620557 0.6305026980971314 0.35714285714285715 0.66245384833854 0.35714285714285715 0.6830445896052257 0.35714285714285715 0.614172110195967 0.35808767951625087 0.5910962794660607 0.3606859410430838
12 0.5200937233740415 0.37249622071050636 0.5389094007384265 0.3727324263038549 0.5694404998579948 0.37533068783068785 0.5925163305879011 0.3772203325774754 0.6155921613178074 0.37603930461073315 0.6368929281454132 0.3758030990173847 0.6691990911672819 0.37462207105064244 0.6109769951718261 0.37533068783068785 0.573700653223516 0.37627551020408156 0.5158335700085203 0.3710789871504157
12 0.5069582504970178 0.39186507936507936 0.5396194262993467 0.3937547241118669 0.5538199375177506 0.3939909297052154 0.5928713433683611 0.39753401360544216 0.5680204487361544 0.3970616024187452
12 0.5722806021016756 0.39422713529856385 0.6084919057086055 0.39422713529856385 0.6404430559500142 0.3925736961451247 0.6649389378017607 0.3913926681783824 0.6858846918489064 0.39068405139833706
12 0.49311275205907407 0.4067460317460317 0.5137034933257597 0.4131235827664399 0.5435245668844078 0.41241496598639454 0.5644703209315535 0.4143046107331821 0.5168986083499006 0.4107615268329554 0.511218403862539 0.41288737717309143
12 0.5815109343936382 0.41477702191987903 0.5918063050269808 0.41288737717309143 0.6184322635614882 0.41241496598639454 0.6287276341948309 0.4114701436130007 0.6024566884407838 0.41170634920634913
12 0.5637602953706333 0.42044595616024183 0.5591451292246521 0.43178382464096743 0.5534649247372905 0.44075963718820854 0.5495597841522294 0.45327853363567644 0.5470746946890087 0.4587112622826908
12 0.5090883271797785 0.5014644746787603 0.5126384549843794 0.5097316704459561 0.5218687872763419 0.5184712773998488 0.5310991195683044 0.5312263794406651 0.5211587617154216 0.5187074829931972 0.5133484805452996 0.5104402872260014
12 0.419270093723374 0.4917800453514739 0.39583925021300764 0.4870559334845048 0.3720533939221812 0.48398526077097503
12 0.4403933541607497 0.4988662131519274 0.04366657199659184 0.0033068783068783067
12 0.6755893212155637 0.5045351473922902 0.7029253053109912 0.5066609977324263 0.7153507526270946 0.5165816326530611 0.7018602669696109 0.50760582010582 0.6695541039477421 0.505479969765684
12 0.35962794660607783 0.44359410430838997 0.36921329167850037 0.4546957671957671 0.3773785856290826 0.46107331821617537 0.38802896904288553 0.4643801965230536 0.39583925021300764 0.46981292517006795 0.3727634194831013 0.45658541194255475