1 0.4543269230769231 0.5443037974683544 0.04807692307692308 0.06962025316455696
1 0.2283653846153846 0.5522151898734177 0.052884615384615384 0.05379746835443038
1 0.7680288461538461 0.555379746835443 0.04567307692307692 0.06012658227848101
1 0.8485576923076923 0.5569620253164557 0.052884615384615384 0.0759493670886076
1 0.5637019230769231 0.5870253164556962 0.040865384615384616 0.06012658227848101
1 0.17307692307692307 0.5886075949367088 0.052884615384615384 0.0759493670886076
1 0.5168269230769231 0.6060126582278481 0.03365384615384615 0.05379746835443038
1 0.29447115384615385 0.6772151898734177 0.06009615384615385 0.06962025316455696
1 0.359375 0.740506329113924 0.06490384615384616 0.0759493670886076
1 0.6826923076923077 0.7563291139240507 0.04807692307692308 0.0759493670886076
1 0.7415865384615384 0.8575949367088608 0.040865384615384616 0.06329113924050633
1 0.4699519230769231 0.10126582278481013 0.06490384615384616 0.05063291139240506
1 0.4807692307692308 0.16297468354430378 0.057692307692307696 0.06012658227848101
1 0.5889423076923077 0.17563291139240506 0.057692307692307696 0.08544303797468354
1 0.5480769230769231 0.2848101265822785 0.052884615384615384 0.06962025316455696
1 0.43149038461538464 0.33702531645569617 0.06490384615384616 0.07911392405063292
1 0.65625 0.40664556962025317 0.04807692307692308 0.05379746835443038
1 0.7692307692307693 0.4050632911392405 0.07211538461538461 0.09493670886075949
1 0.453125 0.4636075949367088 0.04567307692307692 0.06012658227848101
1 0.6730769230769231 0.46835443037974683 0.038461538461538464 0.04430379746835443
1 0.5120192307692307 0.49683544303797467 0.057692307692307696 0.06329113924050633