12 0.3518108636151028 0.4118652089704041 0.365014960913634 0.40313782882922194 0.37374309302622244 0.3970957964237881 0.3873947868433479 0.3907180955513858 0.4113412005881418 0.3829977208111093 0.43461621955504426 0.3796410361414238 0.45833883504054107 0.38232638387717216 0.4945941530466776 0.37192066140114727 0.5064554607894259 0.3695709821323675 0.4822852487853349 0.37729135687264403 0.45431046637319256 0.38266205234414075 0.43394482477715285 0.38232638387717216 0.4070890336614961 0.3850117316129205 0.3905279624735079 0.39172510095229146
12 0.41022220929165615 0.41387921977221537 0.424545297886673 0.41052253510252995 0.4399873777781756 0.40313782882922194 0.45789123852194674 0.40112381802741065 0.4778092835993921 0.39373911175410264 0.5057840660115346 0.3866900739477632 0.5348778397201627 0.37896969920748674 0.5650906047252764 0.3702423190663046 0.5881418254328817 0.3762843514717384 0.6015697209907102 0.38568306854685763 0.5818754741725619 0.3756130145378013 0.5657619995031679 0.37393467220295856 0.5400251996839969 0.37896969920748674 0.5131694085683401 0.3880327478156374 0.4845232313783064 0.39474611715500835 0.46259100196718667 0.40313782882922194 0.43595900911082713 0.4071658504328445
12 0.36143418876487976 0.4350263331912337 0.3674767417659025 0.4286486323188313 0.3775476634342738 0.4252919476491459 0.38470920773178224 0.41757157290886937
12 0.36814813654379397 0.4511384196057238 0.382695023398108 0.44140403406363604 0.3918707520292907 0.4383830178609191 0.40529864758711903 0.4353620016582022 0.4279022717761301 0.43804734939395057 0.40507484932782195 0.4350263331912337 0.37598107561919386 0.44509638720029
12 0.45945782633702675 0.4182429098428065 0.45431046637319256 0.4575161204781262 0.44871550989076403 0.47194986455777355 0.44737272033498127 0.48604794017045244 0.44177776385255274 0.49678933111344586 0.4478203168535755 0.48974029330710644 0.4516248872616269 0.47194986455777355 0.4538628698545982 0.45852312587903177
12 0.46214340544859245 0.35849392272240554 0.4854184244154948 0.3541302326518145 0.504888872974346 0.34842386871334924 0.5245831197924943 0.34439584710972665 0.5440535683513453 0.347081194845475 0.5565862708719852 0.34943087411425483 0.5740425350971621 0.35110921644909754 0.5865752376178018 0.35446590111878296 0.602912510546493 0.36487162359480785 0.5863514393585046 0.3574869173214999 0.5733711403192705 0.3541302326518145 0.5500961213523681 0.3490952056472863 0.5203309528658486 0.34808820024638065 0.5006367060477004 0.35144488491606607 0.4784806783772836 0.358158254255437
12 0.4822852487853349 0.4088441927676872 0.48474702963760347 0.41891424677674355 0.4883278017863577 0.4471103980021013 0.4907895826386262 0.47194986455777355 0.48676121397127775 0.4269702899839886
12 0.5265973041261686 0.4179072413758379 0.5366682257945398 0.41152954050343554 0.5411441909804826 0.4088441927676872 0.5456201561664253 0.4034734972961905 0.5543482882790137 0.3997811441595365 0.5686713768740307 0.39642445948985106 0.5765043159494305 0.3954174540889454 0.5521103056860424 0.4004524810934736 0.5420393840176712 0.407501518899813
12 0.47355711667274647 0.32929076609614216 0.49414655652808326 0.3219060598228342 0.5062316625301289 0.31821370668618015 0.5138408033462315 0.31854937515314874 0.48586602093408915 0.32761242376129945 0.47758548534009504 0.3302977714970478
12 0.41581716577408456 0.35681558038756284 0.43595900911082713 0.3541302326518145 0.4585626332998382 0.3537945641848459 0.43327342999926144 0.3574869173214999
12 0.4688573532275066 0.452481093473598 0.4666193706345352 0.478998902364113 0.4650527828194552 0.4934326464437604 0.46997634452399223 0.46825751142111954
12 0.36837193480309105 0.4632224844165914 0.35561543402315415 0.478998902364113 0.34576831061408003 0.49611799417950875 0.34576831061408003 0.49913901038222563 0.3518108636151028 0.4873906140383266 0.36300077657995977 0.4729568699586792
12 0.3994798928453934 0.4632224844165914 0.398808498067502 0.47732056002927026 0.4032844632534448 0.4954466572455717 0.39903229632679915 0.47094285915686795
12 0.38359021643529656 0.47027152222293084 0.39276594506647927 0.5011530211840369 0.39478012940015356 0.504845374320691 0.39478012940015356 0.5035027004528168 0.3880661816212393 0.4840339293686412
12 0.4740047131913408 0.3004232779368473 0.47243812537626084 0.3299621030300792 0.4740047131913408 0.32660541836039375 0.47557130100642075 0.3031086256725957
12 0.4021654719569591 0.6599242060601584 0.398808498067502 0.6743579501398059 0.3932135415850736 0.6897986996203589 0.3903041642142107 0.7109458130393773 0.3929897433257764 0.6877846888185477 0.4008226824011763 0.6720082708710261
12 0.3764286721377881 0.6585815321922843 0.37665247039708527 0.6938267212239815 0.3773238651749767 0.682413993347051 0.3775476634342738 0.6636165591968124
12 0.37441448780411385 0.4904116302410435 0.3849330059910794 0.5145797598627787 0.3849330059910794 0.5122300805939989
12 0.5874704306549904 0.4457677241342271 0.5841134567655333 0.4820199185668299 0.5859038428399104 0.48101291316592426 0.5892608167293675 0.44979574573784964
12 0.3853806025096737 0.3675569713305562 0.4019416736976619 0.35950092812331114 0.41201259536603324 0.3537945641848459