12 0.3039651134620044 0.10927004030452307 0.3542132134557233 0.10031347962382446 0.4089477509488815 0.10628452007762353 0.45112026344361 0.1122555605314226 0.5202114009349735 0.11583818480370205 0.557000188430375 0.12180922525750114 0.6260913259217387 0.12539184952978058 0.6772367134153454 0.1277802657113002 0.7319712509085037 0.14748469920883714 0.7436359884070455 0.1516644275264965 0.7723491884034563 0.1534557396626362 0.7983705259002036 0.15763546798029557 0.8234945758970632 0.16539782057023436 0.8450294758943713 0.17316017316017315 0.8719481008910064 0.1839080459770115 0.9105314633861836 0.2089864158829676 0.8450294758943713 0.17495148529631288 0.7831166384021105 0.1528586356172563 0.7508142884061482 0.1528586356172563 0.6691611259163549 0.12658605762054037 0.5830215259271224 0.12658605762054037 0.4888063384388992 0.11762949693984177 0.395488438450564 0.10568741603224362 0.3434457634570693 0.10031347962382446
12 0.3308837384586395 0.15584415584415587 0.4035640259495545 0.15584415584415587 0.46637415094170326 0.15584415584415587 0.5363625759329548 0.15584415584415587 0.6063510009242061 0.1534557396626362 0.6449343634193831 0.1534557396626362 0.6996689009125414 0.16002388416181518 0.5884052509264494 0.1522615315718764 0.518416825935198 0.1522615315718764 0.43855823844518027 0.1522615315718764 0.3649806634543774 0.1540528437080161
12 0.31024612596121925 0.1456933870726974 0.2160309384729961 0.16360650843409466 0.1603991134799501 0.19167039856695028 0.17744757597781904 0.19167039856695028 0.2635871759670516 0.16181519629795493 0.31921900096009764 0.15703836393491566
12 0.5336707134332912 0.17495148529631288 0.5444381634319453 0.2095835199283475 0.5390544384326181 0.24481265860576204 0.48431990093946004 0.27705627705627706 0.5130331009358708 0.26630840423943875 0.5372598634328425 0.25138080310494104 0.5453354509318331 0.232273473652784 0.5471300259316088 0.18749067024929095
12 0.5471300259316088 0.25914315569487983 0.5641784884294776 0.2728765487386177 0.5605893384299264 0.27884758919241676 0.5605893384299264 0.290192566054635 0.5713567884285804 0.3045230631437528 0.5928916884258886 0.32363039259590987 0.5632812009295899 0.2895954620092551 0.5623839134297021 0.27705627705627706
12 0.7238956634095131 0.20241827138378862 0.7822193509022225 0.20838931183758772 0.8279810133965023 0.2245111210628452 0.863872513392016 0.24302134646962234 0.9042504508869688 0.2704881325570981 0.9338609383832674 0.29855202268995373 0.9482175383814728 0.3325869532766084 0.9598822758800147 0.3731900283624422 0.9482175383814728 0.33378116136736824 0.9204016258849499 0.28183310941931633 0.8737426758907822 0.25138080310494104 0.8037542508995308 0.22212270488132557 0.7678627509040171 0.2077922077922078
12 0.32998645095875173 0.06747275712792954 0.3874128509515734 0.05911330049261084 0.43586637594551675 0.06747275712792954 0.5139303884357588 0.07762352589938798 0.5910971134261129 0.08060904612628751 0.6512153759185981 0.08001194208090759 0.7185119384101861 0.0877742946708464 0.7642736009044658 0.10688162412300344 0.7983705259002036 0.11344976862218242 0.8306728758961659 0.14211076280041798 0.9150179008856228 0.18032542170473206 0.8441321883944835 0.1456933870726974 0.801959675899755 0.1206150171667413 0.7669654634041294 0.10867293625914315 0.7149227884106347 0.08956560680698611 0.6341669134207292 0.07702642185400806 0.5614866259298142 0.08180325421704733 0.46278500094215186 0.06687565308254963 0.3963857259504518 0.062098820719510374
12 0.4708605884411424 0.16659202866099418 0.47534702594058165 0.20241827138378862 0.5058548009367683 0.2400358262427228 0.49419006343822625 0.21376324824600687 0.4807307509399087 0.1988356471115092
12 0.3129379884608828 0.5911330049261083 0.26717632596660296 0.6275563516942827 0.23756583847030432 0.6699507389162562 0.2160309384729961 0.7171219585012689 0.20077705097490287 0.7386177041349455 0.13348048848331495 0.7923570682191372 0.19898247597512717 0.7374234960441858 0.22859296347142585 0.6878638602776533 0.24025770096996782 0.6627854903716972 0.2833275009645841 0.6144200626959248
12 0.8441321883944835 0.5057471264367817 0.87463996339067 0.5254515599343186 0.8979694383877539 0.5505299298402747 0.9159151883855107 0.5857590685176892 0.9320663633834918 0.6466636811464398 0.9383473758827066 0.6747275712792955 0.9221962008847254 0.6024779817883266 0.8979694383877539 0.555306762203314 0.8728453883908944 0.5254515599343186
12 0.1397615009825298 0.5123152709359605 0.09041068848869867 0.5302283922973579 0.06887578849139053 0.5517241379310345 0.05182732599352159 0.5648604269293924 0.03747072599531618 0.6024779817883266 0.05451918849318513 0.5594864905209733 0.09220526348847435 0.5278399761158382
12 0.29319766346335036 0.21436035229138678 0.2106472134736691 0.2328705776981639 0.31562985096054624 0.2077922077922078
12 0.8961748633879781 0.4890282131661442 0.9338609383832674 0.5045529183460218 0.9598822758800147 0.5373936408419167 0.9841090383769864 0.5642633228840126 0.9275799258840526 0.5027616062098821
12 0.1397615009825298 0.4824600686669652 0.0957944134880257 0.5021645021645021 0.03926530099509183 0.529034184206598 0.024908700996886426 0.5905359008807285 0.041059875994867524 0.5266457680250783