4 0.3480848861283644 0.4794254658385093 0.12267080745341614 0.12771739130434784
4 0.6721014492753623 0.468944099378882 0.11542443064182195 0.10054347826086957
4 0.4937888198757764 0.45225155279503104 0.06573498964803312 0.060947204968944096
0 0.6278467908902692 0.16304347826086957 0.026397515527950312 0.021350931677018632
0 0.4824016563146998 0.30240683229813664 0.020186335403726708 0.013198757763975156
0 0.5833333333333334 0.5531832298136646 0.019151138716356108 0.01436335403726708
12 0.6563146997929606 0.5871506211180124 0.03571428571428571 0.07841614906832298
0 0.38975155279503104 0.5442546583850931 0.021739130434782608 0.014751552795031056
0 0.28183229813664595 0.5753105590062112 0.017598343685300208 0.014751552795031056
0 0.45445134575569357 0.23680124223602483 0.021221532091097308 0.01281055900621118
0 0.44073498964803315 0.11296583850931677 0.023809523809523808 0.014751552795031056