0 0.6120600414078675 0.17585403726708074 0.017598343685300208 0.010093167701863354
0 0.6726190476190477 0.22767857142857142 0.019668737060041408 0.019798136645962732
0 0.7047101449275363 0.19739906832298137 0.019151138716356108 0.01436335403726708
0 0.7409420289855072 0.2628105590062112 0.030020703933747412 0.019798136645962732
0 0.7336956521739131 0.24922360248447206 0.019668737060041408 0.01048136645962733
0 0.7122153209109731 0.2637810559006211 0.013457556935817806 0.01048136645962733
0 0.6677018633540373 0.24864130434782608 0.026397515527950312 0.01048136645962733
0 0.6089544513457557 0.19138198757763975 0.022256728778467908 0.007375776397515528
0 0.6304347826086957 0.19739906832298137 0.016045548654244308 0.013198757763975156
0 0.55175983436853 0.1952639751552795 0.016045548654244308 0.010869565217391304
0 0.5564182194616977 0.42624223602484473 0.013975155279503106 0.009316770186335404
0 0.4503105590062112 0.3159937888198758 0.025879917184265012 0.017857142857142856
0 0.48214285714285715 0.21661490683229814 0.019668737060041408 0.01358695652173913
0 0.48524844720496896 0.14790372670807453 0.014492753623188406 0.010093167701863354
0 0.41200828157349895 0.26475155279503104 0.016563146997929608 0.01203416149068323
0 0.6376811594202898 0.1640139751552795 0.013975155279503106 0.014751552795031056
0 0.6438923395445134 0.23020186335403728 0.009834368530020704 0.01048136645962733
0 0.6477743271221532 0.24592391304347827 0.019151138716356108 0.012422360248447204
0 0.7028985507246377 0.23621894409937888 0.026397515527950312 0.019409937888198756
0 0.5980848861283644 0.21739130434782608 0.016045548654244308 0.013198757763975156
0 0.5597826086956522 0.3390916149068323 0.021221532091097308 0.019798136645962732
0 0.5276915113871635 0.3643245341614907 0.015527950310559006 0.01591614906832298
0 0.5201863354037267 0.21001552795031056 0.021739130434782608 0.02251552795031056
0 0.28234989648033126 0.5529891304347826 0.018115942028985508 0.016692546583850932