0 0.45626293995859213 0.5275621118012422 0.024327122153209108 0.014751552795031056
0 0.18969979296066253 0.4613742236024845 0.024327122153209108 0.02096273291925466
0 0.2947722567287785 0.3643245341614907 0.020186335403726708 0.018245341614906832
0 0.5579710144927537 0.31482919254658387 0.021221532091097308 0.01281055900621118
0 0.47929606625258797 0.3423913043478261 0.018633540372670808 0.015139751552795032
0 0.6234472049689441 0.422360248447205 0.016563146997929608 0.018245341614906832
0 0.6017080745341615 0.3951863354037267 0.015010351966873706 0.016304347826086956
0 0.5605590062111802 0.40256211180124224 0.012422360248447204 0.01125776397515528
0 0.5926501035196687 0.5427018633540373 0.029503105590062112 0.02406832298136646
0 0.5652173913043478 0.5382375776397516 0.031055900621118012 0.02562111801242236
0 0.5297619047619048 0.609666149068323 0.013457556935817806 0.013975155279503106
0 0.567287784679089 0.6463509316770186 0.022774327122153208 0.026397515527950312
0 0.605072463768116 0.6294642857142857 0.018633540372670808 0.018245341614906832
0 0.5276915113871635 0.7777562111801242 0.015527950310559006 0.018245341614906832
0 0.40165631469979296 0.8146350931677019 0.028985507246376812 0.019409937888198756
0 0.5590062111801242 0.49126552795031053 0.024844720496894408 0.015139751552795032
0 0.547360248447205 0.42294254658385094 0.017080745341614908 0.01358695652173913
0 0.5238095238095238 0.3125 0.03260869565217391 0.035326086956521736
0 0.17986542443064182 0.26475155279503104 0.020186335403726708 0.029891304347826088
0 0.2833850931677019 0.25 0.022774327122153208 0.019409937888198756
0 0.22412008281573498 0.25834627329192544 0.025879917184265012 0.019409937888198756
0 0.2531055900621118 0.25232919254658387 0.019668737060041408 0.018245341614906832
0 0.19280538302277433 0.29464285714285715 0.015010351966873706 0.01591614906832298
0 0.3589544513457557 0.25834627329192544 0.031055900621118012 0.014751552795031056
0 0.5481366459627329 0.3579192546583851 0.04089026915113872 0.04736024844720497
4 0.4360766045548654 0.5755046583850931 0.12577639751552794 0.08850931677018634