0 0.6814182194616977 0.46603260869565216 0.017080745341614908 0.01203416149068323
0 0.5683229813664596 0.2857142857142857 0.07763975155279502 0.03920807453416149
0 0.6933229813664596 0.33773291925465837 0.04089026915113872 0.02096273291925466
0 0.7631987577639752 0.31832298136645965 0.017598343685300208 0.028338509316770188
0 0.7458592132505176 0.343944099378882 0.023291925465838508 0.015139751552795032
0 0.45160455486542445 0.30415372670807456 0.05020703933747412 0.027562111801242236
0 0.6063664596273292 0.25058229813664595 0.030020703933747412 0.01048136645962733
0 0.6278467908902692 0.32725155279503104 0.022256728778467908 0.012422360248447204
0 0.3159937888198758 0.44138198757763975 0.024327122153209108 0.017857142857142856
0 0.2675983436853002 0.4697204968944099 0.038302277432712216 0.026397515527950312
0 0.2981366459627329 0.4180900621118012 0.014492753623188406 0.009704968944099378
0 0.2815734989648033 0.4048913043478261 0.018633540372670808 0.012422360248447204
0 0.2864906832298137 0.3740295031055901 0.011904761904761904 0.007375776397515528
0 0.38664596273291924 0.5570652173913043 0.019151138716356108 0.022127329192546584
0 0.4591097308488613 0.6434394409937888 0.024844720496894408 0.012422360248447204
0 0.4169254658385093 0.6521739130434783 0.018633540372670808 0.01203416149068323
0 0.447463768115942 0.7459239130434783 0.018633540372670808 0.013975155279503106
0 0.4169254658385093 0.7715450310559007 0.053830227743271224 0.029503105590062112
0 0.3786231884057971 0.8010481366459627 0.027432712215320912 0.015139751552795032
0 0.37370600414078675 0.7849378881987578 0.020186335403726708 0.007763975155279503
0 0.30952380952380953 0.6426630434782609 0.033126293995859216 0.02406832298136646
0 0.34575569358178054 0.6758540372670807 0.017080745341614908 0.053959627329192544
0 0.29037267080745344 0.6789596273291926 0.03985507246376811 0.02872670807453416
0 0.3398033126293996 0.7245729813664596 0.052795031055900624 0.041537267080745344
0 0.526656314699793 0.8579192546583851 0.012422360248447204 0.01281055900621118
0 0.5659937888198758 0.9134316770186336 0.027950310559006212 0.012422360248447204
0 0.30124223602484473 0.5526009316770186 0.019668737060041408 0.019021739130434784
0 0.27898550724637683 0.5704580745341615 0.013457556935817806 0.009704968944099378
0 0.39389233954451347 0.7385481366459627 0.022774327122153208 0.020574534161490684
0 0.2650103519668737 0.6475155279503105 0.031055900621118012 0.021350931677018632
0 0.38561076604554867 0.43167701863354035 0.03157349896480331 0.023291925465838508
0 0.43762939958592134 0.4202251552795031 0.024844720496894408 0.021739130434782608
0 0.4451345755693582 0.4027562111801242 0.010351966873706004 0.013198757763975156
0 0.30434782608695654 0.2985248447204969 0.019151138716356108 0.01358695652173913
0 0.494824016563147 0.2451475155279503 0.013457556935817806 0.007375776397515528
0 0.3969979296066253 0.3200698757763975 0.024327122153209108 0.018633540372670808
0 0.6873706004140787 0.28493788819875776 0.021221532091097308 0.010869565217391304
0 0.6612318840579711 0.28610248447204967 0.015527950310559006 0.01281055900621118
0 0.7274844720496895 0.2610636645962733 0.018633540372670808 0.01281055900621118
0 0.7342132505175983 0.29270186335403725 0.011387163561076604 0.011645962732919254
0 0.7494824016563147 0.30221273291925466 0.005693581780538302 0.007763975155279503
0 0.7057453416149069 0.3189052795031056 0.027432712215320912 0.01281055900621118
0 0.6754658385093167 0.30221273291925466 0.019668737060041408 0.007763975155279503
0 0.604296066252588 0.875388198757764 0.03157349896480331 0.02872670807453416
0 0.5165631469979296 0.9122670807453416 0.04089026915113872 0.01746894409937888
0 0.2981366459627329 0.7470885093167702 0.030538302277432712 0.018633540372670808
0 0.6337991718426501 0.9033385093167702 0.013457556935817806 0.009704968944099378
4 0.5036231884057971 0.7061335403726708 0.06159420289855073 0.050854037267080744
4 0.46557971014492755 0.6642080745341615 0.06055900621118013 0.022903726708074536
4 0.44332298136645965 0.6158773291925466 0.060041407867494824 0.03687888198757764
4 0.7132505175983437 0.5351319875776398 0.034161490683229816 0.02406832298136646
4 0.7399068322981367 0.5712344720496895 0.04399585921325052 0.031055900621118012
4 0.5603002070393375 0.7787267080745341 0.025362318840579712 0.023291925465838508
4 0.5287267080745341 0.65527950310559 0.051759834368530024 0.029891304347826088
4 0.4549689440993789 0.7208850931677019 0.04710144927536232 0.03610248447204969
4 0.38561076604554867 0.6267468944099379 0.033126293995859216 0.046583850931677016
0 0.3977743271221532 0.28396739130434784 0.024327122153209108 0.02562111801242236
0 0.5646997929606625 0.24572981366459629 0.029503105590062112 0.021350931677018632
0 0.5062111801242236 0.30337732919254656 0.020186335403726708 0.030279503105590064
0 0.23835403726708074 0.5512422360248447 0.016563146997929608 0.027562111801242236
5 0.5336438923395446 0.5677406832298136 0.16821946169772256 0.07880434782608696