12 0.2412008281573499 0.7164208074534162 0.059006211180124224 0.03260869565217391
12 0.161231884057971 0.7453416149068323 0.06262939958592133 0.02251552795031056
0 0.40398550724637683 0.4128493788819876 0.03260869565217391 0.016304347826086956
0 0.29037267080745344 0.2942546583850932 0.022774327122153208 0.013198757763975156
0 0.2567287784679089 0.3047360248447205 0.018633540372670808 0.01125776397515528
0 0.5137163561076604 0.6057841614906833 0.028985507246376812 0.017857142857142856
0 0.49301242236024845 0.6473214285714286 0.021221532091097308 0.032220496894409936
0 0.4200310559006211 0.6952639751552795 0.020703933747412008 0.011645962732919254
0 0.4528985507246377 0.5428959627329193 0.014492753623188406 0.01048136645962733
0 0.4355590062111801 0.5712344720496895 0.039337474120082816 0.019409937888198756
0 0.4158902691511387 0.44798136645962733 0.028985507246376812 0.03687888198757764
0 0.4417701863354037 0.4188664596273292 0.020703933747412008 0.012422360248447204
0 0.4588509316770186 0.4421583850931677 0.019151138716356108 0.019798136645962732
0 0.3361801242236025 0.4074145962732919 0.012939958592132506 0.01436335403726708
0 0.369824016563147 0.4202251552795031 0.015010351966873706 0.007763975155279503
0 0.35766045548654246 0.49281832298136646 0.018115942028985508 0.009316770186335404
0 0.40631469979296064 0.49281832298136646 0.03467908902691511 0.01436335403726708
0 0.32349896480331264 0.5182453416149069 0.026397515527950312 0.01203416149068323
0 0.36335403726708076 0.514751552795031 0.011904761904761904 0.01746894409937888
0 0.27976190476190477 0.5687111801242236 0.014492753623188406 0.009316770186335404
0 0.333592132505176 0.5436723602484472 0.022774327122153208 0.018633540372670808
0 0.42132505175983437 0.5279503105590062 0.020186335403726708 0.019021739130434784
0 0.38768115942028986 0.5423136645962733 0.034161490683229816 0.019021739130434784
0 0.4086438923395445 0.6234472049689441 0.017598343685300208 0.01358695652173913
0 0.525103519668737 0.5735636645962733 0.026397515527950312 0.013198757763975156
0 0.4912008281573499 0.484277950310559 0.015010351966873706 0.013198757763975156
0 0.4394409937888199 0.5518245341614907 0.015010351966873706 0.01203416149068323
0 0.3082298136645963 0.6224767080745341 0.029503105590062112 0.01436335403726708
0 0.46454451345755693 0.6160714285714286 0.020703933747412008 0.010869565217391304
0 0.36749482401656314 0.5640527950310559 0.015010351966873706 0.01125776397515528
0 0.32608695652173914 0.672748447204969 0.028985507246376812 0.018245341614906832
0 0.3056418219461698 0.7051630434782609 0.023291925465838508 0.016304347826086956
0 0.2968426501035197 0.7253493788819876 0.024327122153209108 0.013198757763975156
0 0.5372670807453416 0.5529891304347826 0.019151138716356108 0.01125776397515528
0 0.453416149068323 0.5 0.030020703933747412 0.01436335403726708