12 0.2509718484343629 0.19864154812251697 0.2750010679653125 0.1834230424195822 0.2872826690589089 0.1786171985133923 0.31291383655858857 0.1770152505446623 0.352962535776838 0.15859284890426759 0.40369088811995385 0.1249519415609381 0.43679781280704 0.11053440984236831 0.3625742235892178 0.14818018710752273 0.34762270921440475 0.1617967448417275 0.31665171515229185 0.17541330257593232 0.27873894655901577 0.17941817249775727
12 0.27246432395289005 0.20554676638381517 0.29443725330392956 0.20494750467424136 0.32799590904006265 0.20195119612637233 0.3663486584527862 0.17378589577640347 0.39950780638253675 0.14741838055515605 0.4318679386995222 0.13303609952538473 0.4442526806973809 0.1288412675583681 0.3947137127059463 0.14921616568387747 0.35955702574428305 0.1767822043242725 0.3255988622017674 0.20314971954551994
12 0.2688687536954472 0.24449877750611249 0.29843233136775493 0.24030394553909581 0.33638557297409594 0.23191428160506256 0.3799319238697924 0.19595857903063427 0.42987039966760954 0.16239992329450118 0.46702462566118547 0.1558080444891893 0.49459066430158044 0.16659475526151782 0.4578359461143871 0.15520878277961553 0.41988270450804616 0.16959106380938685 0.38592454096553047 0.1893667002253224 0.3503683461974847 0.22232609425188168 0.320804768525177 0.24030394553909581
12 0.28524857375713125 0.2211275708327341 0.2688687536954472 0.2235246176710293 0.2480943477635553 0.23191428160506256 0.2349105901529316 0.25049139460185055 0.24969237898908547 0.23790689870080065
12 0.3839270019336178 0.22771944963804594 0.41109353276763033 0.20255045783594613 0.4246767981846365 0.19356153219233904 0.46902216469309815 0.18337408312958436 0.44545120411652844 0.18696965338702717 0.40470140786550973 0.20554676638381517
12 0.26487367563162184 0.27625964811352416 0.27126580053374244 0.2702670310177861 0.28365054253160105 0.26727072246991707 0.294037745497547 0.26727072246991707 0.3128146123975263 0.27506112469437655 0.29323872988478195 0.26487367563162184 0.27885644885501065 0.26607219905076945 0.2652731834380044 0.2696677693082123
12 0.5405340620355722 0.3577592406155617 0.5629064991929943 0.353564408648545 0.5956661393163623 0.3307924636847404 0.575291241190853 0.34936957668152835 0.5473256947440753 0.36255333429215214 0.5369384917781294 0.36255333429215214
12 0.5593109289355513 0.3703437365166115 0.5904725378333893 0.36974447480703776 0.6028572798312479 0.3649503811304473 0.6128449749908114 0.35715997890598783 0.5784873036419131 0.36854595138789015
12 0.5377375073908944 0.40390239225274466 0.5581124055164038 0.4134905796059255 0.5840804129312687 0.4368617862793039 0.6008597407993352 0.4716189654345846 0.6184380842801668 0.5099717148473081 0.6376144589865286 0.5992617095738051 0.6172395608610193 0.507574668009013 0.6004602329929527 0.46982118030586323 0.582881889512121 0.43566326286015633 0.555315850871726 0.4146891030250731
12 0.5253527653930358 0.4158876264442208 0.5465266791313103 0.4218802435399588 0.5645045304185244 0.427273598926123 0.5896735222206243 0.4680233951771418 0.59846269396104 0.4883982933026511 0.5740927177717052 0.4398580948271729 0.5637055148057593 0.42967064576441827
12 0.5796858270610608 0.47940936765904407 0.5972641705418924 0.5333429215206865 0.6028572798312479 0.6184380842801669 0.6040558032503955 0.6292247950524954 0.5976636783482749 0.5279495661345223
12 0.5972641705418924 0.4961886955271106 0.6124454671844287 0.5531185579366221 0.6268277482142001 0.611846205474855