0 0.5181159420289855 0.33792701863354035 0.026915113871635612 0.021350931677018632
0 0.4252070393374741 0.4171195652173913 0.024327122153209108 0.014751552795031056
0 0.43478260869565216 0.43982919254658387 0.028985507246376812 0.008152173913043478
0 0.44565217391304346 0.4592391304347826 0.018633540372670808 0.013975155279503106
0 0.5300207039337475 0.46370341614906835 0.018633540372670808 0.005822981366459627
0 0.547360248447205 0.4862189440993789 0.013457556935817806 0.007375776397515528
0 0.42054865424430643 0.5590062111801242 0.032091097308488616 0.017080745341614908
0 0.4394409937888199 0.5372670807453416 0.022774327122153208 0.01281055900621118
0 0.463768115942029 0.5194099378881988 0.015010351966873706 0.015527950310559006
0 0.49611801242236025 0.5254270186335404 0.017080745341614908 0.015527950310559006
0 0.5196687370600414 0.5401785714285714 0.017598343685300208 0.021739130434782608
0 0.35144927536231885 0.593361801242236 0.024327122153209108 0.016304347826086956
0 0.3915631469979296 0.6207298136645962 0.028985507246376812 0.022127329192546584
0 0.3944099378881988 0.5883152173913043 0.024844720496894408 0.020186335403726708
0 0.33721532091097306 0.5710403726708074 0.012939958592132506 0.008152173913043478
0 0.32324016563146996 0.687111801242236 0.024327122153209108 0.011645962732919254
0 0.5028467908902692 0.5813276397515528 0.017598343685300208 0.011645962732919254
0 0.5848861283643892 0.5407608695652174 0.016045548654244308 0.028338509316770188
0 0.3967391304347826 0.7360248447204969 0.018633540372670808 0.011645962732919254
0 0.4332298136645963 0.6168478260869565 0.016045548654244308 0.016304347826086956
0 0.4329710144927536 0.6432453416149069 0.031055900621118012 0.019798136645962732
0 0.43995859213250516 0.7482531055900621 0.017080745341614908 0.01281055900621118
0 0.363871635610766 0.7928959627329193 0.019151138716356108 0.018245341614906832
0 0.49042443064182195 0.7123447204968945 0.021221532091097308 0.013198757763975156
0 0.43219461697722567 0.7010869565217391 0.015527950310559006 0.013975155279503106
0 0.4358178053830228 0.6795419254658385 0.015527950310559006 0.01203416149068323
0 0.3977743271221532 0.6970108695652174 0.011904761904761904 0.010093167701863354
0 0.5854037267080745 0.6189829192546584 0.015527950310559006 0.015527950310559006
0 0.6099896480331263 0.593555900621118 0.025362318840579712 0.014751552795031056
0 0.5471014492753623 0.6151009316770186 0.019668737060041408 0.016304347826086956
0 0.38923395445134573 0.4935947204968944 0.028467908902691512 0.023680124223602484
0 0.4640269151138716 0.3769409937888199 0.021221532091097308 0.024844720496894408
0 0.5709109730848861 0.735248447204969 0.021221532091097308 0.016304347826086956
0 0.619824016563147 0.6413043478260869 0.033126293995859216 0.029114906832298136
0 0.547360248447205 0.5970496894409938 0.028985507246376812 0.014751552795031056
0 0.4692028985507246 0.6281055900621118 0.025362318840579712 0.019409937888198756
4 0.5357142857142857 0.6708074534161491 0.062111801242236024 0.04192546583850932
4 0.5559006211180124 0.7707686335403726 0.041407867494824016 0.024456521739130436
4 0.4174430641821946 0.578222049689441 0.03467908902691511 0.022903726708074536
4 0.47334368530020704 0.6017080745341615 0.03985507246376811 0.026009316770186336
4 0.47955486542443065 0.5527950310559007 0.028985507246376812 0.020574534161490684
4 0.567287784679089 0.5673524844720497 0.04296066252587992 0.022903726708074536
4 0.4989648033126294 0.6213121118012422 0.03260869565217391 0.036490683229813664
4 0.39492753623188404 0.5229037267080745 0.036231884057971016 0.019409937888198756
4 0.44591097308488614 0.5025232919254659 0.020186335403726708 0.03687888198757764
4 0.41226708074534163 0.5421195652173914 0.05020703933747412 0.033385093167701864
12 0.6330227743271222 0.6979813664596274 0.041407867494824016 0.07181677018633541
5 0.6389751552795031 0.5046583850931677 0.09368530020703934 0.050854037267080744
0 0.5483954451345756 0.6314052795031055 0.054865424430641824 0.021350931677018632
0 0.4143374741200828 0.45962732919254656 0.026915113871635612 0.015527950310559006
12 0.6529503105590062 0.7979425465838509 0.036231884057971016 0.044642857142857144