0 0.4047413793103448 0.25301724137931036 0.01896551724137931 0.014224137931034483
0 0.5202586206896552 0.19482758620689655 0.020114942528735632 0.014655172413793103
0 0.5475574712643678 0.21530172413793103 0.01896551724137931 0.020905172413793104
0 0.6150862068965517 0.17920258620689655 0.03045977011494253 0.01206896551724138
0 0.5839080459770115 0.19924568965517242 0.023563218390804597 0.011206896551724138
0 0.7566091954022989 0.2533405172413793 0.02471264367816092 0.014224137931034483
0 0.7475574712643678 0.2849137931034483 0.020114942528735632 0.013146551724137931
0 0.4257183908045977 0.19924568965517242 0.020689655172413793 0.015948275862068966
0 0.5689655172413793 0.16907327586206897 0.015517241379310345 0.015948275862068966
0 0.5403735632183908 0.1804956896551724 0.035632183908045977 0.01228448275862069
0 0.478735632183908 0.19094827586206897 0.023563218390804597 0.01853448275862069
0 0.45100574712643676 0.23038793103448277 0.026724137931034484 0.01228448275862069
0 0.32988505747126434 0.3268318965517241 0.022701149425287358 0.01810344827586207
0 0.28132183908045977 0.3834051724137931 0.01867816091954023 0.01767241379310345
4 0.4192528735632184 0.4663793103448276 0.035632183908045977 0.03599137931034483
4 0.3968390804597701 0.4995689655172414 0.06896551724137931 0.023491379310344826
4 0.41867816091954024 0.6710129310344828 0.035632183908045977 0.02327586206896552
4 0.3903735632183908 0.5482758620689655 0.04367816091954023 0.02586206896551724
4 0.4156609195402299 0.6257543103448275 0.020114942528735632 0.02004310344827586
4 0.3331896551724138 0.43275862068965515 0.03879310344827586 0.028232758620689656
4 0.5650862068965518 0.7639008620689656 0.021264367816091954 0.021336206896551725
4 0.4666666666666667 0.686853448275862 0.01896551724137931 0.01853448275862069
4 0.3617816091954023 0.625 0.033045977011494254 0.016163793103448277
4 0.36379310344827587 0.469073275862069 0.040229885057471264 0.015086206896551725