12 0.3390672508319567 0.19886159592041946 0.35792094615624026 0.1921281333046039 0.37438052143934497 0.19167923579688284 0.3989202518614283 0.19886159592041946 0.41986880222174344 0.21322631616749263 0.43932102755632163 0.21816418875242405 0.4084967320261438 0.2114307261366085 0.3935334817687759 0.20020828844358254 0.37019081136728194 0.1957193133663722 0.35283344106873515 0.19886159592041946
12 0.41747468218056455 0.22759103641456582 0.41986880222174344 0.2567693744164332 0.4204673322320381 0.29537456008044244 0.4192702722114487 0.3299396681749623 0.42106586224233283 0.33218415571356746 0.42286145227321703 0.29043668749551105 0.42286145227321703 0.2599116569704805 0.41956953721659607 0.23252890899949724
12 0.4821159232923939 0.2428535516770811 0.5006703536115301 0.22220426632191337 0.5228159639924346 0.20379946850535086 0.5440637793578971 0.19482151835093012 0.5686035097799803 0.19078144078144077 0.5943403002226532 0.19123033828916183 0.5563336445689387 0.19437262084320905 0.5291005291005291 0.20335057099762982 0.5135387488328664 0.21906198376786612 0.49019607843137253 0.23432449903038138
12 0.2992650051473581 0.18359908065790417 0.3133304603892839 0.16609207785678373 0.338468720821662 0.16294979530273648 0.3600158011922718 0.1440960999784529 0.3734827264239029 0.14454499748617397 0.40161363690775453 0.1593586152409682 0.4438100026335321 0.16025641025641027 0.4162776221599751 0.1620520002872944 0.38904450669156554 0.15442074265603678 0.36899375134669254 0.14454499748617397 0.35163638104814576 0.15352294764059468 0.338468720821662 0.1665409753645048 0.31303119538413654 0.16609207785678373
12 0.44051808757691113 0.24868921927745455 0.4563791328497211 0.23208001149177618 0.47463429816370994 0.20020828844358254 0.4985754985754986 0.1777634130575307 0.5305968541262659 0.16115420527185234 0.5578299695946755 0.15217625511743157 0.585063085063085 0.15217625511743157 0.6128947305417893 0.1557674351791999 0.6317484258660729 0.16519428284134166 0.6586822763293352 0.1885369532428356 0.6808278867102396 0.2213064713064713 0.6823242117359765 0.2271421389068448 0.6631712514065455 0.19886159592041946 0.6395293159999043 0.17911010558069382 0.6194785606550313 0.16294979530273648 0.5877564701094112 0.15621633268692092 0.5536402595226124 0.1557674351791999 0.5045607986784458 0.17596782302664657 0.47642988819459403 0.20379946850535086 0.4593717829011947 0.229835523953171
12 0.4468026526850056 0.18315018315018317 0.4698460580813522 0.1598075127486892 0.5006703536115301 0.13556704733175323 0.5398740692858339 0.1198556345615169 0.5656108597285068 0.11312217194570136 0.5928439751969163 0.1099798893916541 0.6155881155881155 0.11312217194570136 0.635938135938136 0.12614019966961143 0.6523977112212406 0.14364720247073187 0.6488065311594724 0.1440960999784529 0.6248653307476837 0.12434460963872727 0.5952380952380952 0.11312217194570136 0.5551365845483492 0.11940673705379587 0.5087505087505088 0.13736263736263737 0.48121812827695176 0.15442074265603678 0.4575761928703105 0.18090569561157796
12 0.3549282961047667 0.10728650434532788 0.37527831645478704 0.11581555699202759 0.3977231918408389 0.13152696976226388 0.4261533673298379 0.14903397256338433 0.44440853264382674 0.15307405013287365 0.483911513323278 0.1185089420383538 0.4456055926644162 0.15082956259426847 0.42345998228351167 0.14319830496301084 0.3977231918408389 0.12524240465416936 0.37019081136728194 0.10863319686849099
12 0.5428667193373076 0.08708611649788121 0.5793770499652853 0.08394383394383394 0.607507960449137 0.0834949364361129 0.6224712107065048 0.08484162895927601 0.648507266154325 0.10234863176039646 0.6742440565969977 0.12254901960784313 0.635938135938136 0.09830855419090713 0.6128947305417893 0.08933060403648639 0.585063085063085 0.08933060403648639 0.5578299695946755 0.08977950154420743
12 0.5542387895329072 0.07406808877397113 0.5183269889152242 0.08035265388206564 0.47642988819459403 0.09875745169862817 0.44021882257176376 0.11177547942253825 0.41119011707247 0.10234863176039646 0.378570231511408 0.08573942397471811 0.3504393210275563 0.07810816634346046 0.3270966506260624 0.09606406665230195 0.3118341353635471 0.10324642677583853 0.3019583901936843 0.11716224951519069 0.30614810026574735 0.11716224951519069 0.31303119538413654 0.10504201680672268 0.3270966506260624 0.10324642677583853 0.3498407910172616 0.08618832148243914 0.3504393210275563 0.0821482439129498 0.36091359620771385 0.08484162895927601 0.37797170150111326 0.08933060403648639 0.39173789173789175 0.09741075917546506 0.40909526203643853 0.10773540185304892 0.4378247025305849 0.11536665948430655 0.45787545787545786 0.10818429936076995 0.4752328281740047 0.10773540185304892 0.4889990184107831 0.10055304172951232 0.5162321338791926 0.08843280902104432 0.5410711293064234 0.07945485886662357
12 0.609303550480021 0.05745888098829275 0.641923436041083 0.07227249874308699 0.6571859513035984 0.07945485886662357 0.6766381766381766 0.09471737412913883 0.6990830520242285 0.11940673705379587 0.7125499772558597 0.14364720247073187 0.6990830520242285 0.12030453206923795 0.6703536115300821 0.09157509157509158 0.6012233953410424 0.06060116354234001
12 0.6338432809021045 0.0520721108956403 0.5988292752998635 0.05162321338791927 0.5398740692858339 0.05252100840336134 0.48959754842107783 0.06329454858866623 0.4435107376283847 0.0799037563743446 0.4231607172783643 0.08439273145155497 0.38455553161435513 0.07227249874308699 0.36031506619741915 0.061498958557782084 0.3378701908113673 0.0664368311427135 0.31602384543561013 0.07361919126625009 0.33218415571356746 0.06553903612727142 0.3555268261150614 0.06015226603461898 0.3794680265268501 0.06374344609638727 0.38874524168641816 0.07092580621992386 0.41867174220115394 0.0799037563743446 0.4246570423041011 0.08259714142067083 0.44829897771074245 0.07676147382029734 0.4749335631688573 0.06509013861955039 0.5027652086475616 0.05835667600373483 0.5225166989872873 0.05117431588019823 0.5563336445689387 0.0471342383107089 0.5874572051042639 0.04578754578754579 0.6224712107065048 0.047583135818429934
12 0.2905863199980847 0.08080155138978669 0.2998635351576528 0.059703368526897935 0.3229069405539994 0.04668534080298786 0.3456510809451986 0.03321841557135675 0.358519476166535 0.02513826043237808 0.3309870956929781 0.04578754578754579 0.3115348703583998 0.05790777849601379 0.2971701501113266 0.07272139625080802
12 0.6155881155881155 0.028729440494146375 0.6368359309535779 0.02962723550958845 0.6613756613756614 0.04354305824894061 0.6892073068543657 0.058805573511455864 0.7146448322918911 0.09202398908281262 0.7233235174411645 0.11671335200746966 0.7023749670808495 0.07945485886662357 0.6871124518183341 0.06509013861955039 0.661076396370514 0.04982762335703512 0.6365366659484307 0.03366731307907779
12 0.5282027340850871 0.19437262084320905 0.5362828892240658 0.1777634130575307 0.5763843999138116 0.16609207785678373 0.5904498551557376 0.16968325791855202 0.5632167396873279 0.1755189255189255 0.5443630443630443 0.1777634130575307
12 0.6643178104575164 0.47870710784313725 0.6704452614379085 0.4909620098039216 0.6806576797385621 0.5024509803921569 0.6929125816993464 0.5170036764705882 0.6893382352941176 0.5039828431372549 0.6745302287581699 0.49325980392156865
12 0.6638071895424836 0.5223651960784313 0.6689133986928104 0.5415134803921569 0.6791258169934641 0.5614276960784313 0.6842320261437909 0.5744485294117647 0.6934232026143791 0.5798100490196079 0.7092524509803921 0.6165747549019608 0.6980187908496732 0.5813419117647058 0.6867851307189542 0.5652573529411765 0.6684027777777778 0.5284926470588235
12 0.7051674836601307 0.47640931372549017 0.7230392156862745 0.49785539215686275 0.7409109477124183 0.5338541666666666 0.7434640522875817 0.5568321078431373 0.7409109477124183 0.5193014705882353 0.7312091503267973 0.4993872549019608 0.7189542483660131 0.48483455882352944 0.6944444444444444 0.46109068627450983
12 0.7000612745098039 0.41513480392156865 0.7220179738562091 0.4212622549019608 0.7455065359477124 0.4189644607843137 0.7695057189542484 0.41360294117647056 0.7526552287581699 0.4212622549019608 0.7255923202614379 0.4258578431372549 0.7046568627450981 0.4258578431372549 0.6964869281045751 0.4212622549019608