0 0.560880829015544 0.31525259067357514 0.015544041450777202 0.01910621761658031
0 0.44516407599309155 0.31573834196891193 0.02461139896373057 0.018134715025906734
0 0.5192141623488774 0.26781088082901555 0.023316062176165803 0.012305699481865285
0 0.5444732297063903 0.25323834196891193 0.023316062176165803 0.013924870466321243
0 0.5800949913644214 0.23105569948186527 0.013385146804835924 0.011981865284974092
0 0.5334628670120898 0.35038860103626945 0.023316062176165803 0.015867875647668395
0 0.5690846286701209 0.359779792746114 0.017271157167530225 0.012953367875647668
0 0.43890328151986185 0.27347797927461137 0.018566493955094993 0.008419689119170985
0 0.5012953367875648 0.28367875647668395 0.012521588946459413 0.00939119170984456
0 0.4255181347150259 0.3246437823834197 0.013816925734024179 0.007448186528497409
0 0.36312607944732295 0.53125 0.015975820379965457 0.013924870466321243
0 0.32037996545768566 0.5179727979274611 0.014248704663212436 0.007124352331606218
0 0.3700345423143351 0.49692357512953367 0.011658031088082901 0.00939119170984456
0 0.7048791018998273 0.618199481865285 0.009930915371329879 0.007124352331606218
0 0.6979706390328152 0.6366580310880829 0.012521588946459413 0.010038860103626942
0 0.6770293609671848 0.6518782383419689 0.009930915371329879 0.009715025906735751
0 0.6550086355785838 0.6857189119170984 0.007772020725388601 0.008743523316062176
1 0.5157599309153713 0.522830310880829 0.03540587219343696 0.02849740932642487
4 0.40349740932642486 0.5341645077720207 0.037132987910189985 0.03821243523316062
0 0.6146373056994818 0.30942357512953367 0.02936096718480138 0.026230569948186528
0 0.5334628670120898 0.33403497409326427 0.021157167530224525 0.012629533678756476
0 0.5082037996545768 0.3712759067357513 0.015975820379965457 0.01910621761658031
0 0.6291018998272885 0.24303756476683938 0.021157167530224525 0.012953367875647668
0 0.4114853195164076 0.29031735751295334 0.031088082901554404 0.017487046632124352
0 0.32534542314335063 0.584520725388601 0.02547495682210708 0.012305699481865285
5 0.6567357512953368 0.4721502590673575 0.14810017271157166 0.03756476683937824
5 0.39399827288428324 0.46696891191709844 0.14853195164075994 0.03659326424870466