12 0.36132589475057914 0.16475808293367264 0.3640446749970094 0.1529313888617011 0.37491979598273034 0.1358030733091906 0.3893293312888106 0.1247920133111481 0.40754515893989324 0.11826694071971551 0.4238578404184747 0.11051841701738932 0.44778310658706083 0.11541222146096376 0.4553956912770655 0.11622785553489283 0.4659989342381435 0.10603242961077942 0.4521331549813492 0.11785912368275098 0.4341892053549096 0.11378095331310561 0.42331408436918866 0.112557502202212 0.40672952486596414 0.11867475775668006 0.3893293312888106 0.12316074516328995 0.3773666982045175 0.13417180516133242 0.3643165530216524 0.15211575478777203
12 0.44125803399562824 0.11908257479364458 0.437995497699912 0.1317249029395452 0.43989864387241306 0.14559068219633944 0.44125803399562824 0.1619033636749209 0.437995497699912 0.17943949626439595 0.4320141811577654 0.19942253107565822 0.44044239992169915 0.1822942155231477 0.44098615597098517 0.168836253303318 0.4456080823899166 0.13457962219829697 0.44125803399562824 0.15211575478777203 0.43690798560133987 0.13213271997650974
12 0.4537644231292073 0.12438419627418355 0.45403630115385035 0.1349874392352615 0.4553956912770655 0.13988124367883592 0.4545800572031364 0.1619033636749209 0.45322066707992126 0.17005970441421162 0.45621132535099457 0.15700955923134646 0.45621132535099457 0.14232814590062315
12 0.46654269028742945 0.13131708590258068 0.4787772013963656 0.10929496590649572 0.4926429806531598 0.10317771035202768 0.5092275401563843 0.10195425924113405 0.5263558557088948 0.10195425924113405 0.5456591954585495 0.10929496590649572 0.5636031450849891 0.11500440442399922 0.5728469979228519 0.1145965873870347 0.5973160201407242 0.09991517405631138 0.6035692147075136 0.09624482072363055 0.5704000957010648 0.11785912368275098 0.5557186823703414 0.11378095331310561 0.5385903668178309 0.10603242961077942 0.5296183920046111 0.10603242961077942 0.5105869302795994 0.10113862516720498 0.48638978608637023 0.10644024664774396 0.47388339695279114 0.11908257479364458
12 0.483399127815297 0.12193729405239634 0.4861179080617272 0.1394734266418714 0.48448663991386903 0.16394244885974357 0.49209922460387373 0.19045055626243843 0.49644927299816216 0.19289745848422565 0.4926429806531598 0.17862386219046686 0.48747729818494234 0.16638935108153077 0.48747729818494234 0.15007666960294933 0.48829293225887144 0.13376398812436788
12 0.4969930290474482 0.1145965873870347 0.5097712962056703 0.13661870738311965 0.5209182952160343 0.15456265700955923 0.5244527095363937 0.1598642784900982 0.5152088566985308 0.13988124367883592 0.5029743455895946 0.12438419627418355
12 0.32081606907876853 0.15497047404652378 0.33495372636020576 0.14028906071580047 0.3458288473459267 0.13131708590258068 0.36295716289843727 0.11908257479364458 0.37383228388415823 0.10603242961077942 0.359694626602721 0.11826694071971551 0.3431100670994965 0.129278000717758
12 0.30586277772340215 0.12968581775472252 0.326525507596272 0.10644024664774396 0.3509945298141442 0.0876806629473753 0.36159777277522215 0.08074777331897817 0.3961262819048862 0.07666960294933281 0.4200515480734724 0.08156340739290724 0.4480549846117038 0.08033995628201364 0.46763020238600156 0.07585396887540374 0.48312724979065397 0.0697367133209357 0.49998368731852144 0.0697367133209357 0.517655758920318 0.07177579850575838 0.540493512990332 0.07218361554272291 0.5557186823703414 0.0787086881341555 0.5769251682924973 0.08808847998433983 0.5842658749578589 0.09339010146487879 0.5505529999021239 0.07503833480147466 0.5421247811381902 0.07381488369058106 0.5097712962056703 0.07381488369058106 0.49209922460387373 0.07055234739486477 0.47116461670636084 0.07748523702326189 0.44343305819277234 0.08319467554076539 0.4197796700488293 0.08401030961469445 0.39313562363381294 0.07911650517112002 0.3635009189477233 0.08237904146683632 0.34283818907485347 0.09542918664970149 0.31592226463519407 0.11989820886757364
12 0.3047752656248301 0.08849629702130436 0.3219035811773406 0.07626178591236828 0.34746011549378486 0.058725653322893215 0.3735604058595152 0.049345861472708884 0.38171674659880594 0.046083325176992596 0.41352647548203975 0.04853022739877981 0.4494143747349189 0.04689895925092167 0.4717083727556469 0.04771459332485074 0.49563363892423307 0.04567550814002806 0.518471392994247 0.04567550814002806 0.5459310734831925 0.04853022739877981 0.5706719737257077 0.059133470359857755 0.5975878981653672 0.07177579850575838 0.5829064848346438 0.0697367133209357 0.5636031450849891 0.05994910443378682 0.5413091470642611 0.052200580731460645 0.5116744423781714 0.04812241036181528 0.46654269028742945 0.05056931258360249 0.44424869226670144 0.05056931258360249 0.41379835350668276 0.05056931258360249 0.3841636488205931 0.04853022739877981 0.36513218709558143 0.055463117027176934 0.3365849945080639 0.06769762813611302
12 0.337400628581993 0.03466444814198558 0.3458288473459267 0.025284656291801245 0.3645884310462954 0.021614302959120424 0.3852511609191653 0.011011059998042479 0.4140702315313258 0.011011059998042479 0.4347329614041956 0.011011059998042479 0.460833251769926 0.011011059998042479 0.4853022739877981 0.006117255554468044 0.5024305895403086 0.006117255554468044 0.5201026611421052 0.00978760888714887 0.5366872206453297 0.011011059998042479 0.5532717801485542 0.01753613258947506 0.5782845584157124 0.027731558513588467 0.5910628255739345 0.038334801474666405 0.6003066784117973 0.046083325176992596 0.5782845584157124 0.033033179994127436 0.56278751101106 0.024469022217872175 0.540765391014975 0.015904864441616914 0.5236370754624645 0.014681413330723304 0.49835241917066325 0.006932889628397117 0.48203973769208186 0.012234511108936088 0.4654551781888574 0.01957521777429774 0.449686252759562 0.015904864441616914 0.4192359139995433 0.013457962219829697 0.39531064783095715 0.013457962219829697 0.37981360042630474 0.016720498515545985 0.36105401672593607 0.02406120518090764 0.34120692092699534 0.02732374147662393 0.33440997031091974 0.03466444814198558
12 0.5312496601524692 0.343789762161104 0.5377747327439019 0.36091807771361456 0.5442998053353344 0.37437603993344426 0.5597968527399868 0.39476689178167107 0.5771970463171403 0.4004763302991746 0.595412873968223 0.4029232325209618 0.6027535806335845 0.4029232325209618 0.5845377529825019 0.3968059769664938 0.5657781692821333 0.39476689178167107 0.5513686339760531 0.3788620273400542 0.540221634965689 0.3584711754918274
12 0.3901449653627397 0.36907441845290534 0.37220101573630004 0.393951257707742 0.35616021228236167 0.41230302437114613 0.337672506606636 0.4375876806629474 0.33386621426163365 0.4375876806629474 0.34718823746914185 0.4204593651104369 0.3645884310462954 0.3996606962252455 0.37872608832773264 0.3833480147466641 0.38661055104238035 0.3662196991941536 0.3915043554859548 0.33971159179145866 0.3904168433873827 0.36051026067665004