0 0.6025474956822107 0.2665155440414508 0.02936096718480138 0.012629533678756476
0 0.5772884283246977 0.27493523316062174 0.022020725388601035 0.015867875647668395
0 0.5153281519861831 0.18134715025906736 0.047495682210708115 0.013924870466321243
0 0.45595854922279794 0.23558937823834197 0.021157167530224525 0.016191709844559584
0 0.43911917098445596 0.24919041450777202 0.027633851468048358 0.01878238341968912
0 0.48639896373056996 0.2861075129533679 0.03065630397236615 0.005829015544041451
0 0.7189119170984456 0.2810880829015544 0.013816925734024179 0.01716321243523316
0 0.6079447322970639 0.15948834196891193 0.01770293609671848 0.012629533678756476
0 0.6878238341968912 0.29841321243523317 0.022020725388601035 0.022020725388601035
0 0.5472797927461139 0.23218911917098445 0.028929188255613126 0.01878238341968912
0 0.3143350604490501 0.5374028497409327 0.021157167530224525 0.012629533678756476
0 0.25172711571675305 0.47101683937823835 0.025043177892918825 0.013601036269430052
0 0.22992227979274613 0.5314119170984456 0.030224525043177894 0.023963730569948185
0 0.26791882556131263 0.5963406735751295 0.05267702936096719 0.02493523316062176
0 0.29533678756476683 0.6530116580310881 0.02849740932642487 0.020401554404145077
0 0.33268566493955093 0.6534974093264249 0.023747841105354058 0.016191709844559584
0 0.40932642487046633 0.5569948186528497 0.020293609671848015 0.013601036269430052
0 0.46027633851468047 0.5454987046632125 0.02849740932642487 0.013601036269430052
0 0.385146804835924 0.5361075129533679 0.018566493955094993 0.011010362694300517
0 0.3603195164075993 0.5459844559585493 0.02677029360967185 0.010362694300518135
0 0.2508635578583765 0.5602331606217616 0.028929188255613126 0.01327720207253886
0 0.3866580310880829 0.6345531088082902 0.023747841105354058 0.015867875647668395
0 0.2664075993091537 0.39216321243523317 0.02158894645941278 0.010686528497409326
0 0.2610103626943005 0.31428108808290156 0.01770293609671848 0.013601036269430052
0 0.22582037996545767 0.41305051813471505 0.024179620034542316 0.014896373056994818
0 0.21761658031088082 0.47506476683937826 0.020293609671848015 0.020077720207253884
0 0.33786701208981 0.59375 0.01683937823834197 0.01133419689119171
0 0.3171416234887737 0.6230569948186528 0.021157167530224525 0.01910621761658031
0 0.3072107081174439 0.592940414507772 0.025906735751295335 0.015867875647668395
0 0.35038860103626945 0.711139896373057 0.025043177892918825 0.016515544041450777
1 0.6649395509499136 0.5307642487046632 0.039723661485319514 0.02849740932642487
4 0.4745250431778929 0.5806347150259067 0.059153713298791016 0.04209844559585492
4 0.5107944732297064 0.521211139896373 0.03626943005181347 0.029792746113989636