4 0.5187823834196891 0.5294689119170984 0.13255613126079446 0.08516839378238342
1 0.30872193436960277 0.5278497409326425 0.08808290155440414 0.0469559585492228
0 0.3471502590673575 0.2702396373056995 0.025906735751295335 0.02072538860103627
0 0.3182210708117444 0.3071567357512953 0.041018998272884286 0.03270725388601036
0 0.24244386873920554 0.2770401554404145 0.02547495682210708 0.01522020725388601
0 0.2823834196891192 0.2341321243523316 0.041882556131260795 0.02299222797927461
0 0.3991796200345423 0.31120466321243523 0.025906735751295335 0.01522020725388601
0 0.6280224525043178 0.28400259067357514 0.02849740932642487 0.02882124352331606
0 0.37240932642487046 0.7410945595854922 0.03540587219343696 0.027202072538860103
0 0.5695164075993091 0.7396373056994818 0.030224525043177894 0.020077720207253884
0 0.5375647668393783 0.6779468911917098 0.02849740932642487 0.017810880829015545
0 0.6085924006908463 0.5432318652849741 0.02849740932642487 0.016515544041450777
0 0.6679620034542314 0.5683290155440415 0.04145077720207254 0.02655440414507772
0 0.5969343696027634 0.5851683937823834 0.02461139896373057 0.016515544041450777
0 0.5975820379965457 0.6598121761658031 0.02158894645941278 0.011981865284974092
0 0.6198186528497409 0.6473445595854922 0.014248704663212436 0.019430051813471502
0 0.643566493955095 0.6212759067357513 0.022020725388601035 0.016191709844559584
0 0.6582469775474957 0.6455634715025906 0.025906735751295335 0.017810880829015545
0 0.7059585492227979 0.6207901554404145 0.02547495682210708 0.023639896373056996
0 0.696027633851468 0.5948834196891192 0.022020725388601035 0.014248704663212436
0 0.6901986183074266 0.6509067357512953 0.018998272884283247 0.02266839378238342
0 0.6135578583765112 0.6847474093264249 0.02461139896373057 0.011010362694300517
0 0.5854922279792746 0.6840997409326425 0.023316062176165803 0.01683937823834197
0 0.6517702936096719 0.6682318652849741 0.02072538860103627 0.011981865284974092
0 0.6755181347150259 0.6240284974093264 0.019430051813471502 0.01716321243523316
0 0.6155008635578584 0.4961139896373057 0.03065630397236615 0.025906735751295335
0 0.27828151986183075 0.17503238341968913 0.023747841105354058 0.025259067357512953
0 0.4004749568221071 0.16143134715025906 0.013816925734024179 0.011658031088082901
0 0.4473229706390328 0.22830310880829016 0.02072538860103627 0.01716321243523316
0 0.4423575129533679 0.2501619170984456 0.025906735751295335 0.016515544041450777
0 0.5002158894645942 0.23283678756476683 0.03367875647668394 0.017487046632124352
0 0.5092832469775475 0.17098445595854922 0.022452504317789293 0.01683937823834197
0 0.3059153713298791 0.21632124352331605 0.02072538860103627 0.016515544041450777
0 0.35772884283246975 0.20012953367875647 0.023316062176165803 0.016191709844559584
0 0.31865284974093266 0.18296632124352333 0.020293609671848015 0.014572538860103627
0 0.33721934369602763 0.15560233160621761 0.027202072538860103 0.014572538860103627
0 0.7465457685664939 0.45531088082901555 0.02677029360967185 0.02299222797927461
0 0.7035837651122625 0.48154145077720206 0.027202072538860103 0.014248704663212436
0 0.731433506044905 0.5456606217616581 0.018134715025906734 0.028173575129533678
0 0.6932210708117443 0.5511658031088082 0.02072538860103627 0.015544041450777202