0 0.47511574074074076 0.3424479166666667 0.039641203703703706 0.027560763888888888
0 0.39250578703703703 0.2838541666666667 0.03356481481481482 0.022569444444444444
0 0.45211226851851855 0.2759331597222222 0.044849537037037035 0.01953125
0 0.5889756944444444 0.3084852430555556 0.038483796296296294 0.019097222222222224
0 0.5363136574074074 0.3125 0.026041666666666668 0.017795138888888888
0 0.5387731481481481 0.3934461805555556 0.034722222222222224 0.020833333333333332
0 0.5050636574074074 0.3619791666666667 0.044270833333333336 0.016493055555555556
0 0.4908854166666667 0.3956163194444444 0.027199074074074073 0.019965277777777776
0 0.48640046296296297 0.4226345486111111 0.02488425925925926 0.017795138888888888
0 0.39771412037037035 0.3741319444444444 0.020833333333333332 0.017795138888888888
0 0.3936631944444444 0.3125 0.02199074074074074 0.016059027777777776
0 0.3421585648148148 0.3199869791666667 0.01880787037037037 0.011501736111111112
0 0.69921875 0.3495008680555556 0.020833333333333332 0.011935763888888888
0 0.3035300925925926 0.5791015625 0.02199074074074074 0.020399305555555556