0 0.5552662037037037 0.3786892361111111 0.03211805555555555 0.024088541666666668
0 0.5921585648148148 0.4058159722222222 0.026331018518518517 0.018012152777777776
0 0.5170717592592593 0.2980685763888889 0.024016203703703703 0.016927083333333332
0 0.5224247685185185 0.3330078125 0.030960648148148147 0.015190972222222222
0 0.24811921296296297 0.3108723958333333 0.03153935185185185 0.018012152777777776
0 0.2708333333333333 0.3307291666666667 0.025173611111111112 0.013237847222222222
0 0.30049189814814814 0.3548177083333333 0.03269675925925926 0.019748263888888888
0 0.26461226851851855 0.3663194444444444 0.02141203703703704 0.022135416666666668
0 0.19458912037037038 0.3524305555555556 0.03153935185185185 0.019748263888888888
0 0.19936342592592593 0.3000217013888889 0.02459490740740741 0.018880208333333332
0 0.2037037037037037 0.2689887152777778 0.020833333333333332 0.012803819444444444
0 0.24464699074074073 0.2577039930555556 0.02459490740740741 0.017578125
0 0.17766203703703703 0.3125 0.025173611111111112 0.019314236111111112
0 0.2951388888888889 0.2727864583333333 0.02199074074074074 0.018446180555555556
0 0.3543113425925926 0.2713758680555556 0.025752314814814815 0.014539930555555556