0 0.3274647887323944 0.5356514084507042 0.03051643192488263 0.020833333333333332
0 0.3611111111111111 0.5278755868544601 0.01643192488262911 0.009683098591549295
0 0.39162754303599373 0.5193661971830986 0.017605633802816902 0.014377934272300469
0 0.5817683881064163 0.5249413145539906 0.02269170579029734 0.011737089201877934
0 0.3155320813771518 0.4565727699530516 0.012519561815336464 0.013204225352112676
0 0.316510172143975 0.5660211267605634 0.020735524256651018 0.022007042253521125
0 0.5254303599374022 0.6286678403755869 0.02190923317683881 0.009683098591549295
0 0.48024256651017216 0.6208920187793427 0.016823161189358372 0.008802816901408451
0 0.6132629107981221 0.5956572769953051 0.014475743348982786 0.011443661971830986
0 0.6392801251956182 0.5749706572769953 0.01564945226917058 0.013204225352112676
0 0.36306729264475746 0.5893485915492958 0.016040688575899843 0.013791079812206572
0 0.5134976525821596 0.2654049295774648 0.013693270735524257 0.015258215962441314
4 0.38438967136150237 0.4511443661971831 0.09741784037558686 0.04342723004694836
4 0.6316510172143975 0.45129107981220656 0.07902973395931143 0.04518779342723005
0 0.3591549295774648 0.5090962441314554 0.016040688575899843 0.01085680751173709
0 0.6248043818466353 0.5220070422535211 0.02543035993740219 0.01965962441314554
0 0.6879890453834115 0.502494131455399 0.02034428794992175 0.016725352112676055
0 0.2942097026604069 0.4794600938967136 0.016040688575899843 0.011150234741784037
0 0.37284820031298904 0.4835680751173709 0.01995305164319249 0.014671361502347418