0 0.5670970266040689 0.5350645539906104 0.033646322378716745 0.031396713615023476
0 0.6561032863849765 0.5189260563380281 0.025039123630672927 0.014084507042253521
0 0.6226525821596244 0.5278755868544601 0.03051643192488263 0.017605633802816902
0 0.6490610328638498 0.47124413145539906 0.016823161189358372 0.013791079812206572
0 0.5 0.3361208920187793 0.026604068857589983 0.014084507042253521
0 0.4630281690140845 0.360768779342723 0.03755868544600939 0.03403755868544601
0 0.46870109546165883 0.43661971830985913 0.03129890453834116 0.020246478873239437
0 0.4131455399061033 0.4140258215962441 0.019561815336463225 0.026115023474178403
0 0.5154538341158059 0.5554577464788732 0.03325508607198748 0.014671361502347418
0 0.4798513302034429 0.5642605633802817 0.021517996870109544 0.014084507042253521
0 0.4753521126760563 0.5918427230046949 0.01917057902973396 0.012030516431924883
0 0.5352112676056338 0.6050469483568075 0.016823161189358372 0.011150234741784037
0 0.5226917057902973 0.5880281690140845 0.017996870109546165 0.011150234741784037
0 0.5152582159624414 0.5717429577464789 0.025039123630672927 0.011737089201877934
0 0.5555555555555556 0.6452464788732394 0.02621283255086072 0.013791079812206572
0 0.5712050078247262 0.6310152582159625 0.01995305164319249 0.012030516431924883
0 0.5807902973395931 0.5977112676056338 0.01564945226917058 0.02640845070422535
0 0.45168231611893583 0.5441607981220657 0.03129890453834116 0.011150234741784037
0 0.3816510172143975 0.4480633802816901 0.027777777777777776 0.014964788732394365
0 0.6025039123630673 0.1835387323943662 0.021517996870109544 0.017018779342723004
0 0.7210485133020345 0.20495892018779344 0.025039123630672927 0.01995305164319249
0 0.7052034428794992 0.2334213615023474 0.02543035993740219 0.018779342723004695
4 0.6056338028169014 0.43339201877934275 0.0661189358372457 0.045774647887323945
4 0.6028951486697965 0.49457159624413144 0.06846635367762129 0.03403755868544601