0 0.33954451345755693 0.23136645962732919 0.038302277432712216 0.022127329192546584
0 0.38146997929606624 0.21991459627329193 0.03881987577639751 0.02406832298136646
0 0.3196169772256729 0.20729813664596272 0.026397515527950312 0.019021739130434784
0 0.28700828157349895 0.2517468944099379 0.03157349896480331 0.014751552795031056
0 0.26164596273291924 0.2579580745341615 0.024327122153209108 0.02096273291925466
0 0.2779503105590062 0.3255046583850932 0.018633540372670808 0.013975155279503106
0 0.2696687370600414 0.22554347826086957 0.023291925465838508 0.020574534161490684
0 0.3110766045548654 0.19002329192546583 0.018633540372670808 0.011645962732919254
0 0.36180124223602483 0.18672360248447206 0.022774327122153208 0.017080745341614908
0 0.4109730848861284 0.18322981366459629 0.013975155279503106 0.01358695652173913
0 0.4503105590062112 0.2170031055900621 0.026915113871635612 0.01358695652173913
0 0.5551242236024845 0.46642080745341613 0.017598343685300208 0.015139751552795032
0 0.4937888198757764 0.4406055900621118 0.018115942028985508 0.013198757763975156
0 0.45160455486542445 0.4419642857142857 0.015010351966873706 0.009704968944099378
0 0.4280538302277433 0.4561335403726708 0.019668737060041408 0.01436335403726708
0 0.4200310559006211 0.47379658385093165 0.021221532091097308 0.008540372670807454
0 0.35093167701863354 0.7109860248447205 0.020703933747412008 0.01281055900621118
0 0.317287784679089 0.7150621118012422 0.030020703933747412 0.013975155279503106
0 0.32116977225672877 0.6774068322981367 0.016045548654244308 0.017857142857142856
0 0.4298654244306418 0.6118012422360248 0.022256728778467908 0.01125776397515528
0 0.4386645962732919 0.6471273291925466 0.011387163561076604 0.01591614906832298
0 0.43193581780538304 0.7018633540372671 0.022256728778467908 0.013975155279503106
0 0.4855072463768116 0.5593944099378882 0.011387163561076604 0.010093167701863354
0 0.49508281573498963 0.5747282608695652 0.021221532091097308 0.011645962732919254
0 0.6169772256728778 0.5304736024844721 0.012422360248447204 0.008152173913043478
0 0.6374223602484472 0.46875 0.026915113871635612 0.031444099378881984
0 0.27613871635610765 0.4116847826086957 0.017080745341614908 0.015139751552795032
0 0.26009316770186336 0.30085403726708076 0.019151138716356108 0.01048136645962733