0 0.5175983436853002 0.30337732919254656 0.026397515527950312 0.01746894409937888
0 0.4805900621118012 0.2717391304347826 0.022774327122153208 0.01358695652173913
0 0.6226708074534162 0.28396739130434784 0.025362318840579712 0.015527950310559006
0 0.625 0.3154114906832298 0.023291925465838508 0.01281055900621118
0 0.6790890269151139 0.28959627329192544 0.016045548654244308 0.01281055900621118
0 0.6612318840579711 0.2717391304347826 0.021221532091097308 0.011645962732919254
0 0.6332815734989649 0.38528726708074534 0.023291925465838508 0.013198757763975156
0 0.5766045548654244 0.28629658385093165 0.028985507246376812 0.01203416149068323
0 0.349120082815735 0.5015527950310559 0.009316770186335404 0.009316770186335404
0 0.3944099378881988 0.4935947204968944 0.018633540372670808 0.01125776397515528
0 0.30978260869565216 0.5174689440993789 0.017080745341614908 0.01203416149068323
0 0.39596273291925466 0.6378105590062112 0.022774327122153208 0.019021739130434784
0 0.36749482401656314 0.6048136645962733 0.013975155279503106 0.011645962732919254
0 0.42701863354037267 0.6057841614906833 0.017080745341614908 0.015527950310559006
0 0.39648033126293997 0.6001552795031055 0.013975155279503106 0.012422360248447204
0 0.46868530020703936 0.6077251552795031 0.019668737060041408 0.015527950310559006
0 0.43504140786749484 0.6636257763975155 0.011904761904761904 0.01125776397515528
0 0.625 0.7105978260869565 0.037267080745341616 0.01125776397515528
0 0.6213768115942029 0.7319487577639752 0.026915113871635612 0.01125776397515528
0 0.3641304347826087 0.37558229813664595 0.020186335403726708 0.016692546583850932
0 0.6369047619047619 0.30337732919254656 0.022256728778467908 0.010093167701863354
0 0.4640269151138716 0.7228260869565217 0.021739130434782608 0.01746894409937888
0 0.5641821946169773 0.7480590062111802 0.04192546583850932 0.028338509316770188
0 0.302536231884058 0.5861801242236024 0.025362318840579712 0.01746894409937888
0 0.42701863354037267 0.5720108695652174 0.017598343685300208 0.015527950310559006
0 0.34627329192546585 0.48233695652173914 0.020186335403726708 0.007375776397515528
0 0.3993271221532091 0.44992236024844723 0.011387163561076604 0.01203416149068323
0 0.6640786749482401 0.7366071428571429 0.012939958592132506 0.015527950310559006