11 0.8245192307692307 0.44333333333333336 0.03365384615384615 0.04666666666666667
9 0.2800480769230769 0.4533333333333333 0.04567307692307692 0.06
16 0.39903846153846156 0.5433333333333333 0.057692307692307696 0.08
11 0.15985576923076922 0.555 0.05048076923076923 0.03666666666666667
11 0.49158653846153844 0.585 0.06490384615384616 0.06333333333333334
9 0.33533653846153844 0.6166666666666667 0.09375 0.08666666666666667
9 0.20432692307692307 0.645 0.038461538461538464 0.07
11 0.46875 0.6466666666666666 0.04807692307692308 0.04666666666666667
16 0.796875 0.6916666666666667 0.06490384615384616 0.11
16 0.2764423076923077 0.7133333333333334 0.07211538461538461 0.07333333333333333
9 0.18028846153846154 0.7416666666666667 0.057692307692307696 0.06333333333333334
1 0.7055288461538461 0.7883333333333333 0.06971153846153846 0.07
9 0.3870192307692308 0.8516666666666667 0.07211538461538461 0.06333333333333334
9 0.28725961538461536 0.8883333333333333 0.06009615384615385 0.08333333333333333
9 0.7211538461538461 0.89 0.0673076923076923 0.08666666666666667
9 0.41947115384615385 0.17333333333333334 0.06009615384615385 0.08666666666666667
9 0.4651442307692308 0.185 0.06490384615384616 0.09666666666666666
1 0.7259615384615384 0.22333333333333333 0.0673076923076923 0.08