0 0.7614224137931035 0.5003238341968912 0.022413793103448276 0.01716321243523316
4 0.5793103448275863 0.4797603626943005 0.054310344827586204 0.04889896373056995
0 0.46551724137931033 0.45579663212435234 0.01896551724137931 0.014572538860103627
0 0.5030172413793104 0.46130181347150256 0.01896551724137931 0.011981865284974092
0 0.48900862068965517 0.47668393782383417 0.014655172413793103 0.010038860103626942
0 0.5711206896551724 0.28351683937823835 0.02025862068965517 0.014896373056994818
0 0.47564655172413794 0.27250647668393785 0.01896551724137931 0.012953367875647668
0 0.6331896551724138 0.25599093264248707 0.022844827586206897 0.015867875647668395
0 0.59375 0.25906735751295334 0.03103448275862069 0.019753886010362695
0 0.45905172413793105 0.3471502590673575 0.023706896551724137 0.01683937823834197
0 0.4540948275862069 0.32156735751295334 0.021120689655172414 0.017810880829015545
0 0.4993534482758621 0.313309585492228 0.01939655172413793 0.014248704663212436
0 0.5385775862068966 0.29387953367875647 0.02413793103448276 0.01878238341968912
5 0.5605603448275862 0.4182318652849741 0.14267241379310344 0.04177461139896373
1 0.7008620689655173 0.46615932642487046 0.06594827586206897 0.029145077720207253