0 0.6525374855824683 0.5335207612456747 0.021337946943483274 0.01384083044982699
0 0.6776239907727797 0.4914576124567474 0.010092272202998846 0.012759515570934256
0 0.39287773933102654 0.49329584775086505 0.019896193771626297 0.012759515570934256
0 0.3940311418685121 0.5143814878892734 0.010668973471741637 0.01124567474048443
0 0.4525663206459054 0.5701773356401384 0.01124567474048443 0.006920415224913495
0 0.4594867358708189 0.5918036332179931 0.010092272202998846 0.004325259515570935
0 0.4659746251441753 0.6056444636678201 0.011534025374855825 0.011678200692041523
0 0.6323529411764706 0.5792603806228374 0.006343713956170703 0.01124567474048443
0 0.5867935409457901 0.6138624567474048 0.01787773933102653 0.013408304498269897
0 0.6219723183391004 0.589424740484429 0.010668973471741637 0.014922145328719723
0 0.6262975778546713 0.5675821799307958 0.017589388696655134 0.012759515570934256
0 0.6431660899653979 0.5499567474048442 0.014129181084198385 0.010164359861591695
0 0.674163783160323 0.532439446366782 0.02191464821222607 0.00865051903114187
0 0.6528258362168397 0.5650951557093425 0.01903114186851211 0.010596885813148788
0 0.6571510957324106 0.548659169550173 0.014129181084198385 0.01124567474048443
0 0.6734429065743944 0.5479022491349481 0.007785467128027681 0.009948096885813149
0 0.5412341407151096 0.5012975778546713 0.01643598615916955 0.009948096885813149
0 0.48471741637831606 0.5008650519031141 0.01903114186851211 0.007569204152249135
0 0.3689446366782007 0.49891868512110726 0.012975778546712802 0.011461937716262976
0 0.4218569780853518 0.5623918685121108 0.01182237600922722 0.011461937716262976
0 0.48601499423298733 0.38851643598615915 0.017012687427912343 0.008434256055363323
0 0.6042387543252595 0.34191176470588236 0.01441753171856978 0.008866782006920416
0 0.6019319492502884 0.3539143598615917 0.017012687427912343 0.007136678200692042
0 0.6251441753171857 0.34407439446366783 0.017012687427912343 0.01384083044982699
0 0.40340253748558247 0.36764705882352944 0.019319492502883506 0.011029411764705883
0 0.3999423298731257 0.47534602076124566 0.01845444059976932 0.008217993079584774
4 0.5889561707035755 0.4759948096885813 0.03431372549019608 0.025735294117647058
0 0.5765570934256056 0.4432309688581315 0.020472895040369088 0.014057093425605537