4 0.45069204152249137 0.5037846020761245 0.04325259515570934 0.03373702422145329
4 0.35337370242214533 0.450151384083045 0.031718569780853516 0.021193771626297576
0 0.5612745098039216 0.4979455017301038 0.026239907727797 0.019896193771626297
0 0.5519031141868512 0.5400086505190311 0.021337946943483274 0.01643598615916955
0 0.49653979238754326 0.541955017301038 0.015282583621683967 0.007136678200692042
0 0.5072087658592849 0.5875865051903114 0.02191464821222607 0.016003460207612456
0 0.48803344867358706 0.603265570934256 0.02191464821222607 0.012759515570934256
0 0.4541522491349481 0.6224048442906575 0.016147635524798153 0.010380622837370242
0 0.41205305651672436 0.6418685121107266 0.022779700115340255 0.012110726643598616
0 0.4003748558246828 0.6630622837370242 0.027970011534025375 0.009515570934256055
0 0.4544405997693195 0.6425173010380623 0.015570934256055362 0.008866782006920416
0 0.47534602076124566 0.6244593425605537 0.022779700115340255 0.021193771626297576
0 0.47159746251441753 0.651492214532872 0.02566320645905421 0.007136678200692042
0 0.5063437139561707 0.6230536332179931 0.020184544405997693 0.01448961937716263
0 0.5119665513264129 0.6033737024221453 0.012975778546712802 0.009731833910034602
0 0.53719723183391 0.5848832179930796 0.02191464821222607 0.006920415224913495
0 0.5733852364475202 0.5646626297577855 0.01384083044982699 0.013408304498269897
0 0.5899653979238755 0.5477941176470589 0.01384083044982699 0.010380622837370242
0 0.5797289504036909 0.5164359861591695 0.023933102652825836 0.011678200692041523
0 0.5494521337946944 0.6020761245674741 0.01730103806228374 0.009083044982698962
0 0.529123414071511 0.598507785467128 0.01182237600922722 0.011029411764705883
0 0.5302768166089965 0.615484429065744 0.01643598615916955 0.007785467128027681
0 0.3614475201845444 0.36516003460207613 0.01845444059976932 0.012759515570934256
0 0.3699538638985006 0.6169982698961938 0.012687427912341407 0.010813148788927335
0 0.4273356401384083 0.659385813148789 0.01124567474048443 0.010380622837370242
0 0.4408881199538639 0.4548010380622837 0.02710495963091119 0.019247404844290657