4 0.6247957516339869 0.5969669117647058 0.10988562091503268 0.05974264705882353
0 0.26143790849673204 0.33547794117647056 0.028594771241830064 0.018688725490196078
4 0.4470996732026144 0.32996323529411764 0.04125816993464052 0.022365196078431373
0 0.30392156862745096 0.6128982843137255 0.03594771241830065 0.025122549019607844
0 0.588031045751634 0.2778799019607843 0.023284313725490197 0.014705882352941176
0 0.5081699346405228 0.2259497549019608 0.034722222222222224 0.018075980392156864
0 0.5962009803921569 0.32199754901960786 0.021241830065359478 0.01991421568627451
0 0.4803921568627451 0.3102022058823529 0.025326797385620915 0.015625
0 0.41217320261437906 0.2110906862745098 0.034722222222222224 0.017769607843137254
0 0.3678513071895425 0.22074142156862744 0.03349673202614379 0.018688725490196078
4 0.44281045751633985 0.5579044117647058 0.04370915032679738 0.02696078431372549