0 0.5308415032679739 0.33609068627450983 0.03145424836601307 0.02389705882352941
0 0.5604575163398693 0.24004289215686275 0.021241830065359478 0.014399509803921568
0 0.5563725490196079 0.26348039215686275 0.022058823529411766 0.012867647058823529
0 0.6180555555555556 0.3684129901960784 0.015931372549019607 0.014399509803921568
0 0.6670751633986928 0.36182598039215685 0.022058823529411766 0.009497549019607842
0 0.7003676470588235 0.3555453431372549 0.01715686274509804 0.010723039215686275
0 0.7863562091503268 0.32996323529411764 0.02246732026143791 0.013174019607843137
0 0.730187908496732 0.27389705882352944 0.016339869281045753 0.012867647058823529
0 0.37826797385620914 0.5157781862745098 0.01715686274509804 0.010416666666666666
4 0.5277777777777778 0.5430453431372549 0.07230392156862746 0.05912990196078431
4 0.42401960784313725 0.5300245098039216 0.03308823529411765 0.02971813725490196
0 0.44893790849673204 0.6040134803921569 0.03553921568627451 0.02542892156862745
0 0.4068627450980392 0.5739889705882353 0.017973856209150325 0.016544117647058824
4 0.6979166666666666 0.5338541666666666 0.051470588235294115 0.033394607843137254