0 0.4104785478547855 0.37964108910891087 0.04207920792079208 0.022277227722772276
0 0.40470297029702973 0.33941831683168316 0.018976897689768978 0.011138613861386138
0 0.5325907590759076 0.349009900990099 0.027227722772277228 0.012995049504950494
0 0.5420792079207921 0.36788366336633666 0.02557755775577558 0.01547029702970297
0 0.5210396039603961 0.43719059405940597 0.0297029702970297 0.018564356435643563
0 0.4500825082508251 0.43657178217821785 0.022277227722772276 0.014232673267326733
0 0.4612211221122112 0.41120049504950495 0.028052805280528052 0.019801980198019802
0 0.5334158415841584 0.3217821782178218 0.018976897689768978 0.014232673267326733
0 0.45957095709570955 0.29610148514851486 0.04372937293729373 0.01547029702970297
0 0.4113036303630363 0.2926980198019802 0.024752475247524754 0.011757425742574257
0 0.41295379537953797 0.3131188118811881 0.019801980198019802 0.011138613861386138
0 0.5057755775577558 0.2896039603960396 0.02392739273927393 0.011138613861386138
0 0.5808580858085809 0.3146658415841584 0.03052805280528053 0.014232673267326733
0 0.540016501650165 0.5123762376237624 0.019801980198019802 0.013613861386138614
0 0.4121287128712871 0.5216584158415841 0.020627062706270627 0.01485148514851485
0 0.35396039603960394 0.5448638613861386 0.022277227722772276 0.009900990099009901
0 0.5907590759075908 0.5451732673267327 0.0231023102310231 0.01670792079207921
0 0.615924092409241 0.5850866336633663 0.012376237623762377 0.007425742574257425
0 0.38696369636963696 0.5751856435643564 0.013201320132013201 0.011138613861386138
0 0.40305280528052806 0.5813737623762376 0.009900990099009901 0.011757425742574257
0 0.5853960396039604 0.568069306930693 0.017326732673267328 0.01485148514851485
0 0.5503300330033003 0.5281559405940595 0.010726072607260726 0.008663366336633664
0 0.5127887788778878 0.4938118811881188 0.009075907590759076 0.009282178217821782
0 0.37995049504950495 0.3994430693069307 0.017326732673267328 0.011138613861386138
0 0.41996699669966997 0.39882425742574257 0.019801980198019802 0.009282178217821782