0 0.44332298136645965 0.10559006211180125 0.026397515527950312 0.021350931677018632
0 0.41796066252587993 0.15644409937888198 0.029503105590062112 0.016692546583850932
0 0.3812111801242236 0.1015139751552795 0.032091097308488616 0.02251552795031056
0 0.45419254658385094 0.06191770186335404 0.019668737060041408 0.010869565217391304
0 0.527432712215321 0.10209627329192547 0.025362318840579712 0.019409937888198756
0 0.5507246376811594 0.09142080745341614 0.022256728778467908 0.018245341614906832
0 0.3061594202898551 0.42701863354037267 0.031055900621118012 0.021350931677018632
0 0.5942028985507246 0.733501552795031 0.045548654244306416 0.019798136645962732
0 0.3669772256728778 0.7239906832298136 0.05641821946169772 0.04813664596273292
0 0.27665631469979296 0.6743012422360248 0.037267080745341616 0.046583850931677016
0 0.3333333333333333 0.7385481366459627 0.023291925465838508 0.019798136645962732
0 0.22334368530020704 0.501358695652174 0.029503105590062112 0.017857142857142856
0 0.19772256728778467 0.46603260869565216 0.015527950310559006 0.01358695652173913
0 0.23576604554865424 0.4567158385093168 0.032091097308488616 0.02251552795031056
0 0.7443064182194618 0.4734083850931677 0.034161490683229816 0.02562111801242236
0 0.6687370600414079 0.5242624223602484 0.03260869565217391 0.022903726708074536
0 0.6441511387163561 0.7055512422360248 0.025879917184265012 0.02251552795031056
0 0.29865424430641824 0.5027173913043478 0.017598343685300208 0.014751552795031056
0 0.27898550724637683 0.44468167701863354 0.025879917184265012 0.017857142857142856
0 0.24249482401656314 0.5087344720496895 0.021221532091097308 0.018245341614906832
0 0.6868530020703933 0.4815605590062112 0.022256728778467908 0.019409937888198756
0 0.7171325051759835 0.516110248447205 0.025879917184265012 0.02717391304347826
0 0.7468944099378882 0.499805900621118 0.016563146997929608 0.02406832298136646
0 0.6677018633540373 0.6515916149068323 0.018115942028985508 0.01746894409937888