0 0.39855072463768115 0.6504270186335404 0.06159420289855073 0.021350931677018632
0 0.4601449275362319 0.6537267080745341 0.027432712215320912 0.018245341614906832
0 0.5126811594202898 0.6308229813664596 0.030538302277432712 0.027562111801242236
0 0.5201863354037267 0.6055900621118012 0.028467908902691512 0.029114906832298136
0 0.593167701863354 0.5514363354037267 0.028467908902691512 0.021739130434782608
0 0.5817805383022774 0.5176630434782609 0.026915113871635612 0.022127329192546584
0 0.6482919254658385 0.5054347826086957 0.035196687370600416 0.024456521739130436
0 0.6291407867494824 0.3623835403726708 0.028467908902691512 0.021350931677018632
0 0.6084368530020704 0.2597049689440994 0.024844720496894408 0.026009316770186336
0 0.5942028985507246 0.3876164596273292 0.032091097308488616 0.018633540372670808
0 0.531055900621118 0.44118788819875776 0.026397515527950312 0.014751552795031056
0 0.43762939958592134 0.4701086956521739 0.027432712215320912 0.020574534161490684
0 0.4503105590062112 0.4353649068322981 0.027432712215320912 0.020186335403726708
0 0.4971532091097309 0.5133928571428571 0.03778467908902691 0.024456521739130436
0 0.5398550724637681 0.4879658385093168 0.015527950310559006 0.01591614906832298
0 0.5693581780538303 0.45632763975155277 0.04192546583850932 0.030279503105590064
0 0.49145962732919257 0.4644798136645963 0.026397515527950312 0.022127329192546584
0 0.5854037267080745 0.4126552795031056 0.031055900621118012 0.026009316770186336
0 0.5183747412008282 0.4190605590062112 0.03467908902691511 0.024844720496894408
0 0.6488095238095238 0.4074145962732919 0.033126293995859216 0.019798136645962732
0 0.6640786749482401 0.45225155279503104 0.03985507246376811 0.024456521739130436
0 0.6180124223602484 0.44332298136645965 0.05227743271221532 0.027562111801242236
0 0.605072463768116 0.4767080745341615 0.06780538302277432 0.034161490683229816
0 0.5559006211180124 0.577251552795031 0.03467908902691511 0.019021739130434784
0 0.3501552795031056 0.6919642857142857 0.034161490683229816 0.01591614906832298
0 0.4782608695652174 0.6277173913043478 0.030020703933747412 0.017080745341614908
0 0.5512422360248447 0.608501552795031 0.018633540372670808 0.020186335403726708
0 0.651656314699793 0.3802406832298137 0.03778467908902691 0.01436335403726708
0 0.4694616977225673 0.4083850931677019 0.030538302277432712 0.016304347826086956