0 0.5874741200828157 0.12208850931677019 0.035196687370600416 0.023680124223602484
0 0.6413043478260869 0.18672360248447206 0.030538302277432712 0.026009316770186336
0 0.302536231884058 0.30978260869565216 0.026915113871635612 0.020186335403726708
0 0.26992753623188404 0.32162267080745344 0.021739130434782608 0.01048136645962733
0 0.2751035196687371 0.34316770186335405 0.032091097308488616 0.01436335403726708
0 0.5069875776397516 0.4033385093167702 0.03157349896480331 0.021739130434782608
0 0.4772256728778468 0.41634316770186336 0.024327122153209108 0.012422360248447204
0 0.5703933747412008 0.6651785714285714 0.06418219461697723 0.04503105590062112
0 0.5256211180124224 0.6781832298136646 0.04503105590062112 0.026009316770186336
0 0.48524844720496896 0.6750776397515528 0.06159420289855073 0.04309006211180124
0 0.44280538302277433 0.6360636645962733 0.06935817805383022 0.051630434782608696
0 0.37577639751552794 0.5894798136645962 0.030538302277432712 0.016304347826086956
0 0.39337474120082816 0.6286878881987578 0.041407867494824016 0.039596273291925464
0 0.2996894409937888 0.483889751552795 0.045548654244306416 0.024844720496894408
0 0.26992753623188404 0.515333850931677 0.041407867494824016 0.018245341614906832
0 0.4091614906832298 0.5597826086956522 0.029503105590062112 0.021739130434782608
0 0.37370600414078675 0.562888198757764 0.030538302277432712 0.019021739130434784
0 0.4218426501035197 0.5295031055900621 0.040372670807453416 0.026009316770186336
0 0.39026915113871635 0.53222049689441 0.030538302277432712 0.020574534161490684
0 0.3682712215320911 0.484666149068323 0.03674948240165631 0.02562111801242236
0 0.44047619047619047 0.47360248447204967 0.026915113871635612 0.015139751552795032
0 0.32893374741200826 0.40663819875776397 0.023291925465838508 0.02251552795031056
0 0.34937888198757766 0.43497670807453415 0.028985507246376812 0.022127329192546584
0 0.3778467908902691 0.42857142857142855 0.03985507246376811 0.02096273291925466
0 0.411231884057971 0.46001552795031053 0.029503105590062112 0.019021739130434784
0 0.27251552795031053 0.41459627329192544 0.026915113871635612 0.018633540372670808
0 0.28183229813664595 0.45652173913043476 0.05227743271221532 0.024844720496894408
0 0.5533126293995859 0.6960403726708074 0.039337474120082816 0.02562111801242236
0 0.5936853002070394 0.7005046583850931 0.042443064182194616 0.038431677018633544
0 0.2898550724637681 0.27232142857142855 0.03157349896480331 0.024456521739130436