5 0.5153281519861831 0.48575129533678757 0.1303972366148532 0.04598445595854922
0 0.41493955094991364 0.5812823834196891 0.020293609671848015 0.01683937823834197
0 0.4384715025906736 0.5395077720207254 0.01770293609671848 0.011981865284974092
0 0.4579015544041451 0.5327072538860104 0.022884283246977548 0.01910621761658031
0 0.49179620034542315 0.5218588082901554 0.028929188255613126 0.015867875647668395
0 0.3860103626943005 0.520401554404145 0.012089810017271158 0.010362694300518135
0 0.3693868739205527 0.47781735751295334 0.018998272884283247 0.014248704663212436
0 0.40932642487046633 0.509229274611399 0.01683937823834197 0.011658031088082901
0 0.40500863557858374 0.5272020725388601 0.018134715025906734 0.014896373056994818
0 0.4430051813471503 0.5900259067357513 0.018998272884283247 0.013601036269430052
4 0.48208117443868737 0.5514896373056994 0.07210708117443869 0.04242227979274611