0 0.44498910675381265 0.4333639705882353 0.05119825708061002 0.02144607843137255
0 0.5705337690631809 0.5113357843137255 0.07135076252723312 0.02267156862745098
0 0.40522875816993464 0.5756740196078431 0.026143790849673203 0.014705882352941176
0 0.39324618736383443 0.5572916666666666 0.011982570806100218 0.009497549019607842
0 0.6342592592592593 0.5767463235294118 0.06808278867102396 0.026041666666666668
0 0.6723856209150327 0.5330882352941176 0.056100217864923745 0.0196078431372549
0 0.7529956427015251 0.47012867647058826 0.04139433551198257 0.029411764705882353
4 0.6034858387799564 0.43075980392156865 0.21405228758169934 0.07230392156862746
0 0.4795751633986928 0.6029411764705882 0.02178649237472767 0.014705882352941176
0 0.4692265795206972 0.5782781862745098 0.06263616557734204 0.020526960784313725
0 0.434640522875817 0.6165747549019608 0.08823529411764706 0.02389705882352941
0 0.5590958605664488 0.6104473039215687 0.07298474945533769 0.02297794117647059
0 0.5980392156862745 0.5758272058823529 0.05228758169934641 0.026348039215686275
0 0.6043028322440087 0.6246936274509803 0.03649237472766884 0.01715686274509804
0 0.7606209150326797 0.38893995098039214 0.03540305010893246 0.016237745098039217
0 0.8055555555555556 0.39690563725490197 0.030501089324618737 0.015318627450980392
0 0.5089869281045751 0.13204656862745098 0.015250544662309368 0.015318627450980392
0 0.7766884531590414 0.3080575980392157 0.05065359477124183 0.020526960784313725
0 0.553921568627451 0.5629595588235294 0.02559912854030501 0.018688725490196078