12 0.5038461538461538 0.8445817490494296 0.19583333333333333 0.03564638783269962
12 0.6304487179487179 0.5482414448669202 0.06570512820512821 0.0686787072243346
12 0.26458333333333334 0.5197243346007605 0.11442307692307692 0.048241444866920155
12 0.6767628205128206 0.5029705323193916 0.14551282051282052 0.06535171102661597
12 0.35721153846153847 0.49334600760456276 0.0733974358974359 0.01497148288973384
12 0.38493589743589746 0.40399239543726234 0.08974358974358974 0.029467680608365018
12 0.2657051282051282 0.40339828897338403 0.07115384615384615 0.021625475285171104
12 0.3030448717948718 0.6901140684410646 0.04551282051282051 0.06701520912547529
12 0.6916666666666667 0.6876188212927756 0.06570512820512821 0.09862167300380228
0 0.30993589743589745 0.6153754752851711 0.05 0.02923003802281369
0 0.334775641025641 0.5695104562737643 0.03782051282051282 0.016634980988593156
0 0.8044871794871795 0.5803231939163498 0.041346153846153845 0.03065589353612167
0 0.8269230769230769 0.5325570342205324 0.041346153846153845 0.03445817490494297
0 0.7615384615384615 0.5408745247148289 0.027564102564102563 0.03564638783269962
0 0.7073717948717949 0.7997861216730038 0.05 0.03564638783269962
0 0.6126602564102565 0.8176093155893536 0.0532051282051282 0.023051330798479087
12 0.3125 0.7740019011406845 0.04391025641025641 0.07200570342205323