12 0.6371794871794871 0.8475522813688213 0.07275641025641026 0.04538973384030418
12 0.6863782051282051 0.7914686311787072 0.05064102564102564 0.0339828897338403
12 0.5530448717948718 0.910884030418251 0.08397435897435897 0.07010456273764258
12 0.8522435897435897 0.7242157794676806 0.06314102564102564 0.03968631178707224
0 0.5 0.596245247148289 0.052564102564102565 0.02899239543726236
0 0.6051282051282051 0.4464115969581749 0.03141025641025641 0.0185361216730038
0 0.3939102564102564 0.8892585551330798 0.035256410256410256 0.02400190114068441
0 0.4235576923076923 0.8248574144486692 0.03333333333333333 0.02400190114068441
0 0.3456730769230769 0.7696055133079848 0.023076923076923078 0.019724334600760455
0 0.45080128205128206 0.9247861216730038 0.028525641025641025 0.028279467680608364
12 0.8080128205128205 0.5083174904942965 0.1375 0.05750950570342205
12 0.8732371794871795 0.5541825095057035 0.03782051282051282 0.06749049429657794