0 0.6930051813471503 0.033031088082901554 0.031088082901554404 0.022020725388601035
0 0.7614421416234888 0.08711139896373057 0.039723661485319514 0.031088082901554404
0 0.6917098445595855 0.0739961139896373 0.02461139896373057 0.020401554404145077
0 0.6996977547495682 0.11058937823834197 0.02547495682210708 0.018458549222797927
0 0.4075993091537133 0.06088082901554404 0.04620034542314335 0.03400259067357513
0 0.39162348877374786 0.10799870466321243 0.02936096718480138 0.022020725388601035
0 0.26791882556131263 0.09488341968911918 0.02936096718480138 0.019753886010362695
0 0.0986614853195164 0.4988665803108808 0.04231433506044905 0.025582901554404146
0 0.3022452504317789 0.5003238341968912 0.04145077720207254 0.031088082901554404
0 0.29468911917098445 0.5952072538860104 0.026338514680483593 0.021373056994818652
0 0.15781519861830742 0.6151230569948186 0.03195164075993091 0.01716321243523316
0 0.231433506044905 0.6500971502590673 0.026338514680483593 0.020401554404145077
0 0.2772020725388601 0.726360103626943 0.027202072538860103 0.021373056994818652
0 0.7204231433506045 0.6449158031088082 0.034974093264248704 0.029792746113989636
0 0.6882556131260794 0.49174222797927464 0.033246977547495685 0.02849740932642487
0 0.6679620034542314 0.45110103626943004 0.02072538860103627 0.016191709844559584
0 0.7979274611398963 0.5566709844559585 0.033246977547495685 0.020401554404145077
0 0.7789291882556131 0.7373704663212435 0.027202072538860103 0.020401554404145077
0 0.7979274611398963 0.719559585492228 0.034974093264248704 0.02493523316062176
0 0.7407167530224525 0.677461139896373 0.02849740932642487 0.029792746113989636
0 0.5485751295336787 0.9690738341968912 0.03670120898100173 0.023316062176165803
4 0.7176165803108808 0.563309585492228 0.08592400690846287 0.08646373056994819