0 0.546875 0.35968440594059403 0.047526041666666664 0.022277227722772276
0 0.2890625 0.338490099009901 0.030598958333333332 0.009591584158415841
0 0.2757161458333333 0.5287747524752475 0.020833333333333332 0.007425742574257425
0 0.19856770833333334 0.5751856435643564 0.060546875 0.018254950495049504
0 0.783203125 0.5301670792079208 0.026692708333333332 0.017636138613861384
0 0.798828125 0.5857054455445545 0.033854166666666664 0.018564356435643563
0 0.8401692708333334 0.6431002475247525 0.033203125 0.0213490099009901
0 0.7867838541666666 0.6370668316831684 0.025390625 0.014542079207920793
0 0.658203125 0.7196782178217822 0.022786458333333332 0.012376237623762377
0 0.7526041666666666 0.7144183168316832 0.03125 0.012685643564356437
0 0.7666015625 0.5807549504950495 0.026041666666666668 0.012066831683168317
0 0.8684895833333334 0.5655940594059405 0.026041666666666668 0.012685643564356437
0 0.861328125 0.44152227722772275 0.0234375 0.013304455445544554
0 0.87109375 0.46488242574257427 0.027994791666666668 0.013304455445544554
0 0.2509765625 0.6873452970297029 0.044270833333333336 0.026608910891089108
0 0.1923828125 0.6505259900990099 0.03125 0.019801980198019802
0 0.18815104166666666 0.6223700495049505 0.029296875 0.013613861386138614
0 0.23046875 0.6180383663366337 0.020833333333333332 0.017326732673267328
0 0.16471354166666666 0.6058168316831684 0.027994791666666668 0.012685643564356437
0 0.4205729166666667 0.35442450495049505 0.033854166666666664 0.012685643564356437