16 0.511166253101737 0.24879807692307693 0.0794044665012407 0.06490384615384616
16 0.8101736972704715 0.2932692307692308 0.06699751861042183 0.07692307692307693
16 0.6786600496277916 0.03245192307692308 0.06699751861042183 0.05048076923076923
16 0.5409429280397022 0.44350961538461536 0.08436724565756824 0.06009615384615385
1 0.9540942928039702 0.5504807692307693 0.062034739454094295 0.0673076923076923
1 0.5124069478908189 0.6382211538461539 0.07196029776674938 0.055288461538461536
16 0.6625310173697271 0.6850961538461539 0.08933002481389578 0.08173076923076923
16 0.22704714640198512 0.7800480769230769 0.07196029776674938 0.06009615384615385
16 0.08312655086848635 0.9338942307692307 0.052109181141439205 0.05048076923076923
16 0.8895781637717122 0.16466346153846154 0.07196029776674938 0.055288461538461536
16 0.7580645161290323 0.17427884615384615 0.07196029776674938 0.06009615384615385