0 0.5100911458333334 0.6062809405940595 0.06380208333333333 0.023205445544554455
0 0.6569010416666666 0.5852413366336634 0.041015625 0.019801980198019802
0 0.7076822916666666 0.577815594059406 0.056640625 0.026608910891089108
0 0.5325520833333334 0.5498143564356436 0.044921875 0.025371287128712873
0 0.5859375 0.6816212871287128 0.041666666666666664 0.022586633663366336
0 0.4928385416666667 0.6576423267326733 0.068359375 0.038675742574257425
0 0.7054036458333334 0.6181930693069307 0.048828125 0.026918316831683168
1 0.5559895833333334 0.5912747524752475 0.07161458333333333 0.03063118811881188
1 0.6429036458333334 0.541924504950495 0.06640625 0.026608910891089108
0 0.7194010416666666 0.6726485148514851 0.056640625 0.022586633663366336
0 0.6569010416666666 0.6961633663366337 0.026692708333333332 0.012685643564356437
0 0.7770182291666666 0.6084467821782178 0.044921875 0.019801980198019802
0 0.7496744791666666 0.5657487623762376 0.045572916666666664 0.023205445544554455
0 0.7591145833333334 0.47926980198019803 0.034505208333333336 0.017326732673267328
0 0.4977213541666667 0.3895420792079208 0.030598958333333332 0.013613861386138614
0 0.2701822916666667 0.7520111386138614 0.046875 0.01701732673267327
0 0.2633463541666667 0.8049195544554455 0.034505208333333336 0.014232673267326733
0 0.4606119791666667 0.7492264851485149 0.026041666666666668 0.008353960396039604
0 0.5550130208333334 0.7035891089108911 0.033854166666666664 0.01639851485148515