0 0.33762254901960786 0.4221813725490196 0.0457516339869281 0.035845588235294115
0 0.5138888888888888 0.17647058823529413 0.024101307189542485 0.012254901960784314
0 0.5032679738562091 0.20205269607843138 0.03594771241830065 0.018688725490196078
0 0.5661764705882353 0.23253676470588236 0.03145424836601307 0.020526960784313725
0 0.5506535947712419 0.25628063725490197 0.03594771241830065 0.025122549019607844
0 0.5259395424836601 0.3046875 0.026552287581699346 0.01715686274509804
0 0.403390522875817 0.20542279411764705 0.0196078431372549 0.012867647058823529
0 0.45016339869281047 0.18305759803921567 0.01838235294117647 0.013786764705882353
0 0.4820261437908497 0.17356004901960784 0.03104575163398693 0.02267156862745098
4 0.38174019607843135 0.3792892156862745 0.10743464052287582 0.06066176470588235
4 0.28574346405228757 0.3040747549019608 0.03227124183006536 0.035845588235294115
4 0.2986111111111111 0.38587622549019607 0.049019607843137254 0.04381127450980392
0 0.6111111111111112 0.39705882352941174 0.025326797385620915 0.0196078431372549
0 0.46262254901960786 0.5425857843137255 0.02246732026143791 0.013786764705882353
0 0.4099264705882353 0.5211397058823529 0.015931372549019607 0.011029411764705883
0 0.5430964052287581 0.20634191176470587 0.024101307189542485 0.02542892156862745