0 0.6644199346405228 0.10248161764705882 0.08169934640522876 0.04503676470588235
0 0.502859477124183 0.17555147058823528 0.0690359477124183 0.04503676470588235
0 0.494281045751634 0.13005514705882354 0.0428921568627451 0.028799019607843136
0 0.5878267973856209 0.11274509803921569 0.04656862745098039 0.034926470588235295
0 0.5845588235294118 0.07138480392156862 0.032679738562091505 0.020526960784313725
0 0.34129901960784315 0.1168811274509804 0.049836601307189546 0.0196078431372549
0 0.3180147058823529 0.22104779411764705 0.05800653594771242 0.040747549019607844
0 0.758578431372549 0.12974877450980393 0.029411764705882353 0.021139705882352942
0 0.5765931372549019 0.3112745098039216 0.03758169934640523 0.028799019607843136
0 0.5686274509803921 0.17003676470588236 0.030637254901960783 0.030637254901960783
0 0.6609477124183006 0.1956188725490196 0.0363562091503268 0.02542892156862745
0 0.6877042483660131 0.16835171568627452 0.035130718954248366 0.02542892156862745
0 0.3486519607843137 0.7538296568627451 0.035130718954248366 0.0196078431372549
0 0.7908496732026143 0.6934742647058824 0.039624183006535946 0.02971813725490196
0 0.7142565359477124 0.6752450980392157 0.029411764705882353 0.020526960784313725
0 0.43361928104575165 0.6372549019607843 0.03758169934640523 0.034926470588235295
5 0.764297385620915 0.4643075980392157 0.2806372549019608 0.08700980392156862
5 0.32107843137254904 0.48192401960784315 0.252859477124183 0.08057598039215687