0 0.6913807189542484 0.5969669117647058 0.059640522875817 0.04595588235294118
0 0.7671568627450981 0.3869485294117647 0.03227124183006536 0.02849264705882353
0 0.7473447712418301 0.5215992647058824 0.024509803921568627 0.02267156862745098
0 0.7422385620915033 0.5726102941176471 0.03676470588235294 0.02267156862745098
0 0.7058823529411765 0.6341911764705882 0.03227124183006536 0.04105392156862745
0 0.4591503267973856 0.7068014705882353 0.041666666666666664 0.026348039215686275
0 0.28860294117647056 0.7018995098039216 0.027369281045751634 0.026348039215686275
0 0.5772058823529411 0.6752450980392157 0.03022875816993464 0.01991421568627451
0 0.5537173202614379 0.7143075980392157 0.068218954248366 0.01715686274509804
0 0.4180964052287582 0.7394301470588235 0.05759803921568627 0.03462009803921569
0 0.6321486928104575 0.5863970588235294 0.03594771241830065 0.029105392156862746
0 0.5433006535947712 0.6317401960784313 0.041666666666666664 0.023284313725490197
0 0.37173202614379086 0.035845588235294115 0.035130718954248366 0.020526960784313725
0 0.21875 0.11871936274509803 0.042483660130718956 0.027573529411764705
0 0.30514705882352944 0.06556372549019608 0.04738562091503268 0.022058823529411766