0 0.6362336601307189 0.5709252450980392 0.039624183006535946 0.02542892156862745
0 0.5839460784313726 0.6122855392156863 0.042075163398692814 0.02297794117647059
0 0.6766748366013072 0.6833639705882353 0.11723856209150327 0.05575980392156863
0 0.4875408496732026 0.7066482843137255 0.335375816993464 0.19025735294117646
0 0.46405228758169936 0.49050245098039214 0.06331699346405228 0.04442401960784314
0 0.3939950980392157 0.4482230392156863 0.05269607843137255 0.03155637254901961
0 0.7945261437908496 0.0664828431372549 0.04861111111111111 0.03952205882352941
0 0.6296977124183006 0.058363970588235295 0.04125816993464052 0.02665441176470588
0 0.610702614379085 0.44546568627450983 0.06331699346405228 0.035845588235294115
0 0.3368055555555556 0.5366115196078431 0.04861111111111111 0.023590686274509803
0 0.40727124183006536 0.5848651960784313 0.08251633986928104 0.047487745098039214
4 0.5187908496732027 0.39629289215686275 0.10947712418300654 0.11366421568627451