5 0.4267161410018553 0.44453125 0.1602504638218924 0.04461805555555556
0 0.6441326530612245 0.5700520833333333 0.020871985157699443 0.021527777777777778
0 0.6651205936920223 0.5916666666666667 0.020871985157699443 0.035243055555555555
0 0.5759508348794063 0.7162326388888889 0.054962894248608535 0.029513888888888888
0 0.5667903525046383 0.6529513888888889 0.04452690166975881 0.02065972222222222
0 0.5111317254174397 0.6186631944444444 0.030148423005565864 0.022569444444444444
0 0.5012755102040817 0.6612847222222222 0.03409090909090909 0.025520833333333333
0 0.5294526901669759 0.6470486111111111 0.04313543599257885 0.04027777777777778
0 0.47460575139146566 0.6864583333333333 0.030380333951762522 0.022743055555555555
0 0.45512523191094617 0.6395833333333333 0.044990723562152134 0.025520833333333333
0 0.439239332096475 0.7488715277777778 0.03525046382189239 0.025520833333333333
0 0.35957792207792205 0.8081597222222222 0.04383116883116883 0.021875
0 0.33163265306122447 0.8764756944444444 0.026669758812615955 0.014583333333333334
0 0.4654452690166976 0.8245659722222223 0.03409090909090909 0.016319444444444445
0 0.6224489795918368 0.6486979166666667 0.04383116883116883 0.029166666666666667