0 0.4744318181818182 0.6381172839506173 0.038223140495867766 0.022762345679012346
0 0.24431818181818182 0.36323302469135804 0.0371900826446281 0.02970679012345679
5 0.734504132231405 0.3157793209876543 0.2365702479338843 0.06790123456790123
5 0.365702479338843 0.310570987654321 0.18130165289256198 0.06095679012345679
4 0.6443698347107438 0.1415895061728395 0.35588842975206614 0.08333333333333333
4 0.5371900826446281 0.22280092592592593 0.18491735537190082 0.07523148148148148
4 0.3615702479338843 0.13734567901234568 0.19679752066115702 0.0787037037037037
4 0.5503615702479339 0.3933256172839506 0.13946280991735538 0.08333333333333333
4 0.7489669421487604 0.4349922839506173 0.2024793388429752 0.1396604938271605
4 0.3184400826446281 0.44483024691358025 0.22210743801652894 0.11496913580246913
4 0.35666322314049587 0.36728395061728397 0.16735537190082644 0.03742283950617284
4 0.7324380165289256 0.5397376543209876 0.1725206611570248 0.05092592592592592