0 0.8333333333333334 0.5880829015544041 0.05224525043177893 0.03659326424870466
0 0.7154576856649395 0.7665155440414507 0.059153713298791016 0.033031088082901554
0 0.5481433506044905 0.7933937823834197 0.06217616580310881 0.02882124352331606
0 0.26921416234887735 0.5909974093264249 0.03065630397236615 0.023963730569948185
0 0.30440414507772023 0.45968264248704666 0.046632124352331605 0.029792746113989636
0 0.5073402417962003 0.6118847150259067 0.041882556131260795 0.028173575129533678
0 0.5233160621761658 0.7168069948186528 0.06001727115716753 0.03562176165803109
0 0.42055267702936094 0.7448186528497409 0.054404145077720206 0.020401554404145077
0 0.4540155440414508 0.6875 0.02849740932642487 0.028173575129533678
0 0.8277202072538861 0.2699158031088083 0.047495682210708115 0.021373056994818652
0 0.6506908462867013 0.47490284974093266 0.05224525043177893 0.031411917098445596
12 0.5924006908462867 0.7210168393782384 0.07944732297063903 0.06023316062176166