0 0.36707427536231885 0.10020380434782608 0.04800724637681159 0.03328804347826087
0 0.3245018115942029 0.14215353260869565 0.034873188405797104 0.020380434782608696
0 0.48709239130434784 0.15692934782608695 0.03125 0.017663043478260868
0 0.36616847826086957 0.1866508152173913 0.03894927536231884 0.017663043478260868
0 0.25883152173913043 0.17578125 0.03985507246376811 0.024116847826086956
0 0.3378623188405797 0.5264945652173914 0.04619565217391304 0.025475543478260868
0 0.7871376811594203 0.5855978260869565 0.03759057971014493 0.030570652173913044
0 0.6680253623188406 0.5339673913043478 0.03215579710144927 0.020380434782608696
0 0.7198822463768116 0.5193614130434783 0.020833333333333332 0.015625
0 0.8186141304347826 0.7000679347826086 0.042572463768115944 0.028192934782608696
0 0.5554800724637681 0.8787364130434783 0.019021739130434784 0.012907608695652174
4 0.6028079710144928 0.5492527173913043 0.22871376811594202 0.1487771739130435
5 0.5905797101449275 0.4279891304347826 0.254981884057971 0.0625
5 0.1956521739130435 0.47163722826086957 0.09465579710144928 0.043138586956521736
1 0.2758152173913043 0.5594429347826086 0.08695652173913043 0.10427989130434782