0 0.6179108796296297 0.5711805555555556 0.03414351851851852 0.019748263888888888
0 0.5526620370370371 0.5394965277777778 0.030960648148148147 0.020833333333333332
0 0.5936053240740741 0.5461154513888888 0.020833333333333332 0.018880208333333332
0 0.6412037037037037 0.5166015625 0.026331018518518517 0.016493055555555556
0 0.5526620370370371 0.6242404513888888 0.0234375 0.019314236111111112
0 0.3958333333333333 0.4995659722222222 0.020833333333333332 0.019314236111111112
0 0.3823784722222222 0.5151909722222222 0.01765046296296296 0.029730902777777776
0 0.47236689814814814 0.6653645833333334 0.024016203703703703 0.015625
0 0.6283275462962963 0.5985243055555556 0.027199074074074073 0.016059027777777776
0 0.5801504629629629 0.6081814236111112 0.025173611111111112 0.018446180555555556
0 0.5539641203703703 0.5947265625 0.0234375 0.016927083333333332
0 0.2855902777777778 0.5252821180555556 0.01070601851851852 0.013237847222222222
0 0.3259548611111111 0.5215928819444444 0.011863425925925927 0.011284722222222222
0 0.3823784722222222 0.4818793402777778 0.016493055555555556 0.010416666666666666