0 0.4552951388888889 0.4040798611111111 0.11429398148148148 0.10091145833333333
0 0.3454861111111111 0.3797743055555556 0.10677083333333333 0.04296875
0 0.3687789351851852 0.3568793402777778 0.02459490740740741 0.021484375
0 0.5473090277777778 0.4208984375 0.06018518518518518 0.09266493055555555
0 0.5329861111111112 0.6302083333333334 0.042534722222222224 0.027777777777777776
0 0.5530960648148148 0.6598307291666666 0.03935185185185185 0.017361111111111112
0 0.4205729166666667 0.4800347222222222 0.029513888888888888 0.022135416666666668
0 0.2589699074074074 0.4148220486111111 0.06655092592592593 0.04470486111111111
0 0.3459201388888889 0.4276258680555556 0.0703125 0.042317708333333336
0 0.17939814814814814 0.6456163194444444 0.044849537037037035 0.036458333333333336
0 0.23350694444444445 0.68359375 0.037037037037037035 0.026692708333333332
0 0.6021412037037037 0.6824001736111112 0.03877314814814815 0.037109375
4 0.2640335648148148 0.6329210069444444 0.05873842592592592 0.04275173611111111