0 0.7902369281045751 0.4609375 0.029411764705882353 0.013480392156862746
0 0.6525735294117647 0.6913296568627451 0.05106209150326797 0.03216911764705882
4 0.5453431372549019 0.5955882352941176 0.14501633986928106 0.1488970588235294
0 0.5089869281045751 0.8838848039215687 0.04084967320261438 0.0196078431372549
0 0.6468545751633987 0.8520220588235294 0.039624183006535946 0.028799019607843136
0 0.3758169934640523 0.5654105392156863 0.04656862745098039 0.04411764705882353
0 0.3729575163398693 0.42003676470588236 0.04779411764705882 0.037377450980392156
0 0.31699346405228757 0.4408700980392157 0.02165032679738562 0.017769607843137254
0 0.5743464052287581 0.6977634803921569 0.028186274509803922 0.0196078431372549
0 0.6627859477124183 0.9209558823529411 0.035130718954248366 0.028799019607843136
0 0.40522875816993464 0.6580882352941176 0.039624183006535946 0.028799019607843136