4 0.38836050724637683 0.5314198369565217 0.07835144927536232 0.06589673913043478
4 0.6385869565217391 0.5283627717391305 0.09284420289855072 0.06453804347826086
1 0.5165307971014492 0.5159646739130435 0.051630434782608696 0.04857336956521739
1 0.5197010869565217 0.6903872282608695 0.08786231884057971 0.050611413043478264
0 0.4592391304347826 0.32472826086956524 0.021739130434782608 0.014605978260869566
0 0.4796195652173913 0.2639266304347826 0.021286231884057972 0.008491847826086956
0 0.6225090579710145 0.6591372282608695 0.020833333333333332 0.014605978260869566
0 0.6317934782608695 0.6924252717391305 0.028079710144927536 0.02377717391304348
0 0.3759057971014493 0.6676290760869565 0.020833333333333332 0.014266304347826086
0 0.34646739130434784 0.5835597826086957 0.024909420289855072 0.014605978260869566
0 0.646286231884058 0.2781929347826087 0.021739130434782608 0.014266304347826086