0 0.38301282051282054 0.5734375 0.026282051282051282 0.02860576923076923
0 0.3419871794871795 0.6138221153846154 0.03333333333333333 0.02451923076923077
0 0.5665064102564102 0.6390625 0.03333333333333333 0.02283653846153846
0 0.5753205128205128 0.7496394230769231 0.02980769230769231 0.018509615384615385
0 0.6100961538461539 0.7257211538461539 0.01987179487179487 0.01658653846153846
0 0.6100961538461539 0.8150240384615385 0.028205128205128206 0.025
0 0.6030448717948718 0.7974759615384616 0.01987179487179487 0.011057692307692308
0 0.6490384615384616 0.7703125 0.021153846153846155 0.01658653846153846
0 0.5009615384615385 0.7700721153846154 0.02564102564102564 0.015865384615384615
0 0.6044871794871794 0.5832932692307692 0.02564102564102564 0.017548076923076923
0 0.5342948717948718 0.6076923076923076 0.01826923076923077 0.015384615384615385
0 0.6612179487179487 0.6813701923076924 0.02980769230769231 0.023317307692307693