0 0.5246794871794872 0.5581730769230769 0.03173076923076923 0.01826923076923077
0 0.48990384615384613 0.5524038461538462 0.030448717948717948 0.019951923076923075
0 0.37900641025641024 0.5473557692307692 0.03173076923076923 0.027644230769230768
0 0.4905448717948718 0.5991586538461539 0.030448717948717948 0.02716346153846154
0 0.44294871794871793 0.6116586538461538 0.028205128205128206 0.022115384615384617
0 0.45 0.5789663461538461 0.030448717948717948 0.023317307692307693
0 0.43669871794871795 0.7456730769230769 0.028846153846153848 0.013942307692307693
0 0.6126602564102565 0.7092548076923076 0.027243589743589744 0.022115384615384617
0 0.6532051282051282 0.6763221153846154 0.023076923076923078 0.019471153846153846
0 0.7168269230769231 0.5709134615384616 0.028846153846153848 0.021634615384615384
0 0.5541666666666667 0.7927884615384615 0.028846153846153848 0.01826923076923077
0 0.5948717948717949 0.815264423076923 0.03333333333333333 0.02548076923076923
0 0.6200320512820513 0.8770432692307693 0.025961538461538463 0.013942307692307693
0 0.6395833333333333 0.8155048076923077 0.022115384615384617 0.02716346153846154