0 0.36599794238683125 0.5372942386831275 0.04989711934156379 0.046296296296296294
0 0.5074588477366255 0.474022633744856 0.026748971193415638 0.0360082304526749
0 0.4480452674897119 0.4845679012345679 0.027777777777777776 0.026748971193415638
0 0.33204732510288065 0.38271604938271603 0.01954732510288066 0.01903292181069959
0 0.23019547325102882 0.43775720164609055 0.03497942386831276 0.029320987654320986
0 0.24279835390946503 0.47685185185185186 0.035493827160493825 0.027777777777777776
0 0.2705761316872428 0.5043724279835391 0.030864197530864196 0.047839506172839504
0 0.2101337448559671 0.3950617283950617 0.02417695473251029 0.030349794238683128
0 0.2286522633744856 0.6748971193415638 0.02880658436213992 0.01954732510288066
0 0.2770061728395062 0.7127057613168725 0.030349794238683128 0.023662551440329218
0 0.5421810699588477 0.09284979423868313 0.035493827160493825 0.026234567901234566
0 0.7170781893004116 0.04063786008230453 0.029320987654320986 0.03960905349794239
0 0.8387345679012346 0.1404320987654321 0.01954732510288066 0.030864197530864196
0 0.7276234567901234 0.09439300411522633 0.030864197530864196 0.04218106995884774
0 0.5910493827160493 0.08384773662551441 0.03292181069958848 0.032407407407407406
12 0.49974279835390945 0.5604423868312757 0.05452674897119342 0.06327160493827161
5 0.49099794238683125 0.3647119341563786 0.19393004115226337 0.043209876543209874
5 0.7564300411522634 0.45036008230452673 0.06893004115226338 0.030864197530864196