0 0.34079218106995884 0.513695987654321 0.030864197530864196 0.019675925925925927
0 0.3227880658436214 0.43113425925925924 0.02726337448559671 0.019290123456790122
0 0.34747942386831276 0.4496527777777778 0.02263374485596708 0.022762345679012346
0 0.3775720164609053 0.3910108024691358 0.030349794238683128 0.021604938271604937
0 0.48225308641975306 0.4930555555555556 0.024691358024691357 0.016975308641975308
0 0.42412551440329216 0.5011574074074074 0.03806584362139918 0.027391975308641976
0 0.46733539094650206 0.5765817901234568 0.10133744855967078 0.06674382716049383
0 0.4845679012345679 0.5256558641975309 0.13580246913580246 0.033179012345679014
0 0.3168724279835391 0.5378086419753086 0.033950617283950615 0.016975308641975308
0 0.35108024691358025 0.5725308641975309 0.032407407407407406 0.02507716049382716
0 0.4174382716049383 0.6682098765432098 0.027777777777777776 0.02507716049382716
0 0.6293724279835391 0.14351851851851852 0.027777777777777776 0.015817901234567902
0 0.5835905349794238 0.14660493827160495 0.023148148148148147 0.015046296296296295
0 0.7379115226337448 0.19193672839506173 0.014917695473251029 0.009259259259259259
0 0.808641975308642 0.20968364197530864 0.024691358024691357 0.018132716049382717
0 0.7435699588477366 0.23109567901234568 0.032407407407407406 0.019290123456790122
0 0.422582304526749 0.3551311728395062 0.045781893004115226 0.02970679012345679
0 0.647119341563786 0.7482638888888888 0.030864197530864196 0.02044753086419753
0 0.6725823045267489 0.7708333333333334 0.027777777777777776 0.022762345679012346
0 0.5727880658436214 0.7436342592592593 0.038580246913580245 0.027391975308641976