0 0.43480138169257343 0.23267487046632124 0.027633851468048358 0.023316062176165803
1 0.46049222797927464 0.27380181347150256 0.25777202072538863 0.055375647668393785
1 0.49870466321243523 0.3173575129533679 0.09153713298791019 0.017487046632124352
0 0.29533678756476683 0.5646049222797928 0.06822107081174439 0.059909326424870464
0 0.2715889464594128 0.4736075129533679 0.023316062176165803 0.018458549222797927
0 0.30915371329879104 0.5011334196891192 0.017271157167530225 0.01683937823834197
0 0.6388169257340242 0.4731217616580311 0.028929188255613126 0.016191709844559584
0 0.7027202072538861 0.5095531088082902 0.03626943005181347 0.026230569948186528
0 0.7348877374784111 0.5762629533678757 0.05008635578583765 0.03659326424870466
0 0.4784110535405872 0.5495466321243523 0.023316062176165803 0.015867875647668395
0 0.5589378238341969 0.46551165803108807 0.01468048359240069 0.018458549222797927
0 0.3797495682210708 0.5150582901554405 0.02461139896373057 0.017487046632124352
0 0.4786269430051813 0.7088730569948186 0.06174438687392055 0.044689119170984455
0 0.6869602763385146 0.635038860103627 0.01683937823834197 0.015867875647668395
0 0.6914939550949913 0.5571567357512953 0.018134715025906734 0.013601036269430052
0 0.6750863557858376 0.5343264248704663 0.017271157167530225 0.015867875647668395
0 0.5174870466321243 0.5046955958549223 0.02461139896373057 0.02072538860103627