0 0.2890625 0.649609375 0.030729166666666665 0.01640625
0 0.3151041666666667 0.6814453125 0.03229166666666667 0.01953125
0 0.36692708333333335 0.6912109375 0.027604166666666666 0.021875
0 0.3190104166666667 0.71953125 0.030729166666666665 0.019921875
0 0.29791666666666666 0.7404296875 0.033854166666666664 0.02421875
0 0.28098958333333335 0.6923828125 0.0375 0.0265625
0 0.49192708333333335 0.70703125 0.030208333333333334 0.025390625
0 0.5171875 0.7734375 0.025 0.02109375
0 0.50078125 0.8078125 0.021875 0.01328125
0 0.5109375 0.8791015625 0.027604166666666666 0.017578125
0 0.4591145833333333 0.8927734375 0.024479166666666666 0.021875
0 0.41953125 0.8845703125 0.027604166666666666 0.02109375
0 0.3684895833333333 0.91328125 0.046875 0.023828125
0 0.3151041666666667 0.90234375 0.029166666666666667 0.02265625
0 0.31953125 0.8779296875 0.04479166666666667 0.026171875
0 0.265625 0.883203125 0.03229166666666667 0.020703125
0 0.25703125 0.8591796875 0.025 0.015234375
0 0.41067708333333336 0.78203125 0.03229166666666667 0.023828125
0 0.37864583333333335 0.7947265625 0.03177083333333333 0.019921875
0 0.3807291666666667 0.824609375 0.03229166666666667 0.019921875
0 0.42109375 0.8083984375 0.026041666666666668 0.015625
0 0.4588541666666667 0.80078125 0.0234375 0.025
0 0.39348958333333334 0.711328125 0.029166666666666667 0.021875
0 0.20703125 0.92265625 0.03177083333333333 0.018359375
5 0.1875 0.6501953125 0.0625 0.030859375