0 0.5863715277777778 0.48046875 0.024016203703703703 0.018880208333333332
0 0.5331307870370371 0.4853515625 0.019386574074074073 0.014539930555555556
0 0.34953703703703703 0.5037977430555556 0.02141203703703704 0.010850694444444444
0 0.32060185185185186 0.4905598958333333 0.01765046296296296 0.010850694444444444
0 0.5590277777777778 0.6930338541666666 0.0234375 0.018880208333333332
0 0.5114293981481481 0.6952039930555556 0.022569444444444444 0.017578125
0 0.53515625 0.6743706597222222 0.015625 0.012803819444444444
0 0.48683449074074076 0.6691623263888888 0.016493055555555556 0.009982638888888888
0 0.47337962962962965 0.6866319444444444 0.020833333333333332 0.013671875
0 0.4613715277777778 0.6545138888888888 0.014467592592592593 0.009982638888888888
0 0.3609664351851852 0.6162109375 0.01880787037037037 0.020399305555555556
0 0.6331018518518519 0.5288628472222222 0.022569444444444444 0.009982638888888888
0 0.5791377314814815 0.4050564236111111 0.021701388888888888 0.028428819444444444
0 0.5073784722222222 0.3956163194444444 0.019675925925925927 0.012152777777777778
0 0.4583333333333333 0.4021267361111111 0.019965277777777776 0.017361111111111112
0 0.49623842592592593 0.4185112847222222 0.015625 0.008897569444444444
0 0.5363136574074074 0.3873697916666667 0.011284722222222222 0.009548611111111112
0 0.5490451388888888 0.4037543402777778 0.013020833333333334 0.012152777777777778
4 0.3744212962962963 0.5405815972222222 0.11024305555555555 0.05099826388888889