12 0.5102880658436214 0.5760030864197531 0.07150205761316872 0.04436728395061729
12 0.49459876543209874 0.6319444444444444 0.05092592592592592 0.027777777777777776
12 0.5254629629629629 0.6550925925925926 0.023148148148148147 0.024691358024691357
12 0.44650205761316875 0.7092978395061729 0.04989711934156379 0.022762345679012346
12 0.44161522633744854 0.40065586419753085 0.11934156378600823 0.015817901234567902
12 0.4107510288065844 0.47685185185185186 0.05864197530864197 0.05285493827160494
12 0.5722736625514403 0.5416666666666666 0.04063786008230453 0.04128086419753087
12 0.4020061728395062 0.6527777777777778 0.02109053497942387 0.011574074074074073
0 0.5012860082304527 0.6612654320987654 0.01594650205761317 0.015432098765432098
0 0.5745884773662552 0.6624228395061729 0.0102880658436214 0.015432098765432098
0 0.5321502057613169 0.705054012345679 0.02109053497942387 0.028935185185185185
0 0.533179012345679 0.7399691358024691 0.00411522633744856 0.007716049382716049
0 0.3464506172839506 0.7704475308641975 0.01646090534979424 0.008487654320987654
0 0.29140946502057613 0.7332175925925926 0.015432098765432098 0.013117283950617283
4 0.5599279835390947 0.6242283950617284 0.050411522633744855 0.04513888888888889