12 0.5169753086419753 0.5208333333333334 0.0720164609053498 0.030478395061728395
12 0.5861625514403292 0.47723765432098764 0.045781893004115226 0.02970679012345679
12 0.37962962962962965 0.4400077160493827 0.0787037037037037 0.058256172839506175
12 0.5236625514403292 0.5773533950617284 0.0720164609053498 0.030478395061728395
12 0.5810185185185185 0.6064814814814815 0.048868312757201646 0.05324074074074074
12 0.4691358024691358 0.6591435185185185 0.06430041152263374 0.025848765432098766
12 0.4655349794238683 0.4245756172839506 0.035493827160493825 0.025848765432098766
4 0.5648148148148148 0.5437885802469136 0.05452674897119342 0.05324074074074074
0 0.5154320987654321 0.6057098765432098 0.021604938271604937 0.01427469135802469
0 0.6208847736625515 0.5891203703703703 0.018518518518518517 0.017746913580246913
0 0.6514917695473251 0.5268132716049383 0.01131687242798354 0.01273148148148148
0 0.6069958847736625 0.5690586419753086 0.02109053497942387 0.010416666666666666
0 0.5534979423868313 0.6323302469135802 0.0102880658436214 0.011959876543209876
0 0.573045267489712 0.6435185185185185 0.027777777777777776 0.025848765432098766
0 0.6000514403292181 0.6751543209876543 0.01748971193415638 0.016203703703703703
0 0.6157407407407407 0.6682098765432098 0.01594650205761317 0.01427469135802469
0 0.6332304526748971 0.6514274691358025 0.01286008230452675 0.018132716049382717
0 0.6003086419753086 0.5123456790123457 0.010802469135802469 0.008873456790123456