0 0.5974264705882353 0.6675857843137255 0.025326797385620915 0.015012254901960785
0 0.6296977124183006 0.6962316176470589 0.023284313725490197 0.01715686274509804
0 0.6211192810457516 0.7172181372549019 0.022058823529411766 0.012254901960784314
0 0.6650326797385621 0.6593137254901961 0.022058823529411766 0.017463235294117647
0 0.6625816993464052 0.6325061274509803 0.0298202614379085 0.018995098039215685
0 0.6564542483660131 0.6122855392156863 0.031862745098039214 0.018995098039215685
0 0.6384803921568627 0.5674019607843137 0.03104575163398693 0.018688725490196078
0 0.7079248366013072 0.5733762254901961 0.02696078431372549 0.01715686274509804
0 0.630718954248366 0.7873774509803921 0.02696078431372549 0.017463235294117647
0 0.6086601307189542 0.7982536764705882 0.02696078431372549 0.012867647058823529
0 0.5814950980392157 0.8131127450980392 0.02900326797385621 0.01715686274509804
0 0.37479575163398693 0.44745710784313725 0.05800653594771242 0.02542892156862745
0 0.772671568627451 0.48973651960784315 0.03758169934640523 0.03676470588235294
0 0.6350081699346405 0.46292892156862747 0.04534313725490196 0.023284313725490197
0 0.4789624183006536 0.42034313725490197 0.032679738562091505 0.018075980392156864
0 0.3602941176470588 0.4915747549019608 0.030637254901960783 0.013786764705882353
0 0.39828431372549017 0.4892769607843137 0.024101307189542485 0.013174019607843137
0 0.4238153594771242 0.4322916666666667 0.024101307189542485 0.015318627450980392
4 0.548202614379085 0.6167279411764706 0.0857843137254902 0.07077205882352941
0 0.6178513071895425 0.6268382352941176 0.03390522875816993 0.05269607843137255
0 0.40645424836601307 0.6876531862745098 0.01184640522875817 0.006433823529411764