0 0.4728349673202614 0.5669424019607843 0.0363562091503268 0.03278186274509804
0 0.5012254901960784 0.6026348039215687 0.0363562091503268 0.023284313725490197
0 0.5445261437908496 0.6233149509803921 0.03227124183006536 0.024509803921568627
0 0.5453431372549019 0.39047181372549017 0.02287581699346405 0.016544117647058824
0 0.8075980392156863 0.38357843137254904 0.02900326797385621 0.022058823529411766
0 0.7691993464052288 0.6292892156862745 0.015931372549019607 0.011029411764705883
0 0.8247549019607843 0.4404105392156863 0.014705882352941176 0.012867647058823529
0 0.7867647058823529 0.4557291666666667 0.028186274509803922 0.012867647058823529
0 0.7593954248366013 0.4543504901960784 0.017565359477124183 0.014093137254901961
0 0.7904411764705882 0.4264705882352941 0.017565359477124183 0.01715686274509804
0 0.840890522875817 0.39767156862745096 0.017565359477124183 0.013174019607843137
0 0.6149918300653595 0.3743872549019608 0.01919934640522876 0.010723039215686275
0 0.40645424836601307 0.5047487745098039 0.013480392156862746 0.011029411764705883
0 0.6123366013071896 0.7526041666666666 0.02165032679738562 0.018688725490196078
0 0.6488970588235294 0.7501531862745098 0.0494281045751634 0.02420343137254902
4 0.5890522875816994 0.5765931372549019 0.14624183006535948 0.09191176470588236
4 0.46119281045751637 0.41222426470588236 0.06045751633986928 0.027573529411764705
4 0.5118464052287581 0.3939950980392157 0.03839869281045752 0.023284313725490197
4 0.43566176470588236 0.5113357843137255 0.034722222222222224 0.01838235294117647
0 0.5876225490196079 0.7450980392156863 0.020833333333333332 0.02267156862745098