0 0.321875 0.669140625 0.0234375 0.022265625
0 0.3385416666666667 0.7265625 0.027604166666666666 0.01328125
0 0.3145833333333333 0.708984375 0.019270833333333334 0.016015625
0 0.4078125 0.6578125 0.0203125 0.014453125
0 0.64921875 0.8267578125 0.017708333333333333 0.009375
0 0.6447916666666667 0.855859375 0.022916666666666665 0.02890625
0 0.46458333333333335 0.855859375 0.021354166666666667 0.010546875
0 0.4635416666666667 0.8765625 0.0265625 0.01484375
0 0.6776041666666667 0.3333984375 0.008854166666666666 0.01484375
0 0.6966145833333334 0.36015625 0.01875 0.010546875
0 0.4359375 0.394140625 0.013541666666666667 0.009765625
0 0.45546875 0.36484375 0.03333333333333333 0.01015625
0 0.4393229166666667 0.3470703125 0.017708333333333333 0.011328125
4 0.7122395833333334 0.6400390625 0.11458333333333333 0.094921875
4 0.3807291666666667 0.6349609375 0.1125 0.071875
0 0.58203125 0.40546875 0.028645833333333332 0.016796875
0 0.6817708333333333 0.3818359375 0.019270833333333334 0.0125
0 0.7078125 0.408203125 0.0140625 0.008984375
0 0.4859375 0.3982421875 0.0171875 0.012890625
0 0.4875 0.350390625 0.015625 0.0109375
0 0.61015625 0.326953125 0.0171875 0.0171875
0 0.5421875 0.3318359375 0.041666666666666664 0.01875
0 0.5518229166666667 0.3583984375 0.03854166666666667 0.01953125
5 0.7080729166666667 0.5619140625 0.171875 0.03671875
5 0.39739583333333334 0.5607421875 0.15885416666666666 0.037109375