0 0.6341145833333334 0.64140625 0.027083333333333334 0.01953125
0 0.61796875 0.67578125 0.03177083333333333 0.01796875
0 0.5833333333333334 0.694140625 0.042708333333333334 0.03515625
0 0.37916666666666665 0.5361328125 0.019791666666666666 0.014453125
0 0.41432291666666665 0.7359375 0.028645833333333332 0.015625
0 0.6231770833333333 0.8326171875 0.0203125 0.01015625
0 0.52890625 0.866015625 0.022395833333333334 0.013671875
0 0.49921875 0.84765625 0.024479166666666666 0.012890625
0 0.3380208333333333 0.7283203125 0.019270833333333334 0.012890625
0 0.31328125 0.669921875 0.022395833333333334 0.022265625
0 0.4158854166666667 0.4427734375 0.023958333333333335 0.01640625
0 0.49557291666666664 0.37265625 0.0265625 0.023828125
0 0.7041666666666667 0.352734375 0.015104166666666667 0.013671875
0 0.6799479166666667 0.3361328125 0.025 0.01640625
0 0.63671875 0.3119140625 0.021875 0.015625
0 0.65234375 0.3408203125 0.0203125 0.015234375
0 0.6552083333333333 0.695703125 0.0203125 0.01796875
0 0.5666666666666667 0.5134765625 0.07083333333333333 0.042578125
5 0.6557291666666667 0.530078125 0.07916666666666666 0.021875
4 0.5505208333333333 0.5896484375 0.11979166666666667 0.09765625