0 0.3846354166666667 0.866796875 0.03854166666666667 0.0296875
0 0.32135416666666666 0.85859375 0.025 0.0203125
0 0.35260416666666666 0.8328125 0.025 0.025
0 0.4856770833333333 0.7849609375 0.024479166666666666 0.021875
0 0.5125 0.77421875 0.023958333333333335 0.023828125
0 0.47109375 0.734375 0.0265625 0.015625
0 0.4635416666666667 0.62421875 0.029166666666666667 0.025
0 0.42890625 0.6697265625 0.0375 0.021875
0 0.3932291666666667 0.6533203125 0.022916666666666665 0.016796875
0 0.49453125 0.5814453125 0.021875 0.01484375
0 0.49244791666666665 0.4658203125 0.017708333333333333 0.01328125
0 0.40182291666666664 0.604296875 0.030729166666666665 0.030078125
0 0.40260416666666665 0.6341796875 0.03802083333333333 0.015234375
0 0.28151041666666665 0.3208984375 0.04375 0.015234375
0 0.3802083333333333 0.3666015625 0.03125 0.039453125
0 0.4080729166666667 0.332421875 0.027083333333333334 0.01484375
0 0.2953125 0.3953125 0.03958333333333333 0.0203125
0 0.25546875 0.4388671875 0.022395833333333334 0.0171875
0 0.25807291666666665 0.377734375 0.020833333333333332 0.009765625
0 0.23854166666666668 0.3994140625 0.03333333333333333 0.012109375
0 0.2721354166666667 0.353515625 0.028645833333333332 0.015234375
0 0.23463541666666668 0.351953125 0.021875 0.01953125
0 0.22890625 0.383203125 0.028125 0.0171875
0 0.33255208333333336 0.3623046875 0.035416666666666666 0.0328125
0 0.41901041666666666 0.81328125 0.021875 0.012109375
0 0.634375 0.5986328125 0.0265625 0.016796875
0 0.5236979166666667 0.5611328125 0.021875 0.015234375
0 0.4140625 0.5767578125 0.020833333333333332 0.013671875
0 0.44427083333333334 0.5736328125 0.022916666666666665 0.015625
0 0.5625 0.70390625 0.03125 0.01875