0 0.7829741379310344 0.6476683937823834 0.07844827586206897 0.0977979274611399
0 0.2334051724137931 0.5699481865284974 0.1728448275862069 0.0897020725388601
0 0.23771551724137932 0.6523639896373057 0.10732758620689656 0.03011658031088083
0 0.24224137931034484 0.7093588082901554 0.059482758620689656 0.036917098445595854
0 0.3422413793103448 0.6853950777202072 0.026724137931034484 0.031411917098445596
0 0.8497844827586207 0.573348445595855 0.03706896551724138 0.03821243523316062
0 0.6558189655172414 0.554889896373057 0.0728448275862069 0.050518134715025906
0 0.2631465517241379 0.7512953367875648 0.052586206896551725 0.025259067357512953
4 0.36961206896551724 0.6099417098445595 0.05818965517241379 0.09132124352331607
4 0.7101293103448276 0.6271049222797928 0.045689655172413794 0.07091968911917099
0 0.5859913793103448 0.25890544041450775 0.01853448275862069 0.03270725388601036
4 0.4987068965517241 0.6160945595854922 0.07241379310344828 0.06444300518134716
4 0.49116379310344827 0.552461139896373 0.06293103448275862 0.04792746113989637
0 0.41336206896551725 0.8594559585492227 0.03793103448275862 0.017810880829015545
0 0.4075431034482759 0.8270725388601037 0.03362068965517241 0.021373056994818652
0 0.5872844827586207 0.8623704663212435 0.03362068965517241 0.01716321243523316
0 0.6107758620689655 0.6293717616580311 0.02586206896551724 0.02849740932642487
4 0.5668103448275862 0.5943976683937824 0.05129310344827586 0.11981865284974093
0 0.815948275862069 0.5684909326424871 0.021982758620689654 0.06379533678756477
0 0.7709051724137931 0.5751295336787565 0.043534482758620686 0.03594559585492228
0 0.6519396551724138 0.8065090673575129 0.021120689655172414 0.01327720207253886
0 0.6536637931034482 0.8191386010362695 0.03706896551724138 0.01327720207253886
5 0.7073275862068965 0.49740932642487046 0.22112068965517243 0.05667098445595855
5 0.3170258620689655 0.5071243523316062 0.24698275862068966 0.06573834196891191