0 0.4668103448275862 0.5817681347150259 0.14913793103448275 0.11107512953367876
0 0.6058189655172413 0.4167746113989637 0.05387931034482758 0.007772020725388601
0 0.6025862068965517 0.45450129533678757 0.029741379310344828 0.017487046632124352
0 0.5954741379310344 0.5425841968911918 0.04655172413793104 0.023316062176165803
0 0.5588362068965518 0.602979274611399 0.052586206896551725 0.028173575129533678
0 0.538146551724138 0.653821243523316 0.04008620689655172 0.023316062176165803
0 0.5967672413793104 0.6397344559585493 0.020689655172413793 0.024287564766839378
0 0.5530172413793103 0.47490284974093266 0.02586206896551724 0.027202072538860103
0 0.740301724137931 0.5425841968911918 0.01939655172413793 0.015544041450777202
0 0.07543103448275862 0.3554080310880829 0.020689655172413793 0.028173575129533678
0 0.3431034482758621 0.5871113989637305 0.10560344827586207 0.08322538860103627
0 0.2349137931034483 0.6305051813471503 0.06163793103448276 0.11204663212435233
0 0.1892241379310345 0.6769753886010362 0.06293103448275862 0.033031088082901554