12 0.48352099460473846 0.15086206896551724 0.4905582922824302 0.15218156228008445 0.49876847290640397 0.1517417311752287 0.5087379779498007 0.14646375791695987 0.5160684963640628 0.1469035890218156 0.5277973258268825 0.1451442646023927 0.5421651419188365 0.1451442646023927 0.5518414262256627 0.14646375791695987 0.5609312690593479 0.14602392681210416 0.5667956837907577 0.14602392681210416 0.558585503166784 0.14822308233638284 0.5480295566502463 0.14558409570724842 0.5409922589725545 0.1442646023926812 0.5336617405582923 0.1442646023926812 0.525744780670889 0.1451442646023927 0.5148956134177809 0.1469035890218156 0.5078583157400891 0.1477832512315271 0.4967159277504105 0.15350105559465166 0.48909218859957776 0.15086206896551724
12 0.5043396669012432 0.18077058409570726 0.5160684963640628 0.17813159746657284 0.5292634295097349 0.17725193525686136 0.5360075064508562 0.17593244194229415 0.5292634295097349 0.17725193525686136 0.5236922355148956 0.1776917663617171 0.5148956134177809 0.17989092188599579
12 0.4882125263898663 0.2300316678395496 0.49378372038470564 0.22695285010555946 0.5019939010086794 0.22167487684729067 0.5107905231057941 0.21815622800844478 0.5169481585737743 0.2137579169598874 0.5254515599343186 0.21199859254046446 0.5345414027680038 0.21067909922589725 0.5445109078114004 0.20935960591133004 0.5530143091719447 0.2089197748064743 0.5594651653764954 0.21023926812104152 0.5691414496833216 0.2089197748064743 0.5791109547267183 0.2084799437016186 0.58614825240441 0.20672061928219565 0.5943584330283838 0.20452146375791697 0.602275392915787 0.20408163265306123 0.6081398076471968 0.2036418015482055 0.5993431855500821 0.2036418015482055 0.5908397841895379 0.20672061928219565 0.5814567206192822 0.20804011259676286 0.5688482289467511 0.2089197748064743 0.5571193994839315 0.21067909922589725 0.5459770114942529 0.20979943701618578 0.5392329345531316 0.20979943701618578 0.5277973258268825 0.21067909922589725 0.5195871452029087 0.2124384236453202 0.5078583157400891 0.21727656579873328 0.49730236922355153 0.22387403237156933
12 0.5195871452029087 0.23486980999296272 0.5286769880365939 0.23486980999296272 0.5365939479239972 0.23355031667839551 0.5468566737039643 0.23311048557353978 0.5550668543279381 0.23355031667839551 0.5626905934787708 0.23355031667839551 0.5524278676988037 0.234429978888107 0.5406990382359841 0.23486980999296272 0.5286769880365939 0.23486980999296272
12 0.5838024865118462 0.23530964109781843 0.5925991086089608 0.23486980999296272 0.6043279380717805 0.23267065446868404 0.6119516772226132 0.23091133004926112 0.6216279615294394 0.22563335679099225 0.6087262491203378 0.2300316678395496 0.5969974196575182 0.23399014778325125 0.5893736805066855 0.23399014778325125
12 0.5849753694581281 0.2401477832512315 0.5843889279849871 0.2511435608726249 0.5843889279849871 0.26169950738916253 0.585561810931269 0.26917663617171006 0.5876143560872625 0.28149190710767064 0.5902533427163968 0.2938071780436312 0.5911330049261084 0.30260380014074595 0.5890804597701149 0.2951266713581984 0.587321135350692 0.279292751583392 0.5840957072484166 0.26609781843771996 0.5840957072484166 0.25246305418719217
12 0.5682617874736101 0.25070372976776917 0.5688482289467511 0.26653764954257564 0.5682617874736101 0.27401477832512317 0.5667956837907577 0.28984869809992964 0.5659160215810463 0.2968859957776214 0.5656228008444758 0.3030436312456017 0.5644499178981938 0.2938071780436312 0.5659160215810463 0.2850105559465166
12 0.5477363359136758 0.25246305418719217 0.5371803893971382 0.2520232230823364 0.5277973258268825 0.25158339197748064 0.5187074829931972 0.25158339197748064 0.5096176401595122 0.25246305418719217 0.49847525216983346 0.25510204081632654 0.48997185080928923 0.25862068965517243 0.5066854327938072 0.2546622097114708 0.5181210415200563 0.25246305418719217 0.5277973258268825 0.2511435608726249 0.5377668308702792 0.2511435608726249
12 0.5069786535303776 0.24674524982406756 0.4946633825944171 0.24894440534834622 0.4805887872390336 0.255981703026038 0.47384471029791225 0.26081984517945106 0.4852803190241614 0.2568613652357495 0.4955430448041286 0.25070372976776917
12 0.43778907359069463 0.5151806566836103 0.4341255666987223 0.5357878829509547 0.436415258506205 0.5584558318450337 0.4382470119521912 0.579063058112378 0.44236845720566004 0.5982964692952328 0.4496954709896047 0.6127215276823739 0.45839629985803904 0.6257727709850254 0.4616018683885149 0.6429454595411457 0.4547327929660667 0.6257727709850254 0.4451160873746393 0.6079131748866603 0.4387049503136878 0.5886797637038055 0.4336676283372258 0.5584558318450337 0.4336676283372258 0.5302926226129963
12 0.43778907359069463 0.4890781700783074 0.4281723679992672 0.5055639510921829 0.4231350460228053 0.5172413793103449 0.4281723679992672 0.49800796812749004
12 0.4286303063607638 0.48289600219810414 0.4240509227457984 0.502129413380959 0.4216266031794793 0.5126334382919898 0.42060261628651147 0.5322171876199985 0.4203466195632695 0.5525689271177329 0.4211146097329954 0.5675447354273865 0.42521055730486645 0.587896474925121 0.418554642500576 0.5583288533906765 0.41881063922381795 0.534521158129176 0.4193226326703018 0.5141694186314415
12 0.4753859150602872 0.422778588434068 0.467194019916545 0.431610475385915 0.4566981542636254 0.44082635742262494 0.44671428205718966 0.44850625911988323 0.440570360699383 0.4569541509868673 0.46079410183549646 0.431610475385915
12 0.45209021324527043 0.4258505491129713 0.4444103115480122 0.4331464557253667 0.43596241968102806 0.44005836725289915 0.43058648849294723 0.4477382689501574 0.42444256713514067 0.4634820674295369 0.43084248521618923 0.4492742492896091 0.4385223869134475 0.4419783426772137 0.44492230499449603 0.43737040165885877 0.45055423290581875 0.4312264803010521
12 0.4753859150602872 0.3982029030028415 0.46489004940736756 0.40434682436064817 0.45388219030796406 0.41010675063359187 0.45055423290581875 0.4135627063973581 0.4428743312085605 0.4181706474157131 0.4326344622788828 0.42354657860379386 0.42521055730486645 0.431994470470778 0.4203466195632695 0.44005836725289915 0.41753065560760816 0.4561861608171415 0.41753065560760816 0.47039397895706936 0.4193226326703018 0.45004223945933486 0.4257225507513504 0.43545042623454416 0.43545042623454416 0.4250825589432455 0.44620228861070577 0.41932263267030184 0.45132222307554465 0.4181706474157131 0.45695415098686737 0.41164273097304355 0.4656580395770934 0.4074187850395515
12 0.4437153892689283 0.41323467820745496 0.4362697193913164 0.4125366466564288 0.4295220810647308 0.41532877286053327 0.4225417655544697 0.4195169621666899 0.41695751314626084 0.4247521987993857 0.4120712922890781 0.42719530922797705 0.4083484573502722 0.4345246405137512 0.41463074130950717 0.4285913723300293 0.4206803480850667 0.4257992461259249 0.42672995486062637 0.419865977942203 0.43394294755456275 0.4163758201870724 0.4402252315137977 0.4170738517380985
12 0.439759877146447 0.4038112522686025 0.4306854669831076 0.4062543626971939 0.4218437340034436 0.4062543626971939 0.41672483596258547 0.40730141002373305 0.411373260738052 0.41114058355437666 0.40439294522779096 0.4121876308809158 0.41556145004420864 0.41393270975848107 0.42323979710549575 0.41148959932988965 0.4313834985341337 0.40939550467681135
12 0.41532877286053327 0.33645120759458325 0.42137837963609287 0.347968728186514 0.4260319233096002 0.35878821722741866 0.43324491600353665 0.36786262739075803 0.43999255433012235 0.3734468797989669 0.44953231886081246 0.37135278514588854 0.44278468053422676 0.37588999022755826 0.43533901065661496 0.37379589557447995 0.4288240495137046 0.36646656428870583 0.4227744427381451 0.35564707524780115
12 0.4520917678812415 0.3832193215133324 0.4448787751873051 0.3846153846153846 0.43394294755456275 0.3828703057378193 0.4204476709013914 0.37379589557447995 0.4132346782074549 0.3689096747172972 0.4241705058401973 0.381125226860254 0.4302201126157569 0.38496440039089763 0.43859649122807015 0.3877565265950021 0.448601610126111 0.3877565265950021
12 0.4644236586160361 0.3881055423705151 0.45232444506491687 0.3891525896970543 0.43929452277909625 0.3947368421052631 0.42905672669738004 0.3971799525338545 0.41788822188096236 0.39822699986039367 0.4099771976359998 0.3919447159011587 0.3997394015542835 0.38496440039089763 0.3925264088603471 0.381125226860254 0.40276420494206333 0.39089766857461955 0.41090790637070124 0.39578388943180226 0.41602680441155937 0.4017171576155242 0.42672995486062637 0.40136814184001113 0.43394294755456275 0.3996230629624459 0.44418074363627896 0.39613290520731537 0.453022476615943 0.3926427474521848
12 0.4413886174321746 0.3905486527991065 0.4313834985341337 0.38950160547256735 0.4239378286565219 0.38705849504397594 0.41625948159523474 0.381125226860254 0.40951184326864903 0.3755409744520452 0.40253152775838796 0.36925869049281024 0.40043743310530966 0.3654195169621666 0.4097445204523244 0.37972916375820187 0.4181208990646377 0.3860114477174368 0.42510121457489874 0.39299176322769785 0.4348736562892643 0.39299176322769785
12 0.39741262971752983 0.3210945134720089 0.4034622364930895 0.33435711294150494 0.4123039694727535 0.3535529805947229 0.42323979710549575 0.36856065894178414 0.43324491600353665 0.380776211084741 0.4234724742891712 0.3727488482479408 0.4137000325748057 0.36123132765601 0.4046256224114663 0.34378053888035737
12 0.5107401050605919 0.16305195818380402 0.5005981172309772 0.1653924169137151 0.488895823581422 0.17046341082852237 0.47693347896187654 0.17709471056327042 0.46601133822229157 0.18489623966297394 0.4517085348728351 0.1926977687626775 0.4662713891922817 0.18528631611795912 0.4766734279918864 0.17709471056327042 0.488895823581422 0.16968325791855204 0.5005981172309772 0.16422218754875956