0 0.24568965517241378 0.5307642487046632 0.028448275862068967 0.03205958549222798
0 0.29094827586206895 0.4018782383419689 0.015948275862068966 0.018458549222797927
0 0.33728448275862066 0.4493199481865285 0.028879310344827585 0.017810880829015545
0 0.34073275862068964 0.41224093264248707 0.026724137931034484 0.02299222797927461
0 0.5273706896551724 0.7075777202072538 0.01896551724137931 0.014248704663212436
0 0.5549568965517241 0.7231217616580311 0.01767241379310345 0.015544041450777202
0 0.5928879310344828 0.7357512953367875 0.022844827586206897 0.017810880829015545
0 0.3482758620689655 0.6460492227979274 0.02543103448275862 0.020077720207253884
0 0.3428879310344828 0.7023963730569949 0.014655172413793103 0.020077720207253884
0 0.3116379310344828 0.10637953367875648 0.03879310344827586 0.019430051813471502
0 0.4872844827586207 0.10314119170984457 0.010775862068965518 0.02493523316062176
0 0.7200431034482758 0.5357836787564767 0.0047413793103448275 0.011010362694300517
0 0.7448275862068966 0.5374028497409327 0.011206896551724138 0.014572538860103627
0 0.7260775862068966 0.5854922279792746 0.0125 0.01878238341968912
0 0.753448275862069 0.4834844559585492 0.04870689655172414 0.061204663212435235
0 0.7976293103448275 0.4681023316062176 0.023706896551724137 0.05278497409326425
0 0.7346982758620689 0.42810880829015546 0.027155172413793102 0.0391839378238342
5 0.32133620689655173 0.33468264248704666 0.21120689655172414 0.05764248704663212
5 0.6474137931034483 0.3246437823834197 0.1560344827586207 0.06930051813471502