0 0.4189655172413793 0.8073186528497409 0.030603448275862068 0.022020725388601035
0 0.35021551724137934 0.7987370466321243 0.01939655172413793 0.031088082901554404
0 0.42866379310344827 0.7114637305699482 0 0.0009715025906735751
0 0.49288793103448275 0.5045336787564767 0.034913793103448276 0.051489637305699484
0 0.5157327586206897 0.4681023316062176 0.054310344827586204 0.031088082901554404
0 0.58125 0.5110103626943006 0.041379310344827586 0.02687823834196891
0 0.4058189655172414 0.4951424870466321 0.05 0.045660621761658034
0 0.4961206896551724 0.5683290155440415 0 0.0009715025906735751
0 0.4269396551724138 0.4489961139896373 0.027586206896551724 0.0469559585492228
0 0.4394396551724138 0.5565090673575129 0.08836206896551724 0.03594559585492228
0 0.47672413793103446 0.42859455958549225 0.07543103448275862 0.056023316062176164
0 0.46012931034482757 0.510038860103627 0.032327586206896554 0.04987046632124352
0 0.5021551724137931 0.31120466321243523 0.021120689655172414 0.02299222797927461
0 0.4827586206896552 0.23105569948186527 0.02586206896551724 0.01716321243523316
0 0.47995689655172413 0.27865932642487046 0.07198275862068966 0.023639896373056996
0 0.590948275862069 0.36884715025906734 0.028448275862068967 0.024287564766839378
0 0.4894396551724138 0.37791450777202074 0.03146551724137931 0.02882124352331606
0 0.6271551724137931 0.4647020725388601 0.054310344827586204 0.033031088082901554
0 0.631896551724138 0.5124676165803109 0.05991379310344828 0.023639896373056996
0 0.5530172413793103 0.4208225388601036 0.020689655172413793 0.02072538860103627
0 0.6963362068965517 0.46211139896373055 0.0375 0.01683937823834197
0 0.47780172413793104 0.35136010362694303 0.034913793103448276 0.022020725388601035