0 0.18411458333333333 0.69765625 0.03177083333333333 0.023828125
0 0.26875 0.671875 0.021875 0.03125
0 0.28880208333333335 0.708203125 0.03177083333333333 0.01875
0 0.3020833333333333 0.733984375 0.011979166666666667 0.008203125
0 0.39348958333333334 0.6109375 0.0296875 0.0203125
0 0.4630208333333333 0.6232421875 0.0328125 0.0171875
0 0.3375 0.533984375 0.030729166666666665 0.026953125
0 0.27734375 0.53515625 0.03697916666666667 0.023046875
0 0.24739583333333334 0.5458984375 0.046875 0.01640625
0 0.34348958333333335 0.5986328125 0.04479166666666667 0.026953125
0 0.42421875 0.5736328125 0.09270833333333334 0.0375
0 0.4236979166666667 0.5458984375 0.041666666666666664 0.024609375
0 0.48151041666666666 0.5904296875 0.04583333333333333 0.023828125
0 0.5044270833333333 0.4947265625 0.041666666666666664 0.03671875
0 0.384375 0.533203125 0.04791666666666667 0.058203125
0 0.3658854166666667 0.6947265625 0.071875 0.041015625
0 0.43723958333333335 0.664453125 0.1078125 0.0375
0 0.3020833333333333 0.6416015625 0.08177083333333333 0.058984375
0 0.35703125 0.3984375 0.05677083333333333 0.027734375
0 0.5747395833333333 0.6453125 0.01875 0.022265625
0 0.5268229166666667 0.673046875 0.04479166666666667 0.059765625
5 0.18541666666666667 0.4736328125 0.05416666666666667 0.02734375
5 0.23098958333333333 0.452734375 0.11354166666666667 0.025
0 0.21432291666666667 0.747265625 0.020833333333333332 0.008984375
0 0.5052083333333334 0.8390625 0.019791666666666666 0.016015625
0 0.26015625 0.7650390625 0.019791666666666666 0.009765625
0 0.22630208333333332 0.688671875 0.013541666666666667 0.01171875
0 0.21119791666666668 0.721484375 0.013020833333333334 0.01015625
0 0.13177083333333334 0.7552734375 0.005208333333333333 0.012109375
0 0.309375 0.572265625 0.0234375 0.019921875
0 0.5473958333333333 0.6353515625 0.0234375 0.01484375
0 0.31015625 0.549609375 0.0078125 0.01484375
0 0.4674479166666667 0.54765625 0.028125 0.016015625