0 0.76953125 0.5076171875 0.021875 0.017578125
0 0.8049479166666667 0.553125 0.0296875 0.01875
0 0.6921875 0.6087890625 0.01875 0.023828125
0 0.6505208333333333 0.612890625 0.036458333333333336 0.025
0 0.6489583333333333 0.5390625 0.03333333333333333 0.030859375
0 0.6096354166666667 0.494140625 0.0296875 0.042578125
0 0.5299479166666666 0.434375 0.021875 0.019921875
0 0.5567708333333333 0.501171875 0.03177083333333333 0.030859375
0 0.5473958333333333 0.465625 0.03177083333333333 0.01875
0 0.6434895833333333 0.4498046875 0.028125 0.025
0 0.7252604166666666 0.45625 0.05364583333333333 0.037890625
0 0.8341145833333333 0.4451171875 0.0125 0.019921875
0 0.51484375 0.2458984375 0.03333333333333333 0.02109375
0 0.5299479166666666 0.2701171875 0.04739583333333333 0.019921875
0 0.44869791666666664 0.3486328125 0.0203125 0.026171875
0 0.45989583333333334 0.4025390625 0.036458333333333336 0.019921875
0 0.47317708333333336 0.43203125 0.04114583333333333 0.025
0 0.51328125 0.5615234375 0.03333333333333333 0.035546875
0 0.46380208333333334 0.5603515625 0.08489583333333334 0.047265625
5 0.7028645833333333 0.3080078125 0.165625 0.04921875
0 0.9200520833333333 0.664453125 0.034375 0.01875
0 0.7557291666666667 0.6685546875 0.0171875 0.01953125
0 0.7622395833333333 0.7095703125 0.013020833333333334 0.016015625
0 0.76953125 0.5833984375 0.026041666666666668 0.01796875
0 0.7463541666666667 0.6166015625 0.04791666666666667 0.0265625
0 0.8283854166666667 0.6818359375 0.025 0.017578125
0 0.48463541666666665 0.25234375 0.014583333333333334 0.016015625