0 0.39140625 0.662890625 0.042708333333333334 0.027734375
0 0.4786458333333333 0.277734375 0.03177083333333333 0.028515625
0 0.5109375 0.3908203125 0.017708333333333333 0.022265625
0 0.5484375 0.465625 0.0296875 0.01953125
0 0.4471354166666667 0.283203125 0.03177083333333333 0.034375
0 0.5692708333333333 0.8412109375 0.016145833333333335 0.011328125
0 0.4661458333333333 0.2287109375 0.028125 0.023828125
0 0.5822916666666667 0.2458984375 0.03177083333333333 0.01875
0 0.45755208333333336 0.3494140625 0.04791666666666667 0.02109375
0 0.56875 0.326953125 0.0109375 0.025390625
0 0.5229166666666667 0.268359375 0.030729166666666665 0.011328125
0 0.49453125 0.411328125 0.013541666666666667 0.01796875