0 0.6496113989637305 0.483970207253886 0.029792746113989636 0.023316062176165803
1 0.6949481865284974 0.47684585492227977 0.05483592400690846 0.0702720207253886
0 0.7063903281519862 0.6897668393782384 0.03842832469775475 0.03238341968911917
0 0.5667098445595855 0.5885686528497409 0.023316062176165803 0.017487046632124352
0 0.5537564766839378 0.6214378238341969 0.03367875647668394 0.03983160621761658
0 0.5863557858376511 0.6256476683937824 0.014248704663212436 0.016515544041450777
0 0.5 0.5956930051813472 0.022884283246977548 0.016515544041450777
0 0.6519861830742659 0.6071891191709845 0.018566493955094993 0.01716321243523316
0 0.5772884283246977 0.4579015544041451 0.028929188255613126 0.022344559585492228
0 0.6563039723661486 0.36755181347150256 0.013385146804835924 0.017487046632124352
1 0.7050949913644214 0.35119818652849744 0.06865284974093264 0.07869170984455959
1 0.7739637305699482 0.26327720207253885 0.12521588946459414 0.03853626943005181