0 0.644812091503268 0.6908700980392157 0.027777777777777776 0.014705882352941176
0 0.6881127450980392 0.6971507352941176 0.014297385620915032 0.02022058823529412
0 0.4895833333333333 0.45297181372549017 0.023284313725490197 0.013480392156862746
0 0.5896650326797386 0.4664522058823529 0.020016339869281044 0.014705882352941176
0 0.45588235294117646 0.4241727941176471 0.024509803921568627 0.017463235294117647
0 0.6301062091503268 0.43918504901960786 0.011437908496732025 0.00857843137254902
0 0.6464460784313726 0.44730392156862747 0.028186274509803922 0.011029411764705883
0 0.516952614379085 0.47457107843137253 0.016748366013071895 0.011948529411764705
0 0.5541258169934641 0.4241727941176471 0.01511437908496732 0.012561274509803922
0 0.5751633986928104 0.41360294117647056 0.021241830065359478 0.018688725490196078
0 0.5467728758169934 0.3909313725490196 0.013888888888888888 0.013786764705882353
0 0.5363562091503268 0.39338235294117646 0.013071895424836602 0.013174019607843137
0 0.5249183006535948 0.39859068627450983 0.009395424836601307 0.01133578431372549
0 0.4213643790849673 0.3674938725490196 0.011437908496732025 0.012561274509803922
0 0.6086601307189542 0.3638174019607843 0.02246732026143791 0.016237745098039217
0 0.6025326797385621 0.3941482843137255 0.018790849673202614 0.010416666666666666