1 0.5970179738562091 0.6049325980392157 0.00980392156862745 0.015012254901960785
1 0.6497140522875817 0.6052389705882353 0.01184640522875817 0.014705882352941176
1 0.6548202614379085 0.6228553921568627 0.013480392156862746 0.007352941176470588
1 0.29105392156862747 0.5700061274509803 0.014297385620915032 0.015625
1 0.30106209150326796 0.5896139705882353 0.008986928104575163 0.01133578431372549
1 0.3304738562091503 0.5795036764705882 0.02165032679738562 0.013480392156862746
1 0.6243872549019608 0.609375 0.00857843137254902 0.018688725490196078
0 0.37193627450980393 0.36825980392156865 0.011437908496732025 0.014093137254901961
1 0.37888071895424835 0.6344975490196079 0.012254901960784314 0.014093137254901961
1 0.3227124183006536 0.6213235294117647 0.011029411764705883 0.011029411764705883
1 0.30249183006535946 0.6087622549019608 0.016748366013071895 0.00857843137254902
1 0.28308823529411764 0.5940563725490197 0.00857843137254902 0.006433823529411764
1 0.5904820261437909 0.5775122549019608 0.009395424836601307 0.010416666666666666
0 0.5136846405228758 0.43596813725490197 0.011437908496732025 0.0196078431372549
1 0.5763888888888888 0.6306678921568627 0.027777777777777776 0.016237745098039217
1 0.38500816993464054 0.6003370098039216 0.017565359477124183 0.010416666666666666
1 0.4707924836601307 0.5217524509803921 0.011437908496732025 0.012561274509803922
1 0.4693627450980392 0.5883884803921569 0.017565359477124183 0.01133578431372549
1 0.5526960784313726 0.5957414215686274 0.009395424836601307 0.011029411764705883
1 0.4464869281045752 0.5621936274509803 0.01838235294117647 0.006127450980392157
1 0.27941176470588236 0.5775122549019608 0.013480392156862746 0.010723039215686275
1 0.30780228758169936 0.5428921568627451 0.007352941176470588 0.010723039215686275
1 0.3276143790849673 0.5683210784313726 0.015522875816993464 0.008884803921568627
1 0.4187091503267974 0.5805759803921569 0.012663398692810458 0.012254901960784314