0 0.6786684782608695 0.41593070652173914 0.022644927536231884 0.026494565217391304
4 0.5210597826086957 0.6290760869565217 0.08333333333333333 0.1253396739130435
4 0.6807065217391305 0.6569293478260869 0.1322463768115942 0.10054347826086957
4 0.3953804347826087 0.6723845108695652 0.06068840579710145 0.08729619565217392
4 0.5867300724637681 0.6698369565217391 0.028532608695652172 0.05434782608695652
0 0.6648550724637681 0.84375 0.03215579710144927 0.024796195652173912
4 0.5045289855072463 0.45346467391304346 0.11231884057971014 0.0703125
4 0.41983695652173914 0.44344429347826086 0.04710144927536232 0.04619565217391304
4 0.5792572463768116 0.44718070652173914 0.050724637681159424 0.04483695652173913
4 0.46693840579710144 0.40200407608695654 0.1308876811594203 0.036684782608695655
4 0.5783514492753623 0.40726902173913043 0.08423913043478261 0.027853260869565216