0 0.6072048611111112 0.7580295138888888 0.02546296296296296 0.015625
0 0.5763888888888888 0.7863498263888888 0.018518518518518517 0.012369791666666666
0 0.5954861111111112 0.775390625 0.014467592592592593 0.010416666666666666
0 0.6396122685185185 0.7837456597222222 0.024016203703703703 0.011935763888888888
4 0.6154513888888888 0.7670355902777778 0.05960648148148148 0.032769097222222224
0 0.6300636574074074 0.939453125 0.022858796296296297 0.015625
0 0.6539351851851852 0.9542100694444444 0.02228009259259259 0.010850694444444444
0 0.5907118055555556 0.5611979166666666 0.019097222222222224 0.011935763888888888
0 0.6122685185185185 0.5633680555555556 0.021701388888888888 0.016276041666666668
0 0.5846354166666666 0.5864800347222222 0.019675925925925927 0.029079861111111112
0 0.7158564814814815 0.6286892361111112 0.01765046296296296 0.012369791666666666
0 0.75390625 0.6655815972222222 0.01273148148148148 0.012803819444444444
0 0.7624421296296297 0.6203342013888888 0.014467592592592593 0.015625
0 0.7647569444444444 0.6486545138888888 0.013888888888888888 0.014322916666666666
0 0.7822627314814815 0.6402994791666666 0.018518518518518517 0.0234375
0 0.5723379629629629 0.8083767361111112 0.013888888888888888 0.010416666666666666