0 0.7066666666666667 0.4899129746835443 0.028333333333333332 0.014636075949367089
0 0.3025 0.5187895569620253 0.035 0.016218354430379747
4 0.20416666666666666 0.5595332278481012 0.16583333333333333 0.08702531645569621
0 0.8791666666666667 0.4440268987341772 0.025833333333333333 0.017009493670886076
0 0.7683333333333333 0.5104825949367089 0.029166666666666667 0.011471518987341773
0 0.8029166666666666 0.5854430379746836 0.045 0.021360759493670885
0 0.8475 0.5075158227848101 0.06666666666666667 0.017800632911392406
0 0.8129166666666666 0.53125 0.028333333333333332 0.015427215189873418
0 0.88375 0.48477056962025317 0.016666666666666666 0.006724683544303798
0 0.46958333333333335 0.3095332278481013 0.021666666666666667 0.0122626582278481
0 0.6033333333333334 0.26997626582278483 0.025 0.012658227848101266
0 0.5133333333333333 0.35897943037974683 0.02 0.011075949367088608