0 0.735 0.254746835443038 0.06166666666666667 0.026503164556962024
0 0.495 0.1663370253164557 0.04416666666666667 0.020174050632911392
0 0.6883333333333334 0.1550632911392405 0.0325 0.022943037974683545
0 0.86 0.25079113924050633 0.028333333333333332 0.021756329113924052
0 0.73625 0.40704113924050633 0.04 0.0189873417721519
0 0.6345833333333334 0.3360363924050633 0.0425 0.0189873417721519
0 0.5545833333333333 0.4183148734177215 0.050833333333333335 0.02333860759493671
0 0.5104166666666666 0.5049446202531646 0.04583333333333333 0.026503164556962024
0 0.6829166666666666 0.5625 0.0325 0.020965189873417722
0 0.16916666666666666 0.2701740506329114 0.02666666666666667 0.017009493670886076
0 0.3275 0.3623417721518987 0.030833333333333334 0.010680379746835443
4 0.5645833333333333 0.4408623417721519 0.28 0.12697784810126583
0 0.7108333333333333 0.32614715189873417 0.0375 0.018591772151898733
4 0.7125 0.47191455696202533 0.19833333333333333 0.07990506329113924