0 0.41805555555555557 0.188671875 0.06666666666666667 0.031640625
0 0.2934027777777778 0.1744140625 0.03611111111111111 0.024609375
0 0.2881944444444444 0.22421875 0.06180555555555556 0.0265625
0 0.4756944444444444 0.3236328125 0.059722222222222225 0.034765625
0 0.4829861111111111 0.3642578125 0.04097222222222222 0.022265625
0 0.5180555555555556 0.28828125 0.052083333333333336 0.033203125
0 0.38645833333333335 0.851171875 0.034722222222222224 0.0265625
0 0.8149305555555556 0.59453125 0.03194444444444444 0.028125
0 0.8579861111111111 0.553515625 0.018055555555555554 0.01328125
0 0.828125 0.569140625 0.019444444444444445 0.015234375
0 0.7395833333333334 0.560546875 0.029166666666666667 0.01953125
5 0.2454861111111111 0.455078125 0.2791666666666667 0.0640625
5 0.7260416666666667 0.4658203125 0.25069444444444444 0.0703125