12 0.46103395061728397 0.24110243055555555 0.24382716049382716 0.025173611111111112
12 0.5100308641975309 0.201171875 0.18132716049382716 0.012586805555555556
12 0.5320216049382716 0.3294270833333333 0.029320987654320986 0.059895833333333336
12 0.3942901234567901 0.6247829861111112 0.07947530864197531 0.1267361111111111
0 0.46566358024691357 0.4967447916666667 0.027777777777777776 0.019965277777777776
0 0.3140432098765432 0.5258246527777778 0.02700617283950617 0.013020833333333334
0 0.28703703703703703 0.515625 0.02700617283950617 0.016493055555555556
0 0.29822530864197533 0.5690104166666666 0.022376543209876542 0.020833333333333332
0 0.2334104938271605 0.2868923611111111 0.033950617283950615 0.029513888888888888
0 0.39737654320987653 0.19986979166666666 0.030864197530864196 0.014322916666666666
0 0.7110339506172839 0.2667100694444444 0.034722222222222224 0.01953125
0 0.314429012345679 0.5030381944444444 0.023919753086419752 0.017361111111111112
0 0.8059413580246914 0.55078125 0.019290123456790122 0.015625
0 0.46875 0.6788194444444444 0.023148148148148147 0.016493055555555556
0 0.4675925925925926 0.7137586805555556 0.023919753086419752 0.023003472222222224
0 0.4039351851851852 0.6584201388888888 0.044753086419753084 0.035590277777777776