0 0.3395061728395062 0.6069878472222222 0.0470679012345679 0.02734375
0 0.3777006172839506 0.5251736111111112 0.02546296296296296 0.022569444444444444
0 0.32060185185185186 0.43359375 0.030864197530864196 0.029513888888888888
0 0.46103395061728397 0.4572482638888889 0.03009259259259259 0.017795138888888888
0 0.7827932098765432 0.4294704861111111 0.027777777777777776 0.016493055555555556
0 0.6435185185185185 0.4485677083333333 0.03009259259259259 0.014322916666666666
0 0.6755401234567902 0.5147569444444444 0.02700617283950617 0.015190972222222222
12 0.6770833333333334 0.5284288194444444 0.14969135802469136 0.1076388888888889
0 0.6701388888888888 0.611328125 0.04938271604938271 0.020399305555555556
0 0.32060185185185186 0.4730902777777778 0.02700617283950617 0.01953125
0 0.6396604938271605 0.4251302083333333 0.03009259259259259 0.020833333333333332
0 0.5597993827160493 0.1812065972222222 0.02546296296296296 0.019097222222222224
0 0.7303240740740741 0.18424479166666666 0.016975308641975308 0.010416666666666666
12 0.8873456790123457 0.28125 0.009259259259259259 0.05078125
0 0.8186728395061729 0.16927083333333334 0.036265432098765434 0.024739583333333332
0 0.8491512345679012 0.2209201388888889 0.022376543209876542 0.014322916666666666
0 0.5204475308641975 0.5540364583333334 0.038580246913580245 0.022569444444444444
0 0.5825617283950617 0.4939236111111111 0.035493827160493825 0.019965277777777776
0 0.5528549382716049 0.59375 0.05632716049382716 0.03689236111111111
0 0.4089506172839506 0.3146701388888889 0.043209876543209874 0.019097222222222224