0 0.37459150326797386 0.1799938725490196 0.05514705882352941 0.03216911764705882
0 0.4446486928104575 0.20772058823529413 0.017973856209150325 0.023284313725490197
0 0.5604575163398693 0.2532169117647059 0.024509803921568627 0.015318627450980392
0 0.6198937908496732 0.25965073529411764 0.023284313725490197 0.016237745098039217
0 0.4812091503267974 0.42110906862745096 0.030637254901960783 0.01685049019607843
4 0.41094771241830064 0.42325367647058826 0.05228758169934641 0.04963235294117647
0 0.6356209150326797 0.530484068627451 0.017973856209150325 0.02022058823529412
0 0.6866830065359477 0.48131127450980393 0.026143790849673203 0.0196078431372549
0 0.6838235294117647 0.5180759803921569 0.02900326797385621 0.022365196078431373
0 0.6909722222222222 0.5370710784313726 0.017565359477124183 0.018995098039215685
0 0.6225490196078431 0.6011029411764706 0.024101307189542485 0.016237745098039217
0 0.579248366013072 0.6228553921568627 0.02900326797385621 0.013174019607843137
0 0.5179738562091504 0.4725796568627451 0.0298202614379085 0.017463235294117647
0 0.4758986928104575 0.4462316176470588 0.021241830065359478 0.01685049019607843
0 0.5516748366013072 0.5013786764705882 0.023284313725490197 0.013174019607843137
0 0.4564950980392157 0.608609068627451 0.023284313725490197 0.015318627450980392
0 0.38112745098039214 0.5114889705882353 0.030637254901960783 0.015931372549019607
0 0.7236519607843137 0.41559436274509803 0.02165032679738562 0.01685049019607843
0 0.4922385620915033 0.6285232843137255 0.031862745098039214 0.014705882352941176
0 0.47732843137254904 0.24800857843137256 0.024101307189542485 0.013480392156862746
0 0.5044934640522876 0.5047487745098039 0.026143790849673203 0.016237745098039217
0 0.6268382352941176 0.5598958333333334 0.0298202614379085 0.023284313725490197