0 0.610498366013072 0.17723651960784315 0.024918300653594773 0.02022058823529412
0 0.5765931372549019 0.16988357843137256 0.012254901960784314 0.010416666666666666
0 0.6403186274509803 0.1559436274509804 0.02696078431372549 0.011948529411764705
0 0.6842320261437909 0.22886029411764705 0.02287581699346405 0.014399509803921568
0 0.6713643790849673 0.20082720588235295 0.013071895424836602 0.01715686274509804
0 0.6327614379084967 0.20557598039215685 0.0196078431372549 0.015625
0 0.6464460784313726 0.25643382352941174 0.02900326797385621 0.02696078431372549
0 0.7383578431372549 0.2426470588235294 0.008986928104575163 0.018075980392156864
0 0.7189542483660131 0.21737132352941177 0.012254901960784314 0.013786764705882353
0 0.7038398692810458 0.23743872549019607 0.02287581699346405 0.018688725490196078
0 0.5776143790849673 0.20925245098039216 0.0196078431372549 0.015318627450980392
0 0.5449346405228758 0.23820465686274508 0.04330065359477124 0.02022058823529412
0 0.4918300653594771 0.24586397058823528 0.02900326797385621 0.013786764705882353
0 0.4303513071895425 0.28737745098039214 0.025735294117647058 0.01715686274509804
0 0.3980800653594771 0.33777573529411764 0.0196078431372549 0.014705882352941176
0 0.36070261437908496 0.3694852941176471 0.015931372549019607 0.021139705882352942
0 0.3196486928104575 0.39307598039215685 0.013888888888888888 0.014399509803921568
0 0.39828431372549017 0.41942401960784315 0.01919934640522876 0.012867647058823529
0 0.3374183006535948 0.4253982843137255 0.012254901960784314 0.014705882352941176
0 0.571078431372549 0.4615502450980392 0.04084967320261438 0.034926470588235295
0 0.4930555555555556 0.47579656862745096 0.027369281045751634 0.01715686274509804
0 0.5281862745098039 0.48284313725490197 0.02165032679738562 0.011948529411764705
0 0.5308415032679739 0.5018382352941176 0.01919934640522876 0.015318627450980392
0 0.4910130718954248 0.5145526960784313 0.02369281045751634 0.02022058823529412
0 0.5179738562091504 0.5647977941176471 0.02369281045751634 0.019301470588235295
0 0.47732843137254904 0.5742953431372549 0.020833333333333332 0.015625
0 0.43709150326797386 0.5583639705882353 0.02165032679738562 0.016237745098039217
0 0.4638480392156863 0.5431985294117647 0.028186274509803922 0.013174019607843137
0 0.4193218954248366 0.5952818627450981 0.01919934640522876 0.013174019607843137
0 0.6182598039215687 0.6383272058823529 0.024918300653594773 0.01685049019607843
0 0.5347222222222222 0.6416973039215687 0.029411764705882353 0.014705882352941176
0 0.36356209150326796 0.4742647058823529 0.025735294117647058 0.019301470588235295
0 0.6013071895424836 0.46369485294117646 0.01715686274509804 0.014705882352941176
0 0.6129493464052288 0.4401041666666667 0.0196078431372549 0.01685049019607843
0 0.38562091503267976 0.3783700980392157 0.013071895424836602 0.01715686274509804
0 0.5516748366013072 0.4944852941176471 0.029411764705882353 0.044730392156862746
0 0.4707924836601307 0.6038602941176471 0.02369281045751634 0.015625
0 0.494281045751634 0.6395526960784313 0.015931372549019607 0.01133578431372549
0 0.5959967320261438 0.6225490196078431 0.014297385620915032 0.011948529411764705
0 0.5625 0.6439950980392157 0.01838235294117647 0.02022058823529412
0 0.5265522875816994 0.5920649509803921 0.014297385620915032 0.015625