0 0.18880208333333334 0.53359375 0.03298611111111111 0.0109375
0 0.6189236111111112 0.3439453125 0.03211805555555555 0.0109375
0 0.6671006944444444 0.3177734375 0.021701388888888888 0.0140625
0 0.6966145833333334 0.33203125 0.015625 0.008984375
0 0.6987847222222222 0.3443359375 0.020833333333333332 0.01015625
0 0.3033854166666667 0.325 0.025173611111111112 0.0109375
12 0.4518229166666667 0.292578125 0.13802083333333334 0.0109375
12 0.4279513888888889 0.308203125 0.16927083333333334 0.0109375
12 0.4565972222222222 0.2810546875 0.13020833333333334 0.00625
0 0.2981770833333333 0.304296875 0.019965277777777776 0.016015625
0 0.1462673611111111 0.3650390625 0.028645833333333332 0.0125
0 0.1345486111111111 0.451953125 0.027777777777777776 0.011328125
0 0.4483506944444444 0.665234375 0.03125 0.006640625
0 0.7591145833333334 0.5248046875 0.027777777777777776 0.01484375
0 0.4600694444444444 0.34140625 0.025173611111111112 0.01328125