0 0.5017361111111112 0.28828125 0.014756944444444444 0.007421875
0 0.5182291666666666 0.2931640625 0.019965277777777776 0.0078125
0 0.4522569444444444 0.307421875 0.021701388888888888 0.010546875
0 0.4717881944444444 0.356640625 0.015625 0.0125
0 0.4709201388888889 0.4029296875 0.024305555555555556 0.01171875
0 0.4270833333333333 0.350390625 0.019965277777777776 0.01015625
0 0.4188368055555556 0.3607421875 0.013888888888888888 0.007421875
0 0.4092881944444444 0.394140625 0.015625 0.009765625
0 0.4431423611111111 0.416796875 0.017361111111111112 0.007421875
0 0.48046875 0.44375 0.019097222222222224 0.011328125
0 0.5438368055555556 0.41484375 0.020833333333333332 0.008203125
0 0.4969618055555556 0.4263671875 0.024305555555555556 0.0109375
0 0.44921875 0.429296875 0.026041666666666668 0.010546875
0 0.6388888888888888 0.4228515625 0.026909722222222224 0.01171875
0 0.7296006944444444 0.2591796875 0.0234375 0.0078125
0 0.7795138888888888 0.2818359375 0.013888888888888888 0.010546875
0 0.8454861111111112 0.2943359375 0.022569444444444444 0.008984375
0 0.8407118055555556 0.280078125 0.013020833333333334 0.00703125
0 0.8116319444444444 0.3068359375 0.017361111111111112 0.011328125
0 0.62109375 0.2486328125 0.026041666666666668 0.01015625
0 0.5390625 0.2716796875 0.0234375 0.011328125
0 0.5668402777777778 0.4443359375 0.0234375 0.008203125
0 0.61328125 0.429296875 0.017361111111111112 0.01015625
0 0.62890625 0.4478515625 0.017361111111111112 0.010546875