0 0.36088039867109634 0.20053680981595093 0.08970099667774087 0.010352760736196318
0 0.1457641196013289 0.2089723926380368 0.03156146179401993 0.014187116564417178
0 0.16735880398671096 0.18807515337423314 0.02574750830564784 0.013420245398773007
0 0.18355481727574752 0.15299079754601227 0.029069767441860465 0.016487730061349692
0 0.15822259136212624 0.14206288343558282 0.01910299003322259 0.010736196319018405
0 0.13579734219269102 0.16794478527607362 0.030730897009966777 0.01572085889570552
0 0.28903654485049834 0.1464723926380368 0.02574750830564784 0.011886503067484663
0 0.3480066445182724 0.1388036809815951 0.03986710963455149 0.011886503067484663
0 0.5544019933554817 0.5145705521472392 0.05647840531561462 0.016487730061349692
0 0.4954318936877076 0.5348926380368099 0.061461794019933555 0.018021472392638037
0 0.6586378737541528 0.5350843558282209 0.029069767441860465 0.020705521472392636
0 0.5772425249169435 0.5417944785276073 0.03903654485049834 0.015337423312883436
0 0.7549833887043189 0.49980828220858897 0.03322259136212625 0.017254601226993866
0 0.7599667774086378 0.4745015337423313 0.027408637873754152 0.011503067484662576
0 0.7122093023255814 0.5479294478527608 0.01910299003322259 0.013420245398773007
0 0.6823089700996677 0.5686349693251533 0.01744186046511628 0.014570552147239263
0 0.8085548172757475 0.5084355828220859 0.022425249169435217 0.01303680981595092
0 0.2807308970099668 0.6315184049079755 0.02574750830564784 0.01303680981595092