0 0.43709150326797386 0.33287377450980393 0.014705882352941176 0.011029411764705883
0 0.48856209150326796 0.25995710784313725 0.009395424836601307 0.00857843137254902
0 0.4470996732026144 0.26731004901960786 0.0298202614379085 0.016237745098039217
0 0.44485294117647056 0.3069852941176471 0.020833333333333332 0.015318627450980392
0 0.3611111111111111 0.4753370098039216 0.017565359477124183 0.011642156862745098
0 0.31270424836601307 0.4990808823529412 0.014297385620915032 0.011642156862745098
0 0.23651960784313725 0.6349571078431373 0.012254901960784314 0.011029411764705883
0 0.17381535947712418 0.42340686274509803 0.015522875816993464 0.03002450980392157
0 0.2391748366013072 0.3877144607843137 0.012254901960784314 0.010723039215686275
0 0.20261437908496732 0.4007352941176471 0.025735294117647058 0.01011029411764706
0 0.19709967320261437 0.41544117647058826 0.017565359477124183 0.015318627450980392
0 0.16156045751633988 0.4419424019607843 0.010212418300653595 0.019301470588235295
0 0.2167075163398693 0.5364583333333334 0.018790849673202614 0.015318627450980392
0 0.2722630718954248 0.6680453431372549 0.016339869281045753 0.014093137254901961
0 0.2526552287581699 0.6622242647058824 0.017565359477124183 0.021752450980392156
0 0.23366013071895425 0.6106004901960784 0.013480392156862746 0.01715686274509804
0 0.6683006535947712 0.5908394607843137 0.020833333333333332 0.023284313725490197
0 0.6919934640522876 0.49984681372549017 0.010212418300653595 0.015318627450980392
0 0.713031045751634 0.5366115196078431 0.015522875816993464 0.01991421568627451
0 0.309640522875817 0.23085171568627452 0.02287581699346405 0.020833333333333332
0 0.3359885620915033 0.29580269607843135 0.028594771241830064 0.014705882352941176
0 0.4789624183006536 0.7734375 0.02042483660130719 0.013786764705882353
0 0.4213643790849673 0.7382046568627451 0.024509803921568627 0.014093137254901961
0 0.3882761437908497 0.7516850490196079 0.02042483660130719 0.013786764705882353
0 0.5314542483660131 0.7610294117647058 0.016748366013071895 0.009191176470588236
0 0.49530228758169936 0.7529105392156863 0.03390522875816993 0.013174019607843137
0 0.31495098039215685 0.6236213235294118 0.012254901960784314 0.011642156862745098
0 0.3831699346405229 0.3118872549019608 0.030637254901960783 0.019301470588235295
0 0.35294117647058826 0.3255208333333333 0.02042483660130719 0.024509803921568627
0 0.5839460784313726 0.29963235294117646 0.016339869281045753 0.013174019607843137
0 0.38786764705882354 0.20542279411764705 0.014297385620915032 0.00980392156862745
0 0.25040849673202614 0.27925857843137253 0.0196078431372549 0.01838235294117647
0 0.6691176470588235 0.49019607843137253 0.015522875816993464 0.016237745098039217