0 0.43586601307189543 0.2881433823529412 0.017973856209150325 0.013480392156862746
0 0.3776552287581699 0.2544424019607843 0.02042483660130719 0.014093137254901961
0 0.3991013071895425 0.2997855392156863 0.04534313725490196 0.020833333333333332
0 0.3386437908496732 0.3013174019607843 0.01715686274509804 0.015318627450980392
0 0.3090277777777778 0.32107843137254904 0.0196078431372549 0.01838235294117647
0 0.6272467320261438 0.26746323529411764 0.015522875816993464 0.012254901960784314
0 0.5955882352941176 0.24617034313725492 0.022058823529411766 0.020833333333333332
0 0.4934640522875817 0.2821691176470588 0.03431372549019608 0.014705882352941176
0 0.2508169934640523 0.35309436274509803 0.028594771241830064 0.03125
0 0.2804330065359477 0.4180453431372549 0.011437908496732025 0.013480392156862746
0 0.4409722222222222 0.5306372549019608 0.028594771241830064 0.02022058823529412
0 0.3886846405228758 0.5500919117647058 0.03758169934640523 0.02144607843137255
0 0.3568218954248366 0.5723039215686274 0.017973856209150325 0.012254901960784314
0 0.3090277777777778 0.5635723039215687 0.013071895424836602 0.015318627450980392
0 0.2687908496732026 0.5375306372549019 0.02042483660130719 0.015931372549019607
0 0.2902369281045752 0.5799632352941176 0.017973856209150325 0.02267156862745098
0 0.2610294117647059 0.5916053921568627 0.017973856209150325 0.02144607843137255
0 0.47732843137254904 0.5882352941176471 0.021241830065359478 0.012254901960784314
0 0.45445261437908496 0.5026041666666666 0.017973856209150325 0.017769607843137254
4 0.38255718954248363 0.47931985294117646 0.16339869281045752 0.10294117647058823
0 0.3707107843137255 0.5912990196078431 0.013071895424836602 0.014705882352941176
0 0.22569444444444445 0.4192708333333333 0.02042483660130719 0.015931372549019607
0 0.2056781045751634 0.5113357843137255 0.027777777777777776 0.014705882352941176
0 0.5857843137254902 0.6692708333333334 0.022058823529411766 0.015931372549019607
0 0.40522875816993464 0.6049325980392157 0.013888888888888888 0.010416666666666666
0 0.3801062091503268 0.6308210784313726 0.025326797385620915 0.014705882352941176
0 0.32965686274509803 0.6061580882352942 0.02696078431372549 0.017769607843137254
0 0.284109477124183 0.6125919117647058 0.02369281045751634 0.012254901960784314
0 0.30330882352941174 0.6966911764705882 0.017973856209150325 0.0196078431372549
0 0.4076797385620915 0.6409313725490197 0.054330065359477125 0.03829656862745098
0 0.26838235294117646 0.48422181372549017 0.013071895424836602 0.014093137254901961
0 0.4105392156862745 0.3900122549019608 0.014705882352941176 0.013480392156862746
0 0.41421568627450983 0.45955882352941174 0.02042483660130719 0.015931372549019607
0 0.5606617647058824 0.18581495098039216 0.01715686274509804 0.012254901960784314