0 0.3536269430051813 0.5205634715025906 0.06778929188255613 0.031088082901554404
0 0.2869170984455959 0.5046955958549223 0.028929188255613126 0.019430051813471502
0 0.3806131260794473 0.4102979274611399 0.021157167530224525 0.02104922279792746
0 0.667314335060449 0.5514896373056994 0.019430051813471502 0.018458549222797927
0 0.6826424870466321 0.5341645077720207 0.021157167530224525 0.018458549222797927
0 0.7506476683937824 0.4834844559585492 0.018134715025906734 0.015867875647668395
0 0.7752590673575129 0.5365932642487047 0.019430051813471502 0.01683937823834197
0 0.42055267702936094 0.538050518134715 0.018134715025906734 0.020077720207253884
0 0.4430051813471503 0.5064766839378239 0.06174438687392055 0.024287564766839378
0 0.23575129533678757 0.40463082901554404 0.01770293609671848 0.013601036269430052
0 0.29231433506044907 0.4017163212435233 0.019430051813471502 0.020401554404145077
0 0.533678756476684 0.7210168393782384 0.045768566493955096 0.031411917098445596
0 0.7033678756476683 0.18847150259067358 0.023316062176165803 0.027202072538860103
1 0.5904576856649395 0.1947862694300518 0.19430051813471502 0.03562176165803109
1 0.6483160621761658 0.24773316062176165 0.1303972366148532 0.06573834196891191
0 0.810880829015544 0.24044689119170984 0.025043177892918825 0.023639896373056996
0 0.5919689119170984 0.7169689119170984 0.02158894645941278 0.014572538860103627