0 0.37745098039215685 0.4258578431372549 0.01511437908496732 0.011642156862745098
0 0.3993055555555556 0.4114583333333333 0.012254901960784314 0.006433823529411764
0 0.335375816993464 0.4180453431372549 0.0298202614379085 0.017769607843137254
0 0.45465686274509803 0.4961703431372549 0.01511437908496732 0.012254901960784314
0 0.3925653594771242 0.4928002450980392 0.013888888888888888 0.009497549019607842
0 0.35314542483660133 0.5194546568627451 0.034722222222222224 0.02665441176470588
0 0.4007352941176471 0.5932904411764706 0.027777777777777776 0.021752450980392156
0 0.46343954248366015 0.5859375 0.032679738562091505 0.027879901960784315
0 0.4464869281045752 0.5266544117647058 0.01838235294117647 0.019301470588235295
0 0.3713235294117647 0.5704656862745098 0.08782679738562091 0.03707107843137255
0 0.429125816993464 0.6580882352941176 0.02900326797385621 0.015318627450980392
0 0.40645424836601307 0.6432291666666666 0.025735294117647058 0.01685049019607843
0 0.5377859477124183 0.5680147058823529 0.01838235294117647 0.019301470588235295
0 0.4750816993464052 0.5441176470588235 0.03022875816993464 0.015625
0 0.3801062091503268 0.5358455882352942 0.01919934640522876 0.007965686274509803
0 0.5316584967320261 0.6286764705882353 0.014705882352941176 0.013786764705882353
0 0.627859477124183 0.602328431372549 0.017565359477124183 0.011642156862745098
0 0.5970179738562091 0.5353860294117647 0.016339869281045753 0.015625
0 0.4820261437908497 0.6245404411764706 0.037173202614379085 0.03002450980392157
0 0.49387254901960786 0.7352941176470589 0.03431372549019608 0.023590686274509803
0 0.48161764705882354 0.6732536764705882 0.02165032679738562 0.02144607843137255
0 0.4456699346405229 0.680453431372549 0.02369281045751634 0.01991421568627451
0 0.43852124183006536 0.7066482843137255 0.0196078431372549 0.023590686274509803
0 0.42401960784313725 0.7916666666666666 0.009395424836601307 0.011029411764705883
0 0.4054330065359477 0.7291666666666666 0.027777777777777776 0.01838235294117647
0 0.3801062091503268 0.6896446078431373 0.030637254901960783 0.017463235294117647
0 0.5267565359477124 0.6613051470588235 0.017565359477124183 0.016544117647058824
0 0.5696486928104575 0.6686580882352942 0.03145424836601307 0.025122549019607844
0 0.4681372549019608 0.7094056372549019 0.016339869281045753 0.0196078431372549
0 0.5247140522875817 0.6856617647058824 0.0494281045751634 0.03125
0 0.43709150326797386 0.7372855392156863 0.026143790849673203 0.018688725490196078
0 0.40155228758169936 0.7584252450980392 0.03308823529411765 0.016544117647058824
0 0.33394607843137253 0.8370098039215687 0.017565359477124183 0.015318627450980392
0 0.12622549019607843 0.508578431372549 0.017973856209150325 0.02665441176470588
0 0.13766339869281047 0.45358455882352944 0.008169934640522876 0.017463235294117647
0 0.17136437908496732 0.5482536764705882 0.010620915032679739 0.011029411764705883
0 0.16727941176470587 0.5680147058823529 0.006944444444444444 0.00857843137254902
0 0.38623366013071897 0.4543504901960784 0.061683006535947715 0.027879901960784315
0 0.37397875816993464 0.6334252450980392 0.023284313725490197 0.023590686274509803
0 0.5814950980392157 0.602328431372549 0.011029411764705883 0.011642156862745098
0 0.622140522875817 0.6380208333333334 0.00857843137254902 0.01011029411764706