4 0.5891544117647058 0.5556832107843137 0.04003267973856209 0.04381127450980392
4 0.46170343137254904 0.547640931372549 0.039624183006535946 0.03875612745098039
4 0.5209354575163399 0.5293351715686274 0.028594771241830064 0.03799019607843137
0 0.46017156862745096 0.5916819852941176 0.009395424836601307 0.009344362745098039
0 0.5281862745098039 0.6464460784313726 0.012050653594771242 0.00980392156862745
0 0.6227532679738562 0.6134344362745098 0.013480392156862746 0.010876225490196078
0 0.5730187908496732 0.5981924019607843 0.011029411764705883 0.00857843137254902
0 0.5824142156862745 0.6099111519607843 0.011029411764705883 0.0070465686274509805
0 0.5990604575163399 0.6614583333333334 0.024509803921568627 0.02420343137254902
0 0.5570874183006536 0.6634497549019608 0.010416666666666666 0.006280637254901961
0 0.4831495098039216 0.6548713235294118 0.007352941176470588 0.0078125
0 0.46803513071895425 0.6557904411764706 0.013480392156862746 0.01838235294117647
0 0.4401552287581699 0.6361060049019608 0.008782679738562092 0.0078125
0 0.41799428104575165 0.6260723039215687 0.008374183006535947 0.006587009803921569
0 0.4127859477124183 0.6086856617647058 0.008374183006535947 0.006280637254901961
0 0.4273897058823529 0.6114430147058824 0.014501633986928105 0.01011029411764706
0 0.4870302287581699 0.5840992647058824 0.00980392156862745 0.00857843137254902
0 0.46854575163398693 0.6135876225490197 0.009395424836601307 0.008272058823529412
0 0.47375408496732024 0.5969669117647058 0.007352941176470588 0.0078125