0 0.4122753267973856 0.5332414215686274 0.010416666666666666 0.00980392156862745
0 0.4210580065359477 0.5584405637254902 0.016748366013071895 0.012561274509803922
0 0.421875 0.5943627450980392 0.011029411764705883 0.0078125
0 0.45782271241830064 0.6400888480392157 0.013071895424836602 0.012561274509803922
0 0.4557802287581699 0.6528033088235294 0.01613562091503268 0.01133578431372549
0 0.5276756535947712 0.7009037990196079 0.013071895424836602 0.008272058823529412
0 0.5076593137254902 0.7026654411764706 0.008374183006535947 0.0055147058823529415
0 0.5315563725490197 0.6389399509803921 0.018790849673202614 0.012561274509803922
0 0.5568831699346405 0.6443780637254902 0.025531045751633986 0.018688725490196078
0 0.5362540849673203 0.6612285539215687 0.011437908496732025 0.0078125
4 0.5396241830065359 0.5865502450980392 0.07352941176470588 0.03201593137254902
4 0.6170343137254902 0.5908394607843137 0.024918300653594773 0.050091911764705885
0 0.46721813725490197 0.4841452205882353 0.00980392156862745 0.010876225490196078