12 0.2877859477124183 0.48223039215686275 0.035130718954248366 0.011948529411764705
0 0.24162581699346405 0.4606311274509804 0.008986928104575163 0.016544117647058824
0 0.25 0.4336703431372549 0.013071895424836602 0.00857843137254902
0 0.309640522875817 0.40471813725490197 0.014705882352941176 0.011029411764705883
0 0.3743872549019608 0.4306066176470588 0.017973856209150325 0.010723039215686275
0 0.49979575163398693 0.47012867647058826 0.014297385620915032 0.012254901960784314
0 0.5265522875816994 0.5029105392156863 0.01919934640522876 0.014399509803921568
0 0.4113562091503268 0.39200367647058826 0.014297385620915032 0.009497549019607842
0 0.4438316993464052 0.42202818627450983 0.015522875816993464 0.012867647058823529
0 0.5663807189542484 0.6099877450980392 0.022058823529411766 0.015931372549019607
0 0.5410539215686274 0.6507352941176471 0.018790849673202614 0.015318627450980392
0 0.5465686274509803 0.47457107843137253 0.012254901960784314 0.00980392156862745
4 0.47324346405228757 0.6386335784313726 0.09191176470588236 0.06587009803921569
0 0.5594362745098039 0.6939338235294118 0.014705882352941176 0.010416666666666666
0 0.4918300653594771 0.7486213235294118 0.017973856209150325 0.012254901960784314
12 0.3090277777777778 0.5474877450980392 0.04656862745098039 0.010723039215686275