0 0.44267676767676767 0.26193181818181815 0.0297979797979798 0.02234848484848485
0 0.38535353535353534 0.3001893939393939 0.024747474747474747 0.020454545454545454
0 0.3277777777777778 0.27386363636363636 0.026262626262626262 0.018560606060606062
0 0.2681818181818182 0.2765151515151515 0.03282828282828283 0.018560606060606062
0 0.3287878787878788 0.3693181818181818 0.028282828282828285 0.013257575757575758
0 0.3664141414141414 0.3859848484848485 0.03434343434343434 0.014393939393939395
0 0.39545454545454545 0.33560606060606063 0.029292929292929294 0.025
12 0.44722222222222224 0.30416666666666664 0.11313131313131314 0.015151515151515152
12 0.4383838383838384 0.2159090909090909 0.12878787878787878 0.0125
0 0.44545454545454544 0.4297348484848485 0.024747474747474747 0.018560606060606062
0 0.44974747474747473 0.36799242424242423 0.021212121212121213 0.013257575757575758
0 0.5386363636363637 0.3763257575757576 0.05555555555555555 0.04962121212121212
0 0.4159090909090909 0.5619318181818181 0.023737373737373738 0.023106060606060606
4 0.425 0.7147727272727272 0.08636363636363636 0.07954545454545454
0 0.6189393939393939 0.6799242424242424 0.08383838383838384 0.08409090909090909
4 0.23585858585858585 0.6543560606060606 0.1111111111111111 0.08484848484848485
4 0.3207070707070707 0.9861742424242425 0.03686868686868687 0.020454545454545454
12 0.4643939393939394 0.19318181818181818 0.0696969696969697 0.018560606060606062