12 0.4318181818181818 0.23125 0.23535353535353534 0.015151515151515152
12 0.44494949494949493 0.2634469696969697 0.19494949494949496 0.020075757575757577
4 0.426010101010101 0.18541666666666667 0.12373737373737374 0.05113636363636364
4 0.46464646464646464 0.5685606060606061 0.1202020202020202 0.09962121212121212
4 0.5881313131313132 0.6009469696969697 0.12828282828282828 0.06287878787878788
4 0.35883838383838385 0.5274621212121212 0.09898989898989899 0.08371212121212121
4 0.2679292929292929 0.5880681818181818 0.08484848484848485 0.12196969696969696
0 0.5659090909090909 0.7535984848484848 0.026767676767676767 0.022727272727272728
0 0.7101010101010101 0.562689393939394 0.024747474747474747 0.023484848484848483
0 0.7159090909090909 0.3422348484848485 0.027777777777777776 0.016666666666666666
0 0.2388888888888889 0.33882575757575756 0.023232323232323233 0.015151515151515152
0 0.2638888888888889 0.3626893939393939 0.02878787878787879 0.020075757575757577
0 0.6116161616161616 0.2875 0.025757575757575757 0.01818181818181818
0 0.8005050505050505 0.4375 0.03585858585858586 0.024242424242424242
0 0.2803030303030303 0.45454545454545453 0.01919191919191919 0.019318181818181818