0 0.5428879310344827 0.2419041450777202 0.03836206896551724 0.01878238341968912
0 0.49245689655172414 0.2511334196891192 0.02327586206896552 0.021696891191709845
0 0.47995689655172413 0.2806023316062176 0.015948275862068966 0.01327720207253886
0 0.4879310344827586 0.29533678756476683 0.01810344827586207 0.011981865284974092
0 0.46357758620689654 0.30505181347150256 0.013793103448275862 0.010362694300518135
0 0.3883620689655172 0.27266839378238344 0.015948275862068966 0.011981865284974092
0 0.3732758620689655 0.2608484455958549 0.0125 0.013601036269430052
0 0.3446120689655172 0.25825777202072536 0.013793103448275862 0.014572538860103627
0 0.3252155172413793 0.2851360103626943 0.013362068965517242 0.011658031088082901
0 0.3019396551724138 0.2496761658031088 0.01810344827586207 0.01327720207253886
0 0.35043103448275864 0.19753886010362695 0.02586206896551724 0.01522020725388601
0 0.4019396551724138 0.23056994818652848 0.011206896551724138 0.011010362694300517
0 0.4704741379310345 0.19430051813471502 0.016810344827586206 0.014248704663212436
0 0.6271551724137931 0.21162564766839378 0.013793103448275862 0.017487046632124352
0 0.6120689655172413 0.2610103626943005 0.014655172413793103 0.016191709844559584
0 0.44633620689655173 0.41564119170984454 0.02456896551724138 0.015867875647668395
0 0.28857758620689655 0.4587111398963731 0.01939655172413793 0.01878238341968912
0 0.30495689655172414 0.5218588082901554 0.02456896551724138 0.02299222797927461
0 0.277801724137931 0.5118199481865285 0.021551724137931036 0.015867875647668395
0 0.2545258620689655 0.4834844559585492 0.03017241379310345 0.017810880829015545
0 0.688146551724138 0.44511010362694303 0.03793103448275862 0.04825129533678756
0 0.6894396551724138 0.48235103626943004 0.01939655172413793 0.020077720207253884
0 0.659051724137931 0.5252590673575129 0.01896551724137931 0.017487046632124352
0 0.6131465517241379 0.5943976683937824 0.022413793103448276 0.011658031088082901