0 0.48642241379310347 0.510038860103627 0.032327586206896554 0.03173575129533679
0 0.4627155172413793 0.5391839378238342 0.05560344827586207 0.029145077720207253
0 0.5448275862068965 0.5163536269430051 0.016810344827586206 0.021696891191709845
0 0.4855603448275862 0.572538860103627 0.027155172413793102 0.022344559585492228
0 0.5202586206896552 0.5652525906735751 0.03879310344827586 0.021696891191709845
0 0.4366379310344828 0.6220854922279793 0.027155172413793102 0.02104922279792746
0 0.3752155172413793 0.7346178756476683 0.014224137931034483 0.010686528497409326
0 0.24504310344827587 0.33694948186528495 0.06163793103448276 0.03367875647668394
0 0.5079741379310345 0.34196891191709844 0.039655172413793106 0.043717616580310883
0 0.55625 0.49319948186528495 0.01939655172413793 0.02461139896373057
0 0.4370689655172414 0.27380181347150256 0.026293103448275863 0.02655440414507772
0 0.3435344827586207 0.33662564766839376 0.03362068965517241 0.027849740932642485
0 0.10064655172413793 0.38325777202072536 0.028017241379310345 0.025906735751295335
0 0.17198275862068965 0.2924222797927461 0.04224137931034483 0.019753886010362695
12 0.19978448275862068 0.41985103626943004 0.04051724137931034 0.06217616580310881
0 0.3728448275862069 0.2692681347150259 0.01939655172413793 0.021696891191709845