0 0.33786701208981 0.529630829015544 0.014248704663212436 0.011981865284974092
0 0.3590241796200345 0.5242875647668394 0.015544041450777202 0.013601036269430052
0 0.3853626943005181 0.5527849740932642 0.02461139896373057 0.02461139896373057
0 0.3696027633851468 0.5710816062176166 0.013385146804835924 0.009715025906735751
0 0.42940414507772023 0.6645077720207254 0.02072538860103627 0.014572538860103627
0 0.4682642487046632 0.6512305699481865 0.018134715025906734 0.027849740932642485
1 0.6582469775474957 0.5297927461139896 0.009499136442141624 0.008743523316062176
0 0.6498272884283247 0.5343264248704663 0.03238341968911917 0.03950777202072539
0 0.6323402417962003 0.5535945595854922 0.03065630397236615 0.02882124352331606
0 0.6038428324697754 0.5576424870466321 0.015112262521588947 0.01133419689119171
0 0.5472797927461139 0.40835492227979275 0.013385146804835924 0.008095854922279792