0 0.73828125 0.45 0.01875 0.0078125
0 0.515625 0.4955078125 0.017708333333333333 0.012109375
0 0.5322916666666667 0.483203125 0.0125 0.00703125
0 0.48098958333333336 0.4935546875 0.015625 0.0109375
0 0.48411458333333335 0.5162109375 0.015104166666666667 0.008203125
0 0.4596354166666667 0.5205078125 0.011458333333333333 0.008203125
0 0.4934895833333333 0.5306640625 0.019270833333333334 0.012109375
0 0.49973958333333335 0.5529296875 0.0171875 0.016015625
0 0.4984375 0.5765625 0.0171875 0.012890625
0 0.52109375 0.5611328125 0.0171875 0.008984375
0 0.5723958333333333 0.5212890625 0.013541666666666667 0.010546875
0 0.57890625 0.495703125 0.0140625 0.009375
0 0.5403645833333334 0.447265625 0.013541666666666667 0.010546875
0 0.5450520833333333 0.409375 0.011979166666666667 0.01015625
0 0.6247395833333333 0.441015625 0.015104166666666667 0.01015625
0 0.6354166666666666 0.4009765625 0.0140625 0.009765625
0 0.55859375 0.624609375 0.020833333333333332 0.01484375
0 0.5747395833333333 0.567578125 0.0203125 0.0140625
0 0.5565104166666667 0.6564453125 0.017708333333333333 0.015625
0 0.5330729166666667 0.6552734375 0.008854166666666666 0.009375
4 0.6549479166666666 0.665625 0.08802083333333334 0.1078125