0 0.3310723514211886 0.6247577519379846 0.009366925064599484 0.00872093023255814
0 0.23804909560723514 0.5972625968992248 0.009366925064599484 0.010174418604651164
0 0.2567829457364341 0.6390503875968992 0.010981912144702842 0.012354651162790697
0 0.3695090439276486 0.6405038759689923 0.010012919896640826 0.011627906976744186
0 0.3884043927648579 0.606468023255814 0.011627906976744186 0.010174418604651164
0 0.40891472868217055 0.5547480620155039 0.010012919896640826 0.012112403100775194
0 0.37516149870801035 0.6504360465116279 0.013565891472868217 0.009205426356589148
0 0.32299741602067183 0.6654554263565892 0.014211886304909561 0.01065891472868217
0 0.3221899224806202 0.7199612403100775 0.01614987080103359 0.013323643410852713
0 0.6863695090439277 0.6115552325581395 0.016472868217054265 0.012112403100775194
0 0.6377583979328165 0.6196705426356589 0.016472868217054265 0.011627906976744186
4 0.6401808785529716 0.5746124031007752 0.12241602067183463 0.14970930232558138
0 0.651001291989664 0.595687984496124 0.013565891472868217 0.01065891472868217
0 0.6183785529715762 0.6455910852713178 0.01227390180878553 0.013323643410852713
0 0.6044896640826873 0.595203488372093 0.01776485788113695 0.014292635658914728
0 0.5939922480620154 0.5804263565891473 0.0103359173126615 0.00872093023255814
0 0.5277777777777778 0.5545058139534884 0.018410852713178296 0.014292635658914728
0 0.6802325581395349 0.6906492248062015 0.015503875968992248 0.008236434108527133
0 0.7307816537467701 0.7074854651162791 0.014211886304909561 0.013323643410852713
0 0.7621124031007752 0.5893895348837209 0.009366925064599484 0.007751937984496124
0 0.7361111111111112 0.591327519379845 0.013565891472868217 0.008478682170542635
0 0.6484173126614987 0.6957364341085271 0.015503875968992248 0.012596899224806201
0 0.5729974160206718 0.6606104651162791 0.014534883720930232 0.012596899224806201
0 0.5476421188630491 0.668968023255814 0.015180878552971577 0.009689922480620155
0 0.5447351421188631 0.6242732558139535 0.014534883720930232 0.013323643410852713
0 0.5205103359173127 0.5807897286821705 0.014211886304909561 0.00944767441860465
0 0.5684754521963824 0.6115552325581395 0.017118863049095608 0.015988372093023256
4 0.5421511627906976 0.4491279069767442 0.06782945736434108 0.1375968992248062
0 0.6584302325581395 0.34593023255813954 0.02616279069767442 0.018653100775193797
0 0.5531330749354005 0.2870639534883721 0.018733850129198967 0.013565891472868217
0 0.5494186046511628 0.30462693798449614 0.011304909560723515 0.005813953488372093
0 0.584625322997416 0.3404796511627907 0.01937984496124031 0.02810077519379845
0 0.5098514211886305 0.3322432170542636 0.01776485788113695 0.011627906976744186
0 0.4814276485788114 0.34568798449612403 0.01937984496124031 0.012839147286821706
0 0.5513565891472868 0.36579457364341084 0.014211886304909561 0.014050387596899225
0 0.5302002583979328 0.3025678294573643 0.0103359173126615 0.00944767441860465
0 0.49967700258397935 0.31443798449612403 0.02454780361757106 0.003633720930232558
0 0.5484496124031008 0.24297480620155038 0.011304909560723515 0.011385658914728682
0 0.6351744186046512 0.2616279069767442 0.01614987080103359 0.012112403100775194
0 0.650032299741602 0.3701550387596899 0.02099483204134367 0.011627906976744186
4 0.45122739018087854 0.44525193798449614 0.09754521963824289 0.07897286821705427
4 0.5607235142118863 0.5679505813953488 0.04102067183462532 0.06177325581395349
0 0.6686046511627907 0.2966327519379845 0.012919896640826873 0.014777131782945737
0 0.5791343669250646 0.31637596899224807 0.012596899224806201 0.008963178294573644
0 0.6040051679586563 0.3026889534883721 0.011950904392764857 0.013565891472868217
0 0.6356589147286822 0.3541666666666667 0.015180878552971577 0.011627906976744186
0 0.5476421188630491 0.3541666666666667 0.023578811369509043 0.007751937984496124
0 0.5931847545219638 0.40588662790697677 0.013565891472868217 0.013565891472868217