0 0.4882105943152455 0.44367732558139533 0.01776485788113695 0.014292635658914728
4 0.3809754521963824 0.5495397286821705 0.047157622739018086 0.04433139534883721
0 0.41957364341085274 0.5769137596899225 0.018410852713178296 0.021560077519379845
0 0.4765826873385013 0.5565649224806202 0.01970284237726098 0.011385658914728682
0 0.5025839793281653 0.5123546511627907 0.020348837209302327 0.014292635658914728
0 0.393733850129199 0.5971414728682171 0.009689922480620155 0.01187015503875969
0 0.4481589147286822 0.6745397286821705 0.013888888888888888 0.010416666666666666
0 0.5478036175710594 0.532703488372093 0.01905684754521964 0.013808139534883721
0 0.5143733850129198 0.45506298449612403 0.012596899224806201 0.00993217054263566
0 0.500968992248062 0.47153585271317827 0.0103359173126615 0.013323643410852713
0 0.5592700258397932 0.39256298449612403 0.011950904392764857 0.015746124031007752
0 0.5022609819121447 0.36603682170542634 0.023578811369509043 0.016715116279069766
0 0.5032299741602068 0.40758236434108525 0.020348837209302327 0.01623062015503876
0 0.5402131782945736 0.37536337209302323 0.02099483204134367 0.021560077519379845
0 0.5739664082687338 0.35319767441860467 0.02422480620155039 0.030523255813953487
0 0.39341085271317827 0.3273982558139535 0.03682170542635659 0.03682170542635659
0 0.5439276485788114 0.3065649224806202 0.021640826873385012 0.015746124031007752
0 0.5337532299741602 0.562984496124031 0.023578811369509043 0.022044573643410854
0 0.437984496124031 0.6062257751937985 0.01582687338501292 0.014292635658914728
0 0.41828165374677 0.6625484496124031 0.013242894056847546 0.01187015503875969
0 0.5340762273901809 0.6081637596899225 0.013888888888888888 0.012354651162790697
0 0.5108204134366925 0.5998062015503876 0.017118863049095608 0.00944767441860465
0 0.5436046511627907 0.5921753875968992 0.0103359173126615 0.008963178294573644
0 0.5805878552971576 0.5828488372093024 0.013888888888888888 0.00993217054263566
0 0.7398255813953488 0.5926598837209303 0.02422480620155039 0.019622093023255814
0 0.6327519379844961 0.49212693798449614 0.0103359173126615 0.023013565891472867
0 0.6337209302325582 0.5248304263565892 0.011304909560723515 0.010901162790697675
0 0.6333979328165374 0.5513565891472868 0.018410852713178296 0.015746124031007752
0 0.5612080103359173 0.4624515503875969 0.023578811369509043 0.020591085271317828
0 0.5678294573643411 0.5715843023255814 0.02099483204134367 0.014777131782945737
0 0.5560400516795866 0.40491763565891475 0.061692506459948324 0.03439922480620155
0 0.5665374677002584 0.4309593023255814 0.02099483204134367 0.020591085271317828
0 0.4446059431524548 0.31976744186046513 0.03682170542635659 0.018653100775193797
0 0.5061369509043928 0.3483527131782946 0.032622739018087855 0.020591085271317828
0 0.501937984496124 0.2084544573643411 0.016472868217054265 0.013323643410852713