0 0.7303540587219344 0.5105246113989638 0.012089810017271158 0.01133419689119171
0 0.5852763385146805 0.5315738341968912 0.017271157167530225 0.023639896373056996
0 0.5544041450777202 0.532869170984456 0.018998272884283247 0.015544041450777202
0 0.6113989637305699 0.5576424870466321 0.02072538860103627 0.025259067357512953
0 0.5056131260794473 0.5349740932642487 0.020293609671848015 0.01133419689119171
0 0.4930915371329879 0.5780440414507773 0.02677029360967185 0.013924870466321243
0 0.5809585492227979 0.5780440414507773 0.033246977547495685 0.01133419689119171
0 0.5595854922279793 0.555699481865285 0.038860103626943004 0.022344559585492228
0 0.45099309153713296 0.5003238341968912 0.018998272884283247 0.012629533678756476
0 0.48877374784110533 0.3246437823834197 0.022452504317789293 0.013924870466321243
0 0.6319084628670121 0.6743847150259067 0.03151986183074266 0.012953367875647668
0 0.680699481865285 0.6643458549222798 0.023316062176165803 0.012305699481865285