0 0.4708333333333333 0.51984375 0.05763888888888889 0.0171875
4 0.29791666666666666 0.59796875 0.09722222222222222 0.0321875
0 0.6 0.58421875 0.041666666666666664 0.033125
0 0.5260416666666666 0.47859375 0.02013888888888889 0.01375
0 0.49166666666666664 0.44890625 0.019444444444444445 0.0096875
0 0.2076388888888889 0.5596875 0.027777777777777776 0.0171875
0 0.2204861111111111 0.58078125 0.022916666666666665 0.0125
0 0.21909722222222222 0.605 0.02013888888888889 0.0125
0 0.3055555555555556 0.6953125 0.027777777777777776 0.0134375
0 0.2864583333333333 0.61578125 0.029861111111111113 0.0128125
0 0.2586805555555556 0.6009375 0.02638888888888889 0.0121875
0 0.44027777777777777 0.7140625 0.024305555555555556 0.0103125
0 0.396875 0.7225 0.027777777777777776 0.01125
0 0.34618055555555555 0.74125 0.04236111111111111 0.01375
0 0.46631944444444445 0.74828125 0.03333333333333333 0.010625
0 0.44548611111111114 0.73125 0.027777777777777776 0.0103125
0 0.5833333333333334 0.69296875 0.03194444444444444 0.01875
0 0.6822916666666666 0.5984375 0.02361111111111111 0.0134375
0 0.63125 0.59234375 0.020833333333333332 0.0096875
0 0.615625 0.60578125 0.024305555555555556 0.01875
0 0.6559027777777777 0.63484375 0.024305555555555556 0.0109375
0 0.6670138888888889 0.618125 0.04027777777777778 0.0153125
0 0.6326388888888889 0.61265625 0.02847222222222222 0.01375
0 0.7263888888888889 0.57578125 0.02361111111111111 0.0125
0 0.6225694444444444 0.6684375 0.027777777777777776 0.0171875
0 0.428125 0.6 0.019444444444444445 0.009375