4 0.5614583333333333 0.55453125 0.15694444444444444 0.0421875
0 0.4482638888888889 0.5271875 0.04375 0.025
0 0.6045138888888889 0.614375 0.050694444444444445 0.0171875
0 0.6680555555555555 0.56921875 0.03125 0.016875
0 0.6732638888888889 0.5271875 0.029861111111111113 0.021875
0 0.5541666666666667 0.583125 0.03333333333333333 0.0165625
0 0.3840277777777778 0.53953125 0.022916666666666665 0.0153125
0 0.3576388888888889 0.548125 0.020833333333333332 0.0128125
0 0.35381944444444446 0.5275 0.021527777777777778 0.011875
4 0.17916666666666667 0.58546875 0.044444444444444446 0.036875
0 0.4684027777777778 0.6590625 0.0375 0.01375
0 0.371875 0.71671875 0.02638888888888889 0.0103125
0 0.5354166666666667 0.64859375 0.04236111111111111 0.0153125
0 0.2743055555555556 0.4775 0.03819444444444445 0.0196875
0 0.40868055555555555 0.39953125 0.04097222222222222 0.014375
0 0.6309027777777778 0.5046875 0.0375 0.0153125
0 0.434375 0.60515625 0.03125 0.010625