0 0.5833333333333334 0.49796875 0.035416666666666666 0.0203125
12 0.6361111111111111 0.469375 0.020833333333333332 0.0384375
4 0.2899305555555556 0.54109375 0.10902777777777778 0.033125
0 0.3013888888888889 0.5134375 0.06875 0.02875
0 0.228125 0.47015625 0.04236111111111111 0.015625
0 0.19270833333333334 0.49359375 0.029861111111111113 0.014375
0 0.21666666666666667 0.4303125 0.029166666666666667 0.00625
0 0.5447916666666667 0.5209375 0.029861111111111113 0.0115625
0 0.2545138888888889 0.63921875 0.04236111111111111 0.0159375
0 0.2520833333333333 0.6875 0.035416666666666666 0.0159375
0 0.3715277777777778 0.71078125 0.01875 0.0084375
0 0.37395833333333334 0.6959375 0.0125 0.014375
0 0.3315972222222222 0.67953125 0.01597222222222222 0.0103125
0 0.2878472222222222 0.568125 0.07152777777777777 0.0159375
0 0.23993055555555556 0.49734375 0.034027777777777775 0.0178125
0 0.5993055555555555 0.63390625 0.029861111111111113 0.0096875
0 0.6166666666666667 0.60921875 0.021527777777777778 0.0178125