0 0.3314525462962963 0.2735460069444444 0.03761574074074074 0.026475694444444444
0 0.33217592592592593 0.3233506944444444 0.02980324074074074 0.025173611111111112
0 0.29007523148148145 0.3304036458333333 0.02662037037037037 0.021701388888888888
0 0.29398148148148145 0.2875434027777778 0.02199074074074074 0.020616319444444444
0 0.30179398148148145 0.3617621527777778 0.04369212962962963 0.03407118055555555
0 0.2829861111111111 0.4048394097222222 0.02488425925925926 0.027560763888888888
0 0.25289351851851855 0.4203559027777778 0.04137731481481482 0.019965277777777776
0 0.2622974537037037 0.4503038194444444 0.05381944444444445 0.054036458333333336
0 0.3259548611111111 0.4210069444444444 0.046875 0.037543402777777776
0 0.3521412037037037 0.3555772569444444 0.03674768518518518 0.029947916666666668
0 0.3741319444444444 0.4007161458333333 0.05092592592592592 0.029947916666666668
0 0.3951099537037037 0.4420572916666667 0.06655092592592593 0.056206597222222224
0 0.49204282407407407 0.4379340277777778 0.04137731481481482 0.026909722222222224
0 0.5030381944444444 0.4869791666666667 0.04456018518518518 0.025173611111111112
0 0.6206597222222222 0.4549696180555556 0.03443287037037037 0.024522569444444444
0 0.5870949074074074 0.5095486111111112 0.04369212962962963 0.030381944444444444
0 0.5737847222222222 0.5590277777777778 0.05005787037037037 0.03233506944444445
0 0.7081886574074074 0.4370659722222222 0.03125 0.016927083333333332
0 0.7094907407407407 0.4122178819444444 0.024305555555555556 0.019965277777777776
0 0.6624710648148148 0.4106987847222222 0.04918981481481482 0.04513888888888889
0 0.6649305555555556 0.3562282986111111 0.06018518518518518 0.034505208333333336
0 0.6480034722222222 0.3033854166666667 0.03269675925925926 0.03689236111111111
0 0.6820023148148148 0.2644314236111111 0.05237268518518518 0.031684027777777776
0 0.7281539351851852 0.27734375 0.021122685185185185 0.017578125
0 0.6488715277777778 0.2306857638888889 0.04369212962962963 0.027560763888888888
0 0.5721932870370371 0.2380642361111111 0.03761574074074074 0.031684027777777776
0 0.6089409722222222 0.2485894097222222 0.03443287037037037 0.018663194444444444
0 0.49985532407407407 0.2820095486111111 0.03211805555555555 0.022352430555555556
0 0.5147569444444444 0.2518446180555556 0.06018518518518518 0.022786458333333332
0 0.5847800925925926 0.3071831597222222 0.05005787037037037 0.03515625
0 0.53515625 0.2934027777777778 0.03819444444444445 0.05099826388888889
0 0.5354456018518519 0.3474392361111111 0.03269675925925926 0.021701388888888888
0 0.5515046296296297 0.3931206597222222 0.03993055555555555 0.03819444444444445
0 0.4908854166666667 0.3658854166666667 0.0720486111111111 0.09375
0 0.41507523148148145 0.3148871527777778 0.0390625 0.028211805555555556
0 0.42332175925925924 0.3471137152777778 0.04918981481481482 0.04578993055555555
0 0.39091435185185186 0.2497829861111111 0.03761574074074074 0.026909722222222224
0 0.41203703703703703 0.2782118055555556 0.0625 0.046223958333333336
0 0.7724247685185185 0.3514539930555556 0.04224537037037037 0.03342013888888889
0 0.8161168981481481 0.3221571180555556 0.04369212962962963 0.052083333333333336
0 0.8153935185185185 0.4210069444444444 0.02662037037037037 0.018663194444444444
0 0.8195891203703703 0.4555121527777778 0.027488425925925927 0.024522569444444444
0 0.7476851851851852 0.3855251736111111 0.024305555555555556 0.022786458333333332
0 0.7301793981481481 0.2565104166666667 0.02199074074074074 0.014756944444444444
0 0.7081886574074074 0.3570963541666667 0.02806712962962963 0.015190972222222222
0 0.5956307870370371 0.4080946180555556 0.03761574074074074 0.032769097222222224
0 0.5538194444444444 0.4716796875 0.04456018518518518 0.03819444444444445
0 0.5640914351851852 0.6150173611111112 0.024305555555555556 0.024522569444444444
0 0.5390625 0.6258680555555556 0.021122685185185185 0.016927083333333332
0 0.5050636574074074 0.6353081597222222 0.0234375 0.020616319444444444
0 0.4017650462962963 0.6765407986111112 0.02806712962962963 0.018663194444444444
0 0.33695023148148145 0.7094184027777778 0.02488425925925926 0.03993055555555555
0 0.3342013888888889 0.7686631944444444 0.03211805555555555 0.018663194444444444
0 0.2818287037037037 0.7082248263888888 0.019675925925925927 0.03515625
0 0.25636574074074076 0.8079427083333334 0.03761574074074074 0.025824652777777776
0 0.3893229166666667 0.8102213541666666 0.02488425925925926 0.019965277777777776
0 0.45298032407407407 0.8659939236111112 0.04918981481481482 0.030381944444444444
0 0.39988425925925924 0.9741753472222222 0.030381944444444444 0.026475694444444444
0 0.6820023148148148 0.919921875 0.03993055555555555 0.031684027777777776
0 0.6652199074074074 0.8530815972222222 0.02025462962962963 0.021050347222222224
0 0.5917245370370371 0.7666015625 0.04050925925925926 0.026475694444444444
0 0.6433738425925926 0.6642795138888888 0.02199074074074074 0.022352430555555556
0 0.6082175925925926 0.5883246527777778 0.02199074074074074 0.027560763888888888
0 0.8216145833333334 0.7335069444444444 0.015625 0.0234375
0 0.7903645833333334 0.7352430555555556 0.0234375 0.03993055555555555
0 0.7594039351851852 0.8067491319444444 0.03356481481481482 0.03993055555555555
0 0.7133969907407407 0.7038845486111112 0.021122685185185185 0.018229166666666668
0 0.8326099537037037 0.3600260416666667 0.02025462962962963 0.016493055555555556
0 0.7042824074074074 0.3207465277777778 0.01707175925925926 0.022352430555555556
0 0.7566550925925926 0.3125 0.04861111111111111 0.03515625
0 0.7777777777777778 0.8518880208333334 0.0234375 0.017578125