0 0.38266782407407407 0.5396050347222222 0.05237268518518518 0.032769097222222224
0 0.31929976851851855 0.6156684027777778 0.030381944444444444 0.025824652777777776
0 0.32407407407407407 0.6692708333333334 0.027488425925925927 0.024088541666666668
0 0.37528935185185186 0.6906467013888888 0.04369212962962963 0.05164930555555555
0 0.2912326388888889 0.7445746527777778 0.07725694444444445 0.056206597222222224
0 0.37094907407407407 0.8008897569444444 0.028935185185185185 0.019965277777777776
0 0.4984085648148148 0.6976996527777778 0.03819444444444445 0.029296875
0 0.5339988425925926 0.7152777777777778 0.04542824074074074 0.028211805555555556
0 0.5248842592592593 0.6329210069444444 0.030381944444444444 0.06380208333333333
0 0.6261574074074074 0.5740017361111112 0.01707175925925926 0.024522569444444444
0 0.5625 0.5144314236111112 0.028935185185185185 0.024088541666666668
0 0.6284722222222222 0.4725477430555556 0.02199074074074074 0.016493055555555556
0 0.4552951388888889 0.5511067708333334 0.024305555555555556 0.016493055555555556
0 0.44328703703703703 0.5789930555555556 0.02980324074074074 0.016927083333333332
0 0.48191550925925924 0.6015625 0.025752314814814815 0.025824652777777776
0 0.48625578703703703 0.6355251736111112 0.03125 0.028211805555555556
0 0.4361979166666667 0.6657986111111112 0.03125 0.031032986111111112
0 0.3900462962962963 0.3646918402777778 0.0234375 0.016493055555555556
0 0.35532407407407407 0.3790147569444444 0.05700231481481482 0.024088541666666668
0 0.14192708333333334 0.3435329861111111 0.03356481481481482 0.030381944444444444
0 0.13440393518518517 0.2746310763888889 0.02488425925925926 0.019314236111111112
0 0.16608796296296297 0.2339409722222222 0.03530092592592592 0.026909722222222224
0 0.14655671296296297 0.3154296875 0.025752314814814815 0.018663194444444444
0 0.32045717592592593 0.3309461805555556 0.02980324074074074 0.016927083333333332
0 0.3307291666666667 0.5655381944444444 0.0390625 0.053385416666666664
0 0.43344907407407407 0.7088758680555556 0.022569444444444444 0.017578125
0 0.36357060185185186 0.7557508680555556 0.04224537037037037 0.017578125
0 0.3819444444444444 0.7364366319444444 0.04600694444444445 0.026909722222222224
0 0.26273148148148145 0.8043619791666666 0.03125 0.028211805555555556
0 0.3002025462962963 0.7786458333333334 0.03761574074074074 0.021050347222222224
0 0.4017650462962963 0.8267144097222222 0.02488425925925926 0.014105902777777778
0 0.39207175925925924 0.7853732638888888 0.011863425925925927 0.020616319444444444
0 0.4249131944444444 0.7528211805555556 0.025752314814814815 0.016493055555555556
0 0.43778935185185186 0.7240668402777778 0.02806712962962963 0.026909722222222224
0 0.30570023148148145 0.7018229166666666 0.02662037037037037 0.015190972222222222