0 0.5979456018518519 0.5757378472222222 0.030381944444444444 0.026041666666666668
0 0.6148726851851852 0.5049913194444444 0.02199074074074074 0.021701388888888888
0 0.6733217592592593 0.4947916666666667 0.07609953703703703 0.026692708333333332
0 0.6859085648148148 0.5913628472222222 0.0931712962962963 0.10026041666666667
0 0.7643229166666666 0.5773654513888888 0.03993055555555555 0.080078125
0 0.7753182870370371 0.6993272569444444 0.034722222222222224 0.03927951388888889
0 0.796875 0.6605902777777778 0.06278935185185185 0.025390625
0 0.6821469907407407 0.6812065972222222 0.07696759259259259 0.048828125
0 0.7427662037037037 0.7472873263888888 0.1032986111111111 0.04513888888888889
0 0.5931712962962963 0.6291232638888888 0.03125 0.024739583333333332
0 0.6076388888888888 0.677734375 0.036458333333333336 0.031684027777777776
0 0.4788773148148148 0.6967230902777778 0.04137731481481482 0.029296875
0 0.4988425925925926 0.6719835069444444 0.030381944444444444 0.03298611111111111
0 0.4526909722222222 0.5970052083333334 0.03819444444444445 0.060980902777777776
0 0.4916087962962963 0.6129557291666666 0.029513888888888888 0.022786458333333332
0 0.5661168981481481 0.7466362847222222 0.029513888888888888 0.0234375
0 0.37644675925925924 0.7952473958333334 0.022858796296296297 0.025390625
0 0.7553530092592593 0.8275824652777778 0.05237268518518518 0.021701388888888888
0 0.8379629629629629 0.8317057291666666 0.03819444444444445 0.026041666666666668
0 0.7071759259259259 0.9130859375 0.035590277777777776 0.015842013888888888
0 0.7317708333333334 0.7850477430555556 0.04398148148148148 0.020399305555555556
0 0.8291377314814815 0.7746310763888888 0.04224537037037037 0.03233506944444445
0 0.7537615740740741 0.3454861111111111 0.023726851851851853 0.017795138888888888
0 0.7113715277777778 0.3581814236111111 0.054108796296296294 0.025390625
0 0.7199074074074074 0.3055555555555556 0.04050925925925926 0.027994791666666668
0 0.7601273148148148 0.2511935763888889 0.044849537037037035 0.028645833333333332
0 0.8379629629629629 0.2795138888888889 0.03993055555555555 0.03819444444444445
0 0.8252314814814815 0.3245442708333333 0.06018518518518518 0.04578993055555555
0 0.8900462962962963 0.3375651041666667 0.06278935185185185 0.04123263888888889