0 0.15896739130434784 0.4515964673913043 0.021739130434782608 0.018002717391304348
0 0.13541666666666666 0.38298233695652173 0.015398550724637682 0.027853260869565216
0 0.4988677536231884 0.4427649456521739 0.015398550724637682 0.013247282608695652
0 0.5253623188405797 0.43800951086956524 0.019927536231884056 0.013247282608695652
0 0.5604619565217391 0.4310461956521739 0.016304347826086956 0.015285326086956522
0 0.5964673913043478 0.43070652173913043 0.026721014492753624 0.014266304347826086
0 0.5543478260869565 0.46433423913043476 0.029438405797101448 0.020720108695652172
0 0.6317934782608695 0.4561820652173913 0.01358695652173913 0.013247282608695652
0 0.6012228260869565 0.45686141304347827 0.011322463768115942 0.014266304347826086
0 0.619338768115942 0.47673233695652173 0.02355072463768116 0.016983695652173912
0 0.6723278985507246 0.48097826086956524 0.01585144927536232 0.018682065217391304
0 0.6551177536231884 0.48420516304347827 0.02309782608695652 0.022418478260869564
0 0.5806159420289855 0.496773097826087 0.024456521739130436 0.01358695652173913
0 0.5720108695652174 0.5171535326086957 0.04619565217391304 0.020720108695652172
0 0.5070199275362319 0.4976222826086957 0.020380434782608696 0.010869565217391304
0 0.5224184782608695 0.5180027173913043 0.02309782608695652 0.018342391304347828
0 0.4615036231884058 0.5441576086956522 0.018568840579710144 0.017663043478260868
0 0.463768115942029 0.5655570652173914 0.015398550724637682 0.022418478260869564
0 0.4846014492753623 0.572860054347826 0.017663043478260868 0.015285326086956522
0 0.4798460144927536 0.5895040760869565 0.028079710144927536 0.012567934782608696
0 0.5033967391304348 0.5460258152173914 0.036684782608695655 0.03091032608695652
0 0.5246829710144928 0.5675951086956522 0.020833333333333332 0.017323369565217392
0 0.5301177536231884 0.5995244565217391 0.025815217391304348 0.016983695652173912
0 0.5577445652173914 0.5776154891304348 0.02717391304347826 0.0390625
0 0.5631793478260869 0.5394021739130435 0.017663043478260868 0.01188858695652174
0 0.5849184782608695 0.5597826086956522 0.024909420289855072 0.018682065217391304
0 0.6254528985507246 0.5448369565217391 0.028079710144927536 0.017323369565217392
0 0.6123188405797102 0.5658967391304348 0.018568840579710144 0.016644021739130436
0 0.7096920289855072 0.5402513586956522 0.011322463768115942 0.016983695652173912
0 0.6600996376811594 0.63671875 0.02355072463768116 0.03091032608695652
0 0.6668931159420289 0.6088654891304348 0.019021739130434784 0.012567934782608696
0 0.6628170289855072 0.5621603260869565 0.01358695652173913 0.017323369565217392
0 0.30095108695652173 0.665421195652174 0.01358695652173913 0.012228260869565218
0 0.42957427536231885 0.6071671195652174 0.012228260869565218 0.01358695652173913
0 0.370018115942029 0.6620244565217391 0.03215579710144927 0.017323369565217392
0 0.4741847826086957 0.7437160326086957 0.03713768115942029 0.02751358695652174
0 0.42617753623188404 0.747452445652174 0.014492753623188406 0.010190217391304348
0 0.38383152173913043 0.7941576086956522 0.02717391304347826 0.025815217391304348
0 0.4846014492753623 0.8096127717391305 0.028985507246376812 0.01596467391304348
0 0.45086050724637683 0.8119904891304348 0.026721014492753624 0.017323369565217392
0 0.5264945652173914 0.7666440217391305 0.029891304347826088 0.016644021739130436
0 0.5473278985507246 0.7355638586956522 0.04664855072463768 0.041440217391304345
0 0.6109601449275363 0.7077105978260869 0.033967391304347824 0.024116847826086956
0 0.6161684782608695 0.6694972826086957 0.024456521739130436 0.03294836956521739
0 0.5631793478260869 0.6538722826086957 0.022192028985507248 0.028872282608695652
0 0.5344202898550725 0.6610054347826086 0.024456521739130436 0.021059782608695652
0 0.5187952898550725 0.6839334239130435 0.041666666666666664 0.025475543478260868
0 0.4540307971014493 0.6538722826086957 0.04076086956521739 0.025475543478260868
0 0.41757246376811596 0.6621942934782609 0.015398550724637682 0.010190217391304348
0 0.4696557971014493 0.610733695652174 0.021286231884057972 0.010529891304347826
0 0.5457427536231884 0.6929347826086957 0.028985507246376812 0.018342391304347828
0 0.6134510869565217 0.5295516304347826 0.01177536231884058 0.015625