0 0.489356884057971 0.18087635869565216 0.03125 0.028872282608695652
0 0.41983695652173914 0.2647758152173913 0.03125 0.020380434782608696
0 0.422554347826087 0.3602241847826087 0.04619565217391304 0.03702445652173913
0 0.5840126811594203 0.48777173913043476 0.051630434782608696 0.03158967391304348
0 0.6007699275362319 0.4663722826086957 0.02717391304347826 0.01936141304347826
0 0.6170742753623188 0.54296875 0.03351449275362319 0.025815217391304348
0 0.5885416666666666 0.5636888586956522 0.02355072463768116 0.021739130434782608
0 0.5151721014492754 0.6343410326086957 0.03260869565217391 0.043478260869565216
0 0.5178894927536232 0.7292798913043478 0.030344202898550724 0.042119565217391304
0 0.5033967391304348 0.688858695652174 0.05615942028985507 0.033967391304347824
0 0.6524003623188406 0.7917798913043478 0.03351449275362319 0.024116847826086956
0 0.6777626811594203 0.7270720108695652 0.035778985507246376 0.030570652173913044
0 0.6813858695652174 0.6326426630434783 0.028985507246376812 0.04823369565217391
0 0.6148097826086957 0.6329823369565217 0.028985507246376812 0.025135869565217392
0 0.519927536231884 0.5388926630434783 0.028079710144927536 0.029211956521739132
0 0.32133152173913043 0.4930366847826087 0.026721014492753624 0.024456521739130436
0 0.438179347826087 0.4631453804347826 0.016304347826086956 0.021059782608695652
0 0.4159873188405797 0.5701426630434783 0.03125 0.03226902173913043
0 0.7461503623188406 0.5317595108695652 0.0384963768115942 0.028192934782608696
0 0.6571557971014492 0.4904891304347826 0.018115942028985508 0.014605978260869566
0 0.45652173913043476 0.5720108695652174 0.028079710144927536 0.021739130434782608
0 0.5457427536231884 0.45906929347826086 0.049818840579710144 0.026834239130434784
0 0.7309782608695652 0.5743885869565217 0.02355072463768116 0.017663043478260868
0 0.6949728260869565 0.5550271739130435 0.026721014492753624 0.016304347826086956
0 0.7882699275362319 0.7972146739130435 0.035326086956521736 0.017663043478260868
0 0.6480978260869565 0.7493206521739131 0.029891304347826088 0.016983695652173912
0 0.5706521739130435 0.6737432065217391 0.024909420289855072 0.021739130434782608
0 0.44995471014492755 0.41134510869565216 0.021286231884057972 0.017663043478260868
0 0.36820652173913043 0.31521739130434784 0.017210144927536232 0.018682065217391304
0 0.38179347826086957 0.34748641304347827 0.025815217391304348 0.028192934782608696
0 0.32472826086956524 0.378226902173913 0.022644927536231884 0.043817934782608696
0 0.35031702898550726 0.4670516304347826 0.024909420289855072 0.025815217391304348
0 0.41870471014492755 0.48641304347826086 0.02717391304347826 0.028192934782608696
0 0.3822463768115942 0.4935461956521739 0.03894927536231884 0.03158967391304348
0 0.34601449275362317 0.5506114130434783 0.030344202898550724 0.043817934782608696
0 0.4635416666666667 0.5405910326086957 0.028079710144927536 0.01936141304347826