5 0.6802677029360967 0.30375647668393785 0.2033678756476684 0.07221502590673576
5 0.3596718480138169 0.3026230569948187 0.172279792746114 0.0547279792746114
0 0.616580310880829 0.5955310880829016 0.015112262521588947 0.01522020725388601
0 0.665587219343696 0.3806670984455959 0.018566493955094993 0.01133419689119171
0 0.7113557858376511 0.4943329015544041 0.022452504317789293 0.014248704663212436
0 0.7322970639032815 0.4428432642487047 0.027633851468048358 0.03335492227979275
0 0.7132987910189983 0.4067357512953368 0.023747841105354058 0.014248704663212436
0 0.75 0.39248704663212436 0.021157167530224525 0.00939119170984456
0 0.7536701208981001 0.35751295336787564 0.015112262521588947 0.01327720207253886
0 0.7776338514680483 0.3939443005181347 0.018566493955094993 0.018134715025906734
4 0.37823834196891193 0.40398316062176165 0.06778929188255613 0.0858160621761658
0 0.6705526770293609 0.037402849740932644 0.013816925734024179 0.01133419689119171
0 0.5267702936096719 0.6277525906735751 0.023747841105354058 0.023963730569948185