5 0.4063039723661485 0.17535621761658032 0.24784110535405873 0.0897020725388601
5 0.689119170984456 0.11188471502590673 0.022020725388601035 0.01878238341968912
5 0.6634283246977547 0.13034326424870465 0.020293609671848015 0.013924870466321243
5 0.7141623488773747 0.1957577720207254 0.03151986183074266 0.02849740932642487
5 0.6768134715025906 0.22409326424870465 0.01770293609671848 0.01878238341968912
5 0.6504749568221071 0.24319948186528498 0.020293609671848015 0.019430051813471502
5 0.5857081174438687 0.28821243523316065 0.033246977547495685 0.027849740932642485
5 0.564119170984456 0.31832901554404147 0.02677029360967185 0.03270725388601036
5 0.5256908462867013 0.28966968911917096 0.02936096718480138 0.026230569948186528
5 0.48186528497409326 0.31557642487046633 0.02849740932642487 0.025582901554404146
5 0.5269861830742659 0.4323186528497409 0.022884283246977548 0.022020725388601035
5 0.7122193436960277 0.33533031088082904 0.01683937823834197 0.011010362694300517
5 0.6226252158894646 0.2760686528497409 0.04792746113989637 0.020077720207253884
5 0.6083765112262521 0.22587435233160622 0.021157167530224525 0.01522020725388601
5 0.6707685664939551 0.29970854922279794 0.03151986183074266 0.01716321243523316
5 0.6226252158894646 0.31557642487046633 0.04792746113989637 0.015867875647668395
5 0.6306131260794473 0.34536917098445596 0.035837651122625214 0.021373056994818652
5 0.5787996545768567 0.3787240932642487 0.019430051813471502 0.021373056994818652
5 0.532167530224525 0.3748380829015544 0.033246977547495685 0.03756476683937824
5 0.4775474956822107 0.5841968911917098 0.027633851468048358 0.018134715025906734
5 0.5673575129533679 0.5265544041450777 0.055267702936096716 0.02493523316062176
5 0.5736183074265976 0.4632448186528497 0.020293609671848015 0.04242227979274611
5 0.5783678756476683 0.4213082901554404 0.018566493955094993 0.019430051813471502
5 0.6306131260794473 0.5310880829015544 0.022884283246977548 0.021373056994818652
5 0.5237478411053541 0.6246761658031088 0.05181347150259067 0.024287564766839378
5 0.7385578583765112 0.47150259067357514 0.021157167530224525 0.01716321243523316
5 0.7025043177892919 0.5079339378238342 0.01770293609671848 0.012629533678756476
5 0.6208981001727115 0.5788536269430051 0.022020725388601035 0.01716321243523316
5 0.5002158894645942 0.5654145077720207 0.02849740932642487 0.016515544041450777
5 0.7040155440414507 0.37791450777202074 0.025906735751295335 0.025582901554404146
5 0.6744386873920553 0.33743523316062174 0.01468048359240069 0.016515544041450777
5 0.684153713298791 0.36139896373056996 0.021157167530224525 0.011658031088082901
5 0.653713298791019 0.39944948186528495 0.03238341968911917 0.01716321243523316
5 0.6282383419689119 0.41531735751295334 0.022020725388601035 0.01716321243523316
5 0.6768134715025906 0.25874352331606215 0.025043177892918825 0.015867875647668395