0 0.4386574074074074 0.3736979166666667 0.023148148148148147 0.021267361111111112
0 0.3504050925925926 0.3337673611111111 0.03587962962962963 0.019097222222222224
0 0.5908564814814815 0.2717013888888889 0.02662037037037037 0.016927083333333332
0 0.41001157407407407 0.2890625 0.032407407407407406 0.020399305555555556
0 0.6024305555555556 0.4290364583333333 0.034722222222222224 0.014756944444444444
0 0.6851851851851852 0.6156684027777778 0.036458333333333336 0.013020833333333334
0 0.7592592592592593 0.6189236111111112 0.019097222222222224 0.013454861111111112
0 0.5639467592592593 0.8480902777777778 0.015625 0.013454861111111112
0 0.3923611111111111 0.8459201388888888 0.02662037037037037 0.016927083333333332
0 0.2818287037037037 0.658203125 0.019097222222222224 0.021267361111111112
5 0.35011574074074076 0.5345052083333334 0.1568287037037037 0.059027777777777776
5 0.6357060185185185 0.5431857638888888 0.16261574074074073 0.058159722222222224