0 0.2282986111111111 0.7432725694444444 0.028935185185185185 0.017361111111111112
0 0.4791666666666667 0.6866319444444444 0.04050925925925926 0.020833333333333332
0 0.3576388888888889 0.62890625 0.012152777777777778 0.028211805555555556
0 0.4386574074074074 0.6219618055555556 0.036458333333333336 0.031684027777777776
0 0.5720486111111112 0.5260416666666666 0.02141203703703704 0.04904513888888889
0 0.5729166666666666 0.4644097222222222 0.01273148148148148 0.024305555555555556
0 0.5980902777777778 0.462890625 0.012152777777777778 0.014756944444444444
0 0.4320023148148148 0.5052083333333334 0.016203703703703703 0.015190972222222222
0 0.5283564814814815 0.4717881944444444 0.023726851851851853 0.032552083333333336
0 0.5182291666666666 0.5581597222222222 0.023726851851851853 0.021701388888888888
0 0.5413773148148148 0.6879340277777778 0.034722222222222224 0.017361111111111112
5 0.34693287037037035 0.4338107638888889 0.1875 0.059027777777777776
0 0.34751157407407407 0.50390625 0.02025462962962963 0.017361111111111112
0 0.5572916666666666 0.4342447916666667 0.02546296296296296 0.016927083333333332