12 0.5295948169215269 0.262979465323518 0.5244933617314339 0.26588531576908175 0.5171600198956752 0.2731499418829911 0.5101455190092974 0.2760557923285548 0.5031310181229195 0.2779930259589306 0.5005802905278731 0.2779930259589306 0.49515999438839925 0.2828361100348702 0.4926092667933528 0.2901007361487795 0.4967541991353034 0.28477334366524604 0.49994260862911144 0.2813831848120883 0.5053629047685853 0.2804145679969004 0.5095078371105358 0.2775087175513367 0.5152469741993904 0.2746028671057729 0.5200295884401025 0.27266563347539713 0.5251310436301956 0.26830685780705155
12 0.6010151895828285 0.22375048430840758 0.608667372367968 0.22084463386284384 0.6182326008493924 0.21745447500968615 0.6242905788876277 0.21987601704765594 0.6328992845209096 0.22326617590081363 0.6386384216097643 0.22617202634637734 0.6453340815467612 0.22568771793878342 0.652348582433139 0.22568771793878342 0.6603196061676593 0.22568771793878342 0.6682906299021796 0.22714064316156526 0.6762616536366998 0.22956218519953506 0.6845515183206009 0.2358581944982565 0.6886964506625515 0.23779542812863233 0.6816819497761736 0.23440526927547461 0.6762616536366998 0.23246803564509883 0.6686094708515604 0.23053080201472295 0.662551492813325 0.2290778767919411 0.6529862643319008 0.22810925997675321 0.6453340815467612 0.22762495156915924 0.6364065349640985 0.22714064316156526 0.628754352178959 0.22229755908562573 0.6214210103432004 0.2203603254552499 0.6195079646469155 0.21745447500968615 0.6096238952161104 0.22084463386284384
12 0.647565968192427 0.24118558698179002 0.6542616281294239 0.2421542037969779 0.6638268566108482 0.2445757458349477 0.6721167212947493 0.24941882991088724 0.6800877450292696 0.251840371948857 0.6842326773712201 0.25619914761720264 0.6772181764848423 0.25135606354126305 0.6679717889527989 0.2479659046881054 0.6590442423701361 0.2436071290197598
12 0.5241745207820531 0.2760557923285548 0.5331020673647158 0.2721813250678032 0.544580341542425 0.2663696241766757 0.5547832519226109 0.2663696241766757 0.5659426851509393 0.2673382409918636 0.5729571860373172 0.2663696241766757 0.5841166192656455 0.25862068965517243 0.5940006886964506 0.2499031383184812 0.6010151895828285 0.24409143742735373 0.6089862133173487 0.2445757458349477 0.6160007142037266 0.23973266175900812 0.6096238952161104 0.2445757458349477 0.5994209848359244 0.2479659046881054 0.5914499611014041 0.2542619139868268 0.5914499611014041 0.2542619139868268 0.5853919830631688 0.2605579232855482 0.5777398002780293 0.26588531576908175 0.5684934127459857 0.2687911662146455 0.5586093433151806 0.2673382409918636 0.5490441148337564 0.2673382409918636 0.5423484548967593 0.2697597830298334 0.5340585902128582 0.27266563347539713
12 0.6061166447729214 0.25619914761720264 0.612174622811157 0.25474622239442074 0.6188702827481539 0.2576520728399845 0.6271601474320551 0.2576520728399845 0.6392761035085258 0.2591049980627663 0.6513920595849966 0.2600736148779543 0.6619138109145632 0.2620108485083301 0.6689283118009413 0.2644323905462999 0.6797689040798888 0.27266563347539713 0.6689283118009413 0.2649166989538938 0.6619138109145632 0.262495156915924 0.6533051052812815 0.262495156915924 0.6437398767998571 0.2605579232855482 0.6293920340777206 0.2591049980627663 0.622058692241962 0.2591049980627663 0.6131311456592994 0.25474622239442074
12 0.5069571095154893 0.30850445563734985 0.5165223379969136 0.30753583882216196 0.5260875664783379 0.3046299883765982 0.5391600454029511 0.3012398295234405 0.547768751036233 0.2949438202247191 0.564667321353416 0.29203796977915536 0.5761455955311252 0.2842890352576521 0.5885803925569768 0.2779930259589306 0.598464461987782 0.27266563347539713 0.5904934382532617 0.27557148392096087 0.5793340050249334 0.28235180162727624 0.5672180489484626 0.2876791941108098 0.5608412299608463 0.29203796977915536 0.5474499100868523 0.295912437039907 0.5356527949597623 0.3036613715614103 0.5264064074277188 0.30414567996900427
12 0.6772181764848423 0.3031770631538164 0.6714790393959877 0.295912437039907 0.662551492813325 0.2901007361487795 0.652348582433139 0.2862262688880279 0.6421456720529531 0.2833204184424642 0.6348123302171944 0.2794459511817125 0.6271601474320551 0.2779930259589306 0.6185514417987731 0.27896164277411856 0.6096238952161104 0.2794459511817125 0.6010151895828285 0.2804145679969004 0.5892180744557385 0.2876791941108098 0.5812470507212182 0.2934908950019372 0.574870231733602 0.2988182874854708 0.5793340050249334 0.2968810538550949 0.5879427106582152 0.28864781092599767 0.5994209848359244 0.2818674932196823 0.6096238952161104 0.2813831848120883 0.6182326008493924 0.2804145679969004 0.6274789883814358 0.2784773343665246 0.635450012115956 0.2813831848120883 0.6431021949010955 0.2838047268500581 0.6536239462306623 0.2862262688880279 0.6631891747120866 0.2891321193335916
12 0.5751890726829828 0.3012398295234405 0.5796528459743142 0.3133475397132894 0.5812470507212182 0.3235180162727625 0.5809282097718375 0.3375629600929872 0.5809282097718375 0.34579620302208447 0.5799716869236949 0.33175125920185977 0.5799716869236949 0.32303370786516855 0.5786963231261717 0.3128632313056955
12 0.5735948679360787 0.31722200697404107 0.5640296394546545 0.3157690817512592 0.5538267290744685 0.3148004649360713 0.5433049777449017 0.31819062378922897 0.5404354092004744 0.32303370786516855 0.5397977273017128 0.328845408756296 0.5436238186942826 0.3210964742347927 0.5515948424288029 0.31673769856644707 0.5608412299608463 0.31673769856644707 0.5656238442015584 0.31819062378922897
12 0.6951873597023424 0.49355513936322576 0.7028028706849971 0.5150380081524734 0.7042534442055027 0.5343175057838494 0.7057040177260084 0.5596562740993721 0.7038908008253764 0.5905034703095737 0.7024402273048707 0.6219015093092433 0.6977258633632273 0.6599096617825273 0.7028028706849971 0.5998677977305278 0.7038908008253764 0.5591054313099042 0.7024402273048707 0.5299107634681063 0.6988137935036065 0.5084278946788587
12 0.6520578968897894 0.4193070529174553 0.6650611287347041 0.4184840753847419 0.6769807579258761 0.4184840753847419 0.684024175175205 0.42177598551559536 0.6943184003857624 0.4386470249362192 0.70461262559632 0.45428359805777296 0.6864622811461264 0.43082873837544233 0.679960665223669 0.4246564068800921 0.6702082413399829 0.42177598551559536 0.6596431154659897 0.42177598551559536