0 0.40788398692810457 0.13771446078431374 0.01184640522875817 0.006740196078431373
0 0.46548202614379086 0.2026654411764706 0.013480392156862746 0.010416666666666666
0 0.45179738562091504 0.19623161764705882 0.013480392156862746 0.006127450980392157
0 0.4164624183006536 0.15931372549019607 0.007352941176470588 0.006740196078431373
0 0.4113562091503268 0.17294730392156862 0.01184640522875817 0.008272058823529412
0 0.3631535947712418 0.21522671568627452 0.026143790849673203 0.01133578431372549
0 0.3917483660130719 0.22334558823529413 0.013071895424836602 0.006740196078431373
0 0.4113562091503268 0.2265625 0.013888888888888888 0.006740196078431373
0 0.4957107843137255 0.2495404411764706 0.013480392156862746 0.008272058823529412
0 0.514297385620915 0.23835784313725492 0.015522875816993464 0.009497549019607842
0 0.5132761437908496 0.20603553921568626 0.028186274509803922 0.014705882352941176
0 0.3627450980392157 0.25137867647058826 0.008169934640522876 0.011029411764705883
0 0.35437091503267976 0.27159926470588236 0.012663398692810458 0.011642156862745098
0 0.38296568627450983 0.30775122549019607 0.015522875816993464 0.008272058823529412
0 0.5980392156862745 0.2841605392156863 0.013071895424836602 0.00857843137254902
0 0.5222630718954249 0.25306372549019607 0.016748366013071895 0.008272058823529412
0 0.45159313725490197 0.24325980392156862 0.013888888888888888 0.012254901960784314
0 0.4928513071895425 0.30514705882352944 0.01715686274509804 0.01133578431372549
0 0.34844771241830064 0.48452818627450983 0.013071895424836602 0.006740196078431373
0 0.2448937908496732 0.4960171568627451 0.008169934640522876 0.01011029411764706
0 0.24591503267973855 0.5081188725490197 0.008169934640522876 0.006127450980392157
0 0.29758986928104575 0.5237438725490197 0.026143790849673203 0.011029411764705883
0 0.346609477124183 0.5811887254901961 0.011437908496732025 0.011029411764705883
0 0.3284313725490196 0.5626531862745098 0.017565359477124183 0.006740196078431373
0 0.3300653594771242 0.5317095588235294 0.013888888888888888 0.008884803921568627
0 0.3167892156862745 0.6185661764705882 0.016748366013071895 0.014399509803921568
0 0.3061683006535948 0.5974264705882353 0.02042483660130719 0.017463235294117647
0 0.278390522875817 0.561734068627451 0.006127450980392157 0.01011029411764706
0 0.41482843137254904 0.3203125 0.012663398692810458 0.012254901960784314
0 0.440359477124183 0.3023897058823529 0.013480392156862746 0.010416666666666666
0 0.2922794117647059 0.24632352941176472 0.017565359477124183 0.01011029411764706
0 0.22120098039215685 0.3017769607843137 0.013071895424836602 0.015625
0 0.3909313725490196 0.15180759803921567 0.014705882352941176 0.005208333333333333
0 0.37316176470588236 0.17018995098039216 0.015522875816993464 0.008884803921568627
0 0.3729575163398693 0.28278186274509803 0.01511437908496732 0.008884803921568627
0 0.4164624183006536 0.28079044117647056 0.016748366013071895 0.010416666666666666
0 0.46895424836601307 0.2800245098039216 0.014705882352941176 0.00980392156862745
0 0.3449754901960784 0.18336397058823528 0.010620915032679739 0.00857843137254902
0 0.3770424836601307 0.1873468137254902 0.016339869281045753 0.01133578431372549
0 0.7030228758169934 0.4108455882352941 0.011437908496732025 0.01011029411764706
0 0.702001633986928 0.561734068627451 0.011437908496732025 0.014705882352941176
0 0.7038398692810458 0.5409007352941176 0.011029411764705883 0.009497549019607842
0 0.6862745098039216 0.5196078431372549 0.0196078431372549 0.01685049019607843
0 0.7011846405228758 0.4489889705882353 0.013888888888888888 0.020833333333333332
4 0.5921160130718954 0.4944852941176471 0.0959967320261438 0.10079656862745098
4 0.37316176470588236 0.5231311274509803 0.04370915032679738 0.03400735294117647
0 0.48733660130718953 0.23330269607843138 0.012663398692810458 0.0055147058823529415
0 0.44607843137254904 0.1795343137254902 0.012663398692810458 0.008272058823529412
0 0.445874183006536 0.22089460784313725 0.01511437908496732 0.018075980392156864
0 0.38092320261437906 0.24892769607843138 0.013480392156862746 0.0070465686274509805