0 0.2883986928104575 0.22212009803921567 0.015931372549019607 0.014093137254901961
0 0.05616830065359477 0.28722426470588236 0.0363562091503268 0.025735294117647058
0 0.4383169934640523 0.24892769607843138 0.02042483660130719 0.015318627450980392
0 0.45383986928104575 0.27496936274509803 0.023284313725490197 0.013786764705882353
0 0.39419934640522875 0.28125 0.02042483660130719 0.015625
0 0.5014297385620915 0.33379289215686275 0.01184640522875817 0.010416666666666666
0 0.502859477124183 0.38235294117647056 0.017565359477124183 0.013174019607843137
0 0.46282679738562094 0.41237745098039214 0.03431372549019608 0.014093137254901961
0 0.5627042483660131 0.507046568627451 0.026552287581699346 0.023590686274509803
0 0.4973447712418301 0.5390625 0.024509803921568627 0.016237745098039217
0 0.4881535947712418 0.5159313725490197 0.017565359477124183 0.013174019607843137
0 0.400531045751634 0.6081495098039216 0.014705882352941176 0.011642156862745098
0 0.37663398692810457 0.6076899509803921 0.017565359477124183 0.014705882352941176
0 0.3602941176470588 0.5977328431372549 0.0196078431372549 0.013786764705882353
0 0.40870098039215685 0.49862132352941174 0.029411764705882353 0.02144607843137255
0 0.5245098039215687 0.4257046568627451 0.02042483660130719 0.0272671568627451
0 0.3680555555555556 0.25919117647058826 0.015522875816993464 0.011642156862745098
0 0.40155228758169936 0.29886642156862747 0.01838235294117647 0.011948529411764705