0 0.7156862745098039 0.22150735294117646 0.02165032679738562 0.01133578431372549
0 0.5955882352941176 0.20143995098039216 0.017565359477124183 0.010416666666666666
0 0.6037581699346405 0.23651960784313725 0.01715686274509804 0.010723039215686275
0 0.5667892156862745 0.23697916666666666 0.029411764705882353 0.015625
0 0.5077614379084967 0.23314950980392157 0.017565359477124183 0.013786764705882353
0 0.47344771241830064 0.25965073529411764 0.02246732026143791 0.013786764705882353
0 0.44812091503267976 0.3079044117647059 0.030637254901960783 0.01685049019607843
0 0.7779820261437909 0.23069852941176472 0.017565359477124183 0.008884803921568627
0 0.8014705882352942 0.2613357843137255 0.01511437908496732 0.010416666666666666
0 0.610702614379085 0.25919117647058826 0.024101307189542485 0.012867647058823529
0 0.6441993464052288 0.23253676470588236 0.01919934640522876 0.011948529411764705
0 0.5224673202614379 0.4612438725490196 0.01838235294117647 0.013786764705882353
0 0.5173611111111112 0.47901348039215685 0.01715686274509804 0.007965686274509803
0 0.35437091503267976 0.4652267156862745 0.028186274509803922 0.015625
0 0.5222630718954249 0.5954350490196079 0.04003267973856209 0.024509803921568627
0 0.5061274509803921 0.5635723039215687 0.01838235294117647 0.017769607843137254
0 0.6294934640522876 0.5900735294117647 0.020833333333333332 0.015625
0 0.545751633986928 0.6084558823529411 0.03880718954248366 0.031862745098039214
0 0.5320669934640523 0.6409313725490197 0.025735294117647058 0.02420343137254902
0 0.5061274509803921 0.7068014705882353 0.015931372549019607 0.01133578431372549
0 0.34129901960784315 0.5453431372549019 0.017565359477124183 0.030637254901960783
0 0.43933823529411764 0.35922181372549017 0.0392156862745098 0.013174019607843137
0 0.8022875816993464 0.3408394607843137 0.02287581699346405 0.012867647058823529
0 0.8464052287581699 0.35324754901960786 0.01184640522875817 0.010416666666666666
0 0.6687091503267973 0.48192401960784315 0.01838235294117647 0.013786764705882353
0 0.6170343137254902 0.5128676470588235 0.01715686274509804 0.012867647058823529
0 0.5698529411764706 0.5588235294117647 0.0196078431372549 0.01715686274509804
0 0.5055147058823529 0.5165441176470589 0.0196078431372549 0.013174019607843137