4 0.5545267489711934 0.4816743827160494 0.16803840877914952 0.059799382716049385
0 0.5106310013717421 0.5474537037037037 0.02400548696844993 0.013503086419753086
0 0.31344307270233196 0.4434799382716049 0.024691358024691357 0.016975308641975308
0 0.33641975308641975 0.45601851851851855 0.02606310013717421 0.020061728395061727
0 0.3724279835390947 0.44386574074074076 0.03223593964334705 0.019290123456790122
0 0.37517146776406035 0.5270061728395061 0.03566529492455418 0.024691358024691357
0 0.5137174211248285 0.5947145061728395 0.05555555555555555 0.016589506172839507
0 0.4375857338820302 0.5667438271604939 0.018518518518518517 0.011188271604938271
0 0.41323731138545955 0.5439814814814815 0.025377229080932786 0.018132716049382717
0 0.399519890260631 0.41608796296296297 0.02194787379972565 0.010802469135802469
0 0.7589163237311386 0.37037037037037035 0.015089163237311385 0.010030864197530864