4 0.4537037037037037 0.595679012345679 0.07613168724279835 0.0933641975308642
0 0.5442386831275721 0.5474537037037037 0.027777777777777776 0.017746913580246913
0 0.5900205761316872 0.5509259259259259 0.018518518518518517 0.01273148148148148
0 0.6121399176954733 0.5001929012345679 0.013888888888888888 0.009645061728395061
0 0.6502057613168725 0.5204475308641975 0.0205761316872428 0.018518518518518517
0 0.5691872427983539 0.5771604938271605 0.03137860082304527 0.019290123456790122
0 0.5787037037037037 0.6124614197530864 0.01748971193415638 0.019675925925925927
0 0.5720164609053497 0.6494984567901234 0.014917695473251029 0.018132716049382717
0 0.3734567901234568 0.7606095679012346 0.09362139917695474 0.023148148148148147
0 0.2854938271604938 0.5437885802469136 0.03497942386831276 0.023148148148148147
0 0.5396090534979424 0.41242283950617287 0.027777777777777776 0.017361111111111112
0 0.4616769547325103 0.30864197530864196 0.02880658436213992 0.020061728395061727
0 0.283179012345679 0.4087577160493827 0.01954732510288066 0.018518518518518517
0 0.3924897119341564 0.35474537037037035 0.0257201646090535 0.016589506172839507
0 0.6057098765432098 0.44907407407407407 0.01594650205761317 0.013888888888888888
0 0.5877057613168725 0.4058641975308642 0.021604938271604937 0.03742283950617284
0 0.32073045267489714 0.5509259259259259 0.024691358024691357 0.014660493827160493
0 0.3523662551440329 0.30362654320987653 0.01646090534979424 0.011959876543209876
0 0.297582304526749 0.35551697530864196 0.01594650205761317 0.019290123456790122
0 0.5002572016460906 0.6049382716049383 0.016975308641975308 0.01273148148148148
0 0.5216049382716049 0.5457175925925926 0.013888888888888888 0.013117283950617283
0 0.4308127572016461 0.7326388888888888 0.016975308641975308 0.012345679012345678
0 0.41100823045267487 0.7204861111111112 0.023662551440329218 0.015817901234567902
0 0.5231481481481481 0.6828703703703703 0.022119341563786008 0.023919753086419752
0 0.5264917695473251 0.7264660493827161 0.024691358024691357 0.013888888888888888
0 0.6234567901234568 0.5464891975308642 0.018518518518518517 0.013888888888888888
0 0.5195473251028807 0.6369598765432098 0.023148148148148147 0.015817901234567902