0 0.555298353909465 0.3159722222222222 0.01954732510288066 0.007716049382716049
0 0.5810185185185185 0.32349537037037035 0.01800411522633745 0.008101851851851851
0 0.5092592592592593 0.31886574074074076 0.023148148148148147 0.011188271604938271
0 0.4444444444444444 0.3445216049382716 0.023148148148148147 0.02044753086419753
0 0.41280864197530864 0.40316358024691357 0.01131687242798354 0.016589506172839507
0 0.39300411522633744 0.4077932098765432 0.023662551440329218 0.010416666666666666
0 0.5992798353909465 0.3443287037037037 0.01646090534979424 0.011959876543209876
0 0.6455761316872428 0.35474537037037035 0.010802469135802469 0.007716049382716049
0 0.6327160493827161 0.38117283950617287 0.01954732510288066 0.014660493827160493
0 0.6311728395061729 0.3620756172839506 0.018518518518518517 0.016975308641975308
0 0.6586934156378601 0.4085648148148148 0.023148148148148147 0.020061728395061727
0 0.4637345679012346 0.5372299382716049 0.013374485596707819 0.013117283950617283
0 0.4094650205761317 0.5200617283950617 0.01594650205761317 0.019290123456790122
0 0.43569958847736623 0.5557484567901234 0.018518518518518517 0.012345679012345678
0 0.4624485596707819 0.5939429012345679 0.01954732510288066 0.01427469135802469
0 0.6108539094650206 0.5073302469135802 0.022119341563786008 0.009645061728395061
0 0.6460905349794238 0.5106095679012346 0.015432098765432098 0.015432098765432098
0 0.6201131687242798 0.5227623456790124 0.011831275720164609 0.008873456790123456
0 0.5108024691358025 0.7341820987654321 0.018518518518518517 0.013117283950617283
0 0.6010802469135802 0.7143132716049383 0.010802469135802469 0.010030864197530864
0 0.5776748971193416 0.7218364197530864 0.01903292181069959 0.013117283950617283
0 0.45087448559670784 0.6832561728395061 0.018518518518518517 0.016203703703703703
0 0.448559670781893 0.6591435185185185 0.014917695473251029 0.010030864197530864
0 0.419238683127572 0.6126543209876543 0.025205761316872428 0.014660493827160493
0 0.43955761316872427 0.6321373456790124 0.025205761316872428 0.016203703703703703
0 0.38400205761316875 0.6172839506172839 0.02880658436213992 0.016975308641975308
0 0.4251543209876543 0.6711033950617284 0.022119341563786008 0.010802469135802469
4 0.4678497942386831 0.5526620370370371 0.10185185185185185 0.10493827160493827