0 0.4641826923076923 0.2948133680555556 0.026442307692307692 0.013671875
0 0.6151442307692307 0.3168402777777778 0.022115384615384617 0.009114583333333334
0 0.5752403846153846 0.3572048611111111 0.02403846153846154 0.010850694444444444
0 0.5081730769230769 0.3285590277777778 0.023557692307692307 0.012152777777777778
0 0.5319711538461539 0.3410373263888889 0.027884615384615386 0.012152777777777778
0 0.49735576923076924 0.3549262152777778 0.029326923076923077 0.010850694444444444
0 0.4173076923076923 0.3173828125 0.026923076923076925 0.01171875
0 0.4081730769230769 0.3463541666666667 0.020673076923076922 0.009331597222222222
0 0.44326923076923075 0.3503689236111111 0.01971153846153846 0.008897569444444444
0 0.1795673076923077 0.5751953125 0.03125 0.012152777777777778
0 0.11730769230769231 0.5437282986111112 0.013942307692307693 0.01171875
0 0.16923076923076924 0.5923394097222222 0.01730769230769231 0.006727430555555556
0 0.35889423076923077 0.3334418402777778 0.019230769230769232 0.01171875