0 0.8329326923076923 0.2817925347222222 0.03028846153846154 0.010633680555555556
0 0.8334134615384615 0.3142361111111111 0.032692307692307694 0.012152777777777778
0 0.9194711538461539 0.3489583333333333 0.026923076923076925 0.011284722222222222
0 0.9016826923076923 0.3343098958333333 0.027884615384615386 0.014105902777777778
0 0.9009615384615385 0.3589409722222222 0.019230769230769232 0.010199652777777778
0 0.8254807692307692 0.3379991319444444 0.020673076923076922 0.011284722222222222
0 0.8524038461538461 0.3347439236111111 0.029326923076923077 0.02734375
0 0.86875 0.3747829861111111 0.03798076923076923 0.014539930555555556
0 0.7896634615384616 0.3583984375 0.023557692307692307 0.009765625
0 0.7771634615384615 0.3036024305555556 0.027884615384615386 0.019097222222222224
0 0.5401442307692308 0.5391710069444444 0.03701923076923077 0.014105902777777778
0 0.3704326923076923 0.4963107638888889 0.014903846153846155 0.007378472222222222
0 0.35673076923076924 0.5196397569444444 0.01826923076923077 0.009331597222222222
0 0.38990384615384616 0.5314670138888888 0.025961538461538463 0.008897569444444444