12 0.8877374784110535 0.4211463730569948 0.05829015544041451 0.025906735751295335
12 0.9453799654576857 0.4496437823834197 0.047495682210708115 0.027202072538860103
12 0.9393350604490501 0.4272992227979275 0.04058721934369603 0.025906735751295335
12 0.8931347150259067 0.4068976683937824 0.05267702936096719 0.018458549222797927
12 0.7230138169257341 0.41207901554404147 0.1187392055267703 0.02104922279792746
12 0.7582037996545768 0.3754857512953368 0.04533678756476684 0.007448186528497409
12 0.8044041450777202 0.37240932642487046 0.03540587219343696 0.01133419689119171
12 0.8439119170984456 0.3900582901554404 0.03540587219343696 0.008095854922279792
12 0.8190846286701209 0.39718264248704666 0.021157167530224525 0.010038860103626942
4 0.8832037996545768 0.711949481865285 0.05699481865284974 0.09844559585492228
4 0.6597582037996546 0.6601360103626943 0.12564766839378239 0.10816062176165803
4 0.8098013816925734 0.6256476683937824 0.06390328151986183 0.061204663212435235
0 0.540587219343696 0.6583549222797928 0.04792746113989637 0.03659326424870466
0 0.6437823834196891 0.8147668393782384 0.03454231433506045 0.02882124352331606
0 0.7035837651122625 0.885038860103627 0.049654576856649396 0.02493523316062176
0 0.812392055267703 0.8468264248704663 0.022452504317789293 0.02104922279792746
0 0.6098877374784111 0.49821891191709844 0.015544041450777202 0.01522020725388601