0 0.5620915032679739 0.2578125 0.02042483660130719 0.01011029411764706
0 0.5032679738562091 0.27879901960784315 0.015931372549019607 0.009191176470588236
0 0.47732843137254904 0.29120710784313725 0.015522875816993464 0.01011029411764706
0 0.4579248366013072 0.30223651960784315 0.012663398692810458 0.009497549019607842
0 0.4381127450980392 0.3043811274509804 0.015931372549019607 0.007659313725490196
0 0.4285130718954248 0.3555453431372549 0.01184640522875817 0.007352941176470588
0 0.41237745098039214 0.38097426470588236 0.012663398692810458 0.010723039215686275
0 0.465890522875817 0.35631127450980393 0.013888888888888888 0.008884803921568627
0 0.4485294117647059 0.36642156862745096 0.020833333333333332 0.015931372549019607
0 0.49959150326797386 0.3599877450980392 0.012663398692810458 0.010416666666666666
0 0.5339052287581699 0.3393075980392157 0.027777777777777776 0.014093137254901961
0 0.4644607843137255 0.3996629901960784 0.011029411764705883 0.009497549019607842
0 0.46854575163398693 0.37515318627450983 0.010620915032679739 0.01133578431372549
0 0.7167075163398693 0.3471200980392157 0.01919934640522876 0.009497549019607842
0 0.5392156862745098 0.3993566176470588 0.01715686274509804 0.007352941176470588
0 0.5140931372549019 0.4476102941176471 0.012663398692810458 0.008272058823529412
0 0.528390522875817 0.45297181372549017 0.013888888888888888 0.007965686274509803
0 0.5222630718954249 0.5029105392156863 0.014297385620915032 0.010723039215686275
0 0.39276960784313725 0.6070772058823529 0.017565359477124183 0.015931372549019607
0 0.3627450980392157 0.6104473039215687 0.015931372549019607 0.012561274509803922
0 0.3758169934640523 0.6227022058823529 0.013480392156862746 0.01133578431372549
0 0.2883986928104575 0.6393995098039216 0.013888888888888888 0.012561274509803922
0 0.7640931372549019 0.6646752450980392 0.015522875816993464 0.014093137254901961
0 0.7653186274509803 0.6429227941176471 0.013888888888888888 0.01011029411764706
0 0.6039624183006536 0.38985906862745096 0.02042483660130719 0.009191176470588236
0 0.582312091503268 0.40548406862745096 0.013480392156862746 0.011642156862745098
0 0.6294934640522876 0.40410539215686275 0.0298202614379085 0.01133578431372549
0 0.40870098039215685 0.35110294117647056 0.01511437908496732 0.014399509803921568
0 0.7937091503267973 0.5896139705882353 0.013888888888888888 0.009191176470588236
0 0.6803513071895425 0.6228553921568627 0.01511437908496732 0.011642156862745098
0 0.681781045751634 0.600796568627451 0.010212418300653595 0.01011029411764706
0 0.7107843137254902 0.6142769607843137 0.03308823529411765 0.007965686274509803
0 0.34395424836601307 0.6231617647058824 0.013888888888888888 0.012867647058823529
0 0.4070669934640523 0.5822610294117647 0.013888888888888888 0.009497549019607842