0 0.5953839869281046 0.507046568627451 0.013480392156862746 0.00980392156862745
0 0.6178513071895425 0.45986519607843135 0.016339869281045753 0.01011029411764706
0 0.6008986928104575 0.4699754901960784 0.01184640522875817 0.00857843137254902
0 0.5565767973856209 0.4846813725490196 0.03390522875816993 0.016544117647058824
0 0.5251225490196079 0.4600183823529412 0.020833333333333332 0.010723039215686275
0 0.4977532679738562 0.45526960784313725 0.012254901960784314 0.012561274509803922
0 0.5545343137254902 0.4177389705882353 0.014297385620915032 0.016544117647058824
0 0.5651552287581699 0.44699754901960786 0.020833333333333332 0.018075980392156864
0 0.6076388888888888 0.48330269607843135 0.0298202614379085 0.006433823529411764
0 0.6644199346405228 0.46109068627450983 0.014705882352941176 0.009191176470588236
0 0.639501633986928 0.47089460784313725 0.015931372549019607 0.011029411764705883
0 0.5827205882352942 0.45036764705882354 0.01511437908496732 0.015625
0 0.5986519607843137 0.43826593137254904 0.0196078431372549 0.011029411764705883
0 0.7046568627450981 0.4459252450980392 0.01511437908496732 0.013480392156862746
0 0.6897467320261438 0.4649203431372549 0.007761437908496732 0.013480392156862746
0 0.6721813725490197 0.4768688725490196 0.02246732026143791 0.01011029411764706
0 0.5886437908496732 0.5507046568627451 0.014705882352941176 0.01991421568627451
0 0.5287990196078431 0.35202205882352944 0.017973856209150325 0.014093137254901961
0 0.5034722222222222 0.34359681372549017 0.015931372549019607 0.014705882352941176
0 0.5841503267973857 0.32858455882352944 0.014705882352941176 0.01011029411764706
0 0.5902777777777778 0.3010110294117647 0.014705882352941176 0.012561274509803922
0 0.5610702614379085 0.3082107843137255 0.012254901960784314 0.012561274509803922
0 0.5898692810457516 0.25643382352941174 0.016748366013071895 0.016544117647058824
0 0.610702614379085 0.2271752450980392 0.028186274509803922 0.014705882352941176
0 0.6474673202614379 0.19684436274509803 0.04084967320261438 0.0196078431372549
0 0.7990196078431373 0.2783394607843137 0.010620915032679739 0.013174019607843137
0 0.8462009803921569 0.20741421568627452 0.011437908496732025 0.011029411764705883
0 0.8198529411764706 0.21951593137254902 0.020833333333333332 0.014705882352941176
0 0.8598856209150327 0.27542892156862747 0.01184640522875817 0.01133578431372549
0 0.8033088235294118 0.29212622549019607 0.056372549019607844 0.01685049019607843
0 0.8517156862745098 0.32138480392156865 0.015931372549019607 0.012561274509803922
0 0.8300653594771242 0.3287377450980392 0.014297385620915032 0.01133578431372549
0 0.8825571895424836 0.2818627450980392 0.01511437908496732 0.018995098039215685
0 0.8151552287581699 0.3961397058823529 0.013480392156862746 0.015625
0 0.7890114379084967 0.3955269607843137 0.013480392156862746 0.009191176470588236
0 0.8392565359477124 0.37224264705882354 0.010212418300653595 0.01011029411764706
0 0.6815767973856209 0.4987745098039216 0.022058823529411766 0.012561274509803922
0 0.5359477124183006 0.47411151960784315 0.010620915032679739 0.017463235294117647
0 0.6360294117647058 0.4494485294117647 0.017973856209150325 0.008884803921568627
0 0.6292892156862745 0.2604166666666667 0.013480392156862746 0.01011029411764706
0 0.6386846405228758 0.22778799019607843 0.01184640522875817 0.015318627450980392
0 0.6129493464052288 0.19852941176470587 0.011437908496732025 0.005821078431372549
0 0.5665849673202614 0.19454656862745098 0.007761437908496732 0.008884803921568627