12 0.5565432882680283 0.23614692803392995 0.562716617720983 0.22322346431068005 0.5662442345512431 0.2020759782180893 0.5830004144949775 0.18562793347940762 0.6165127743824464 0.17446676026387362 0.6464975174396556 0.173879330094635 0.6791279731195596 0.1774039111100668 0.7091127161767687 0.17916620161778268 0.6808917815346898 0.17857877144854403 0.6509070384774805 0.1756416206023509 0.6200403912127064 0.1774039111100668 0.5856461271176724 0.185040503310169 0.5662442345512431 0.19913882737189614 0.5618347135134182 0.21499944194133921
12 0.463943346473706 0.18269078263321448 0.47981762220987556 0.1903273748333167 0.48599095166283035 0.2020759782180893 0.48687285587039536 0.21499944194133921 0.48775476007796026 0.23086005651078229 0.4895185684930903 0.23908407888012312 0.48246333483257053 0.22263603414144145 0.4851090474552653 0.20971257041819152 0.47981762220987556 0.18973994466407804
12 0.4895185684930903 0.1885650843256008 0.4683528675115308 0.1774039111100668 0.4392500286618867 0.17270446975615772 0.40485576456685274 0.1774039111100668 0.37751673413233855 0.1832782128024531 0.35811484156590906 0.185040503310169 0.3492957994902593 0.18621536364864627 0.38545387200042325 0.18034106195625996 0.4110290940198075 0.1756416206023509 0.4383681244543217 0.173879330094635 0.47276238854935565 0.1797536317870213
12 0.4551243043980563 0.1944393860179871 0.4233757529257171 0.19326452567950983 0.3898633930382482 0.19678910669494162 0.35370532052808423 0.2056005592335211 0.3863357762079882 0.19737653686418027 0.42249384871815227 0.19502681618722573
12 0.5318499704562091 0.18386564297169172 0.5644804261361129 0.16389301721757826 0.6050480196841018 0.15390670434052153 0.6456156132320907 0.15096955349432836 0.6782460689119948 0.15684385518671468 0.6923565362330343 0.16154329654062372 0.6614898889682601 0.1574312853559533 0.6279775290807912 0.15390670434052153 0.5900556481554973 0.1574312853559533 0.5591890008907233 0.16741759823301003
12 0.360760554188604 0.16565530772529413 0.3845719677928583 0.15860614569443054 0.41191099822737254 0.1521444138328056 0.4304309865862369 0.14920726298661247 0.463943346473706 0.1556689948482374 0.47893571800231055 0.15390670434052153 0.5027471316065648 0.15273184400204426 0.5344956830789039 0.15273184400204426 0.5635985219285481 0.14920726298661247 0.5918194565706272 0.1409832406172716 0.6129851575521866 0.1409832406172716 0.6235680080429664 0.1409832406172716 0.601520402853842 0.14509525180194205 0.5715356597966329 0.1503821233250897 0.5468423419848136 0.15801871552519195 0.5168575989276045 0.15978100603290782 0.48863666428552527 0.15978100603290782 0.4665890590964009 0.1609558663713851 0.4374862202467568 0.1556689948482374 0.41279290243493755 0.15508156467899878 0.39074529724581314 0.1609558663713851
12 0.4930461853233501 0.13099692774021487 0.45247859177536137 0.13099692774021487 0.429549082378672 0.13099692774021487 0.4542424001904913 0.13040949757097625
12 0.44895097494510144 0.12512262604782856 0.4198481360954573 0.1280597768940217 0.3978005309063329 0.13452150875564667 0.38280815937772833 0.14157067078651026 0.36340626681129895 0.14392039146346478 0.38545387200042325 0.1392209501095557 0.41455671085006746 0.13040949757097625
12 0.5741813724193279 0.10808715113990823 0.6032842112689719 0.10338770978599919 0.6350327627413109 0.10808715113990823 0.6650175057985201 0.11748603384772635 0.6782460689119948 0.11748603384772635 0.6561984637228705 0.11572374334001045 0.631505145911051 0.10808715113990823 0.5988746902311471 0.10515000029371507
12 0.707348907761639 0.1409832406172716 0.6685451226287801 0.1351089389248853 0.6394422837791358 0.12864720706326035 0.599756594438712 0.1262974863863058 0.5618347135134182 0.13275921824793077 0.5142118863049095 0.13980838027879436 0.4718804843417908 0.13980838027879436 0.45071478336023135 0.14039581044803298 0.5001014189838698 0.1368712294326012 0.533613778871339 0.13569636909412394 0.5715356597966329 0.12864720706326035 0.6156308701748816 0.12571005621706718 0.6491432300623505 0.13040949757097625 0.6773641647044297 0.13804608977107846
12 0.6244499122505313 0.19561424635646438 0.6641356015909551 0.19326452567950983 0.6967660572708592 0.1909148050025553 0.7258688961205033 0.196201676525703 0.6994117698935541 0.18973994466407804 0.6711908352514748 0.19208966534103256