0 0.07512953367875648 0.27444948186528495 0.028065630397236616 0.025259067357512953
0 0.19106217616580312 0.5968264248704663 0.02936096718480138 0.019430051813471502
0 0.29015544041450775 0.5291450777202072 0.021157167530224525 0.019430051813471502
0 0.39788428324697755 0.528821243523316 0.02849740932642487 0.021373056994818652
0 0.48575129533678757 0.5765867875647669 0.08203799654576857 0.06217616580310881
0 0.694300518134715 0.6186852331606217 0.038860103626943004 0.04145077720207254
0 0.6191709844559585 0.6674222797927462 0.10664939550949913 0.056023316062176164
0 0.5354058721934369 0.8243199481865285 0.018566493955094993 0.01522020725388601
0 0.3283678756476684 0.5968264248704663 0.0651986183074266 0.04825129533678756
0 0.5731865284974094 0.5971502590673575 0.03756476683937824 0.028173575129533678
0 0.5662780656303973 0.5301165803108808 0.02849740932642487 0.019430051813471502
0 0.543825561312608 0.7142163212435233 0.031088082901554404 0.022020725388601035
0 0.48791018998272884 0.6368199481865285 0.031088082901554404 0.02072538860103627
1 0.33570811744386875 0.20433937823834197 0.031088082901554404 0.07933937823834197