0 0.5515046296296297 0.7183159722222222 0.11226851851851852 0.051432291666666664
4 0.4578993055555556 0.4852430555555556 0.15827546296296297 0.0954861111111111
12 0.2760416666666667 0.18684895833333334 0.1284722222222222 0.037760416666666664
12 0.3337673611111111 0.2121310763888889 0.19241898148148148 0.02734375
12 0.20008680555555555 0.2746310763888889 0.03211805555555555 0.09136284722222222
12 0.15248842592592593 0.2963324652777778 0.04398148148148148 0.09136284722222222
12 0.1283275462962963 0.18956163194444445 0.05787037037037037 0.020833333333333332
12 0.11979166666666667 0.2478298611111111 0.0685763888888889 0.010416666666666666
12 0.15031828703703703 0.21451822916666666 0.0630787037037037 0.012803819444444444
12 0.5588831018518519 0.3484157986111111 0.06105324074074074 0.024088541666666668
5 0.4214409722222222 0.4006076388888889 0.22251157407407407 0.05946180555555555
12 0.12355324074074074 0.4415147569444444 0.07581018518518519 0.056206597222222224
12 0.42259837962962965 0.3821614583333333 0.1605902777777778 0.033637152777777776