12 0.5915798611111112 0.4490017361111111 0.18171296296296297 0.07552083333333333
5 0.6236979166666666 0.4222005208333333 0.2332175925925926 0.0666232638888889
12 0.4626736111111111 0.1818576388888889 0.16145833333333334 0.08658854166666667
12 0.6236979166666666 0.1742621527777778 0.1753472222222222 0.029730902777777776
0 0.6263020833333334 0.19227430555555555 0.03530092592592592 0.020833333333333332
12 0.7526041666666666 0.1939019097222222 0.08883101851851852 0.04014756944444445
12 0.8531539351851852 0.21516927083333334 0.12528935185185186 0.034505208333333336
12 0.7936921296296297 0.24641927083333334 0.051215277777777776 0.042534722222222224
12 0.4904513888888889 0.23155381944444445 0.1015625 0.06575520833333333
0 0.5638020833333334 0.767578125 0.11342592592592593 0.0625
1 0.6782407407407407 0.5260416666666666 0.0685763888888889 0.05447048611111111