0 0.3236400462962963 0.4940321180555556 0.015046296296296295 0.014322916666666666
0 0.26765046296296297 0.4813368055555556 0.01099537037037037 0.015190972222222222
0 0.29542824074074076 0.4947916666666667 0.03009259259259259 0.029730902777777776
0 0.3064236111111111 0.5349392361111112 0.01765046296296296 0.016710069444444444
0 0.28370949074074076 0.5505642361111112 0.011863425925925927 0.010633680555555556
0 0.30483217592592593 0.5684678819444444 0.019675925925925927 0.015190972222222222
0 0.3389756944444444 0.5511067708333334 0.05063657407407408 0.020399305555555556
0 0.34968171296296297 0.5782335069444444 0.015625 0.014105902777777778
0 0.4700520833333333 0.5852864583333334 0.014467592592592593 0.01171875
0 0.3804976851851852 0.6238064236111112 0.011574074074074073 0.016059027777777776
1 0.44849537037037035 0.5499131944444444 0.0390625 0.03233506944444445