12 0.3937400318979266 0.3322700691121744 0.3780758714969241 0.3334567479304321 0.36561574390521756 0.33298207640312905 0.3549356345408977 0.33298207640312905 0.3406954887218045 0.3358301055669477 0.32859136477557527 0.34010214931267563 0.3442555251765778 0.3358301055669477 0.357427660059239 0.33393141945773525 0.3691757803599909 0.33393141945773525 0.3791438824333561 0.335118098275993
12 0.38483994076099337 0.3377287916761601 0.3990800865800866 0.3365421128579023 0.4115402141717931 0.33179539758487125 0.42613636363636365 0.3249126604389762 0.43574846206425155 0.3213526239842029 0.45497265892002736 0.3220646312751576 0.46850079744816586 0.3230139743297638 0.48843700159489634 0.32348864585706694 0.5055251765778082 0.3230139743297638 0.5219013442697653 0.32230196703880915 0.5368534973798131 0.3270486823118402 0.5222573479152427 0.32420065314802154 0.5041011619958988 0.32443798891167314 0.48879300524037367 0.32514999620262774 0.47241683754841646 0.32443798891167314 0.45888869902027796 0.32325131009341534 0.44429254955570746 0.3225393028024607 0.43574846206425155 0.3225393028024607 0.423288334472545 0.3268113465481886 0.41118421052631576 0.3332194121667806 0.40050410116199586 0.3377287916761601
12 0.45354864433811803 0.3360674413305992 0.44215652768284347 0.3355927698032961 0.4353924584187742 0.3360674413305992 0.4272043745727956 0.33939014202172096 0.4371724766461609 0.337254120148857
12 0.4507006151742994 0.3386781347307663 0.4624487354750513 0.3391528062580694 0.4731288448393711 0.33891547049441784 0.48630097972203234 0.3374914559125085 0.4984051036682616 0.3365421128579023 0.5112212349054455 0.3365421128579023 0.524749373433584 0.3391528062580694 0.5340054682159946 0.3438995215311005 0.520477329687856 0.3391528062580694 0.5101532239690134 0.3377287916761601 0.49591307814992025 0.33820346320346323 0.4806049213943951 0.3391528062580694 0.4628047391205286 0.34033948507632716
12 0.36241171109592163 0.3187419305840358 0.3460355434039645 0.3215899597478545 0.3278793574846206 0.32776068960279486 0.3442555251765778 0.32325131009341534
12 0.5599937343358397 0.3344060909850384 0.5706738437001595 0.335118098275993 0.584201982228298 0.3396274777853725 0.5945260879471406 0.34342485000379736 0.6030701754385965 0.3457982076403129 0.6116142629300524 0.34959557985873774 0.6194463431305537 0.35196893749525326 0.6265664160401002 0.35719032429558745 0.6201583504215082 0.35315561631351106 0.6098342447026658 0.35007025138604086 0.6016461608566872 0.3457982076403129 0.588474025974026 0.342000835421888 0.5731658692185008 0.33701678438520544 0.5639097744360901 0.3341687552213868
12 0.5297334244702666 0.32823536113009794 0.5404135338345865 0.33369408369408365 0.5453975848712691 0.33844079896711476 0.557145705172021 0.34152616389458496 0.5706738437001595 0.3431875142401458 0.5763699020277967 0.344136857294752 0.5617737525632263 0.3431875142401458 0.5500256322624744 0.3398648135490241 0.5411255411255411 0.3355927698032961
12 0.44500455684666207 0.346272879167616 0.4350364547732969 0.3457982076403129 0.4197282980177717 0.34912090833143467 0.4015721120984279 0.3503075871496924 0.38163590795169744 0.34959557985873774 0.3716678058783322 0.34745955798587375 0.359563681932103 0.3472222222222222 0.34674755069491914 0.3493582440950862 0.33891547049441784 0.35386762360446566 0.33286340852130325 0.36336105415052783 0.328235361130098 0.3730918204602415 0.3392714741398952 0.35410495936811726 0.3527996126680337 0.34840890104047995 0.36597174755069495 0.34769689374952534 0.37736386420596946 0.3493582440950862 0.39196001367054 0.35173160173160173 0.4065561631351105 0.3512569302042986 0.420084301663249 0.3498329156223893 0.43468045112781956 0.3472222222222222
12 0.425424356345409 0.3533929520771626 0.4353924584187742 0.35291828054985946 0.45034461152882205 0.35196893749525326 0.4667207792207792 0.3503075871496924 0.48630097972203234 0.3498329156223893 0.5108652312599681 0.35101959444064706 0.482740943267259 0.35078225867699553 0.4613807245386193 0.35173160173160173 0.44429254955570746 0.3533929520771626
12 0.5090852130325815 0.34556087187666135 0.5219013442697653 0.34864623680413154 0.5400575301891092 0.35291828054985946 0.5564336978810663 0.3567156527682843 0.5774379129642288 0.36264904685957317 0.5966621098200046 0.36668375484164956 0.5745898838004101 0.36169970380496697 0.5567897015265436 0.357427660059239 0.5414815447710185 0.3545796308954204 0.5251053770790614 0.3503075871496924
12 0.48523296878560035 0.3590890104047999 0.4813169286853497 0.36763309789625576 0.47918090681248576 0.3792625503151819 0.47918090681248576 0.39017999544315335 0.47918090681248576 0.40252145515303406 0.47811289587605377 0.4143882433356117 0.4784688995215311 0.39753740411635147 0.47668888129414444 0.3868572947520316 0.47882490316700843 0.37546517809675706 0.48202893597630436 0.36122503227766384
12 0.3645477329687856 0.36264904685957317 0.37593984962406013 0.3605130249867092 0.39017999544315335 0.3609876965140123 0.4065561631351105 0.36359838991417937 0.42400034176349966 0.3645477329687856 0.44215652768284347 0.36573441178704336 0.4517686261107314 0.3673957621326042 0.4329004329004329 0.36620908331434643 0.41332023239917975 0.36478506873243716 0.39552005012531327 0.3631237183868763 0.3819919115971747 0.36217437533227004
12 0.3663277511961722 0.3681077694235589 0.3549356345408977 0.37427849927849927 0.3456795397584871 0.379737221842485 0.3382034632034632 0.3870946305156831 0.33179539758487125 0.3927906888433204 0.34033948507632716 0.38305992253360677 0.3474595579858738 0.3771265284423179
12 0.4944890635680109 0.36787043365990735 0.5126452494873548 0.3654970760233918 0.5304454317612213 0.37000645553277134 0.5500256322624744 0.37404116351484773 0.5756578947368421 0.37831320726057566 0.5888300296195033 0.38400926558821297 0.5692498291182502 0.37783853573327253 0.5471776030986557 0.37427849927849927 0.5279534062428799 0.3711931343510291 0.5140692640692641 0.36668375484164956
12 0.5927460697197539 0.38234791524265205 0.6005781499202552 0.38780663780663777 0.609122237411711 0.39326536037062354 0.6162423103212576 0.39872408293460926 0.6222943722943723 0.4060814916078073 0.609122237411711 0.39563871800713907
12 0.5866228070175439 0.35145429362880887 0.6007617728531855 0.35837950138504154 0.6073984302862419 0.3624192059095106 0.6076869806094183 0.3649199753770391 0.6140350877192983 0.37184518313327175 0.61865189289012 0.3787703908895044 0.6091297322253001 0.3687673130193906 0.6053785780240073 0.3647276084949215 0.6045129270544782 0.3624192059095106 0.5958564173591875 0.3572253000923361