12 0.3977958937198068 0.2774003623188406 0.4132699275362319 0.270606884057971 0.41591183574879226 0.2728713768115942 0.44157608695652173 0.2655117753623188 0.46233393719806765 0.267776268115942 0.48158212560386465 0.2751358695652174 0.497433574879227 0.28589221014492755 0.47478864734299514 0.27117300724637683 0.4442179951690821 0.264945652173913 0.41817632850241543 0.2740036231884058 0.41062801932367143 0.27117300724637683
12 0.388737922705314 0.4223278985507246 0.3947765700483092 0.38836050724637683 0.40685386473429946 0.35892210144927533 0.4177989130434782 0.34193840579710144 0.43327294685990336 0.3266530797101449 0.44535024154589364 0.3192934782608695 0.426856884057971 0.3311820652173913 0.40836352657004826 0.35665760869565216 0.39704106280193235 0.3759057971014493 0.3902475845410628 0.40421195652173914
12 0.39439915458937197 0.2717391304347826 0.3857185990338164 0.2802309782608695 0.3743961352657004 0.29495018115942023 0.3660929951690821 0.3062726449275362 0.37854770531400966 0.29268568840579706 0.38609601449275366 0.28306159420289856
12 0.39100241545893716 0.3385416666666667 0.39817330917874394 0.3283514492753623 0.4117602657004831 0.31759510869565216 0.42232789855072467 0.3074048913043478 0.4393115942028985 0.30174365942028986 0.4528985507246377 0.29551630434782605 0.46497584541062803 0.2932518115942029 0.4868659420289855 0.2972146739130435 0.5042270531400966 0.30853713768115937 0.47101449275362317 0.2921195652173913 0.4427083333333333 0.30061141304347827 0.41893115942028986 0.31589673913043476 0.39855072463768115 0.3283514492753623
12 0.39590881642512077 0.3192934782608695 0.38949275362318836 0.3357110507246377 0.38420893719806765 0.3481657608695652 0.37779287439613524 0.3674139492753623 0.3725090579710145 0.3911911231884058 0.37062198067632846 0.4166666666666667 0.3694897342995169 0.42685688405797095 0.3717542270531401 0.3985507246376811 0.3759057971014492 0.37873641304347827 0.38081219806763283 0.3555253623188406
12 0.419308574879227 0.22418478260869565 0.4087409420289855 0.22588315217391303 0.40157004830917875 0.2321105072463768 0.38949275362318836 0.24003623188405798 0.37515096618357485 0.2496603260869565 0.36080917874396135 0.26154891304347827 0.3502415458937198 0.27966485507246375 0.34344806763285024 0.2960824275362319 0.3491092995169082 0.28079710144927533 0.35778985507246375 0.2672101449275362 0.3743961352657004 0.24796195652173914 0.3940217391304347 0.23663949275362317
12 0.4128925120772947 0.27966485507246375 0.4023248792270531 0.2915534420289855 0.39100241545893716 0.3034420289855072 0.38269927536231885 0.31589673913043476 0.3747735507246377 0.3323143115942029 0.3725090579710145 0.348731884057971 0.37515096618357485 0.33288043478260865 0.3838315217391304 0.31589673913043476 0.39666364734299514 0.30004528985507245
12 0.4642857142857143 0.503720238095238 0.4533730158730158 0.5014880952380952 0.44270833333333326 0.4985119047619047 0.4360119047619047 0.4977678571428571 0.42857142857142855 0.5055803571428571 0.4208829365079365 0.5171130952380952 0.4176587301587301 0.5241815476190476 0.4069940476190476 0.5416666666666666 0.40625 0.5491071428571428 0.4131944444444444 0.5379464285714285 0.4208829365079365 0.5267857142857142 0.4265873015873015 0.5141369047619047 0.43377976190476186 0.5052083333333333 0.4382440476190476 0.5007440476190476 0.44692460317460314 0.5026041666666666 0.4543650793650793 0.5044642857142857
12 0.3582516339869281 0.5058210784313726 0.3656045751633987 0.5003063725490197 0.37316176470588236 0.4966299019607843 0.37520424836601307 0.49785539215686275 0.3858251633986928 0.4926470588235294 0.3923611111111111 0.4883578431372549 0.39828431372549017 0.4852941176470588 0.4056372549019608 0.48498774509803927 0.3962418300653595 0.4886642156862745 0.3819444444444444 0.49724264705882354 0.37806372549019607 0.5098039215686275 0.37663398692810457 0.5193014705882353 0.3756127450980392 0.5232843137254902 0.37234477124183013 0.5294117647058824 0.36989379084967317 0.5386029411764707 0.3645833333333333 0.5490196078431373 0.35559640522875824 0.5585171568627452 0.36601307189542487 0.5444240196078431 0.3715277777777778 0.5287990196078431 0.37581699346405234 0.5180759803921569 0.38010620915032683 0.49969362745098045 0.3784722222222222 0.4990808823529412 0.37295751633986934 0.5 0.36580882352941174 0.5027573529411765
12 0.43933823529411764 0.524203431372549 0.43504901960784315 0.5346200980392157 0.4325980392156863 0.5419730392156862 0.42790032679738566 0.5520833333333334 0.4262663398692811 0.5646446078431373 0.4240196078431373 0.5796568627450981 0.4201388888888889 0.5943627450980392 0.417483660130719 0.6102941176470588 0.4131944444444444 0.6283700980392157 0.40870098039215685 0.6430759803921569 0.4040032679738562 0.6587009803921569 0.4021650326797386 0.6737132352941176 0.3978758169934641 0.6884191176470588 0.3946078431372549 0.7043504901960785 0.3917483660130719 0.7215073529411764 0.3901143790849673 0.7383578431372549 0.386233660130719 0.7552083333333334 0.3858251633986928 0.7637867647058824 0.3866421568627451 0.7463235294117647 0.39031862745098045 0.7166053921568628 0.3968545751633987 0.6847426470588236 0.40461601307189543 0.6522671568627452 0.4131944444444444 0.6240808823529412 0.4203431372549019 0.5900735294117647 0.4258578431372549 0.5618872549019608 0.43157679738562094 0.5435049019607843
12 0.41891339869281047 0.6087622549019608 0.42054738562091504 0.6194852941176471 0.42197712418300654 0.6329656862745098 0.42197712418300654 0.6455269607843138 0.4207516339869281 0.6583946078431373 0.4193218954248366 0.6727941176470588 0.417483660130719 0.6914828431372549 0.4168709150326797 0.710171568627451 0.4156454248366013 0.7267156862745098 0.4164624183006536 0.7328431372549019 0.41401143790849676 0.7224264705882353 0.4158496732026144 0.7012867647058824 0.4158496732026144 0.6822916666666666 0.4193218954248366 0.6620710784313726 0.4201388888888889 0.6378676470588236 0.4197303921568627 0.617953431372549
12 0.45383986928104575 0.7757352941176471 0.4552696078431373 0.7662377450980392 0.4507761437908497 0.7484681372549019 0.4481209150326798 0.7276348039215687 0.44934640522875824 0.7068014705882353 0.4509803921568627 0.6982230392156864 0.45016339869281047 0.6908700980392157 0.4513888888888889 0.6813725490196079 0.45669934640522875 0.6706495098039216 0.4526143790849673 0.6737132352941176 0.44893790849673204 0.6838235294117647 0.4485294117647059 0.6936274509803921 0.44934640522875824 0.7003676470588236 0.4475081699346405 0.7135416666666666 0.4468954248366013 0.7276348039215687 0.4485294117647059 0.7420343137254902 0.4509803921568627 0.7533700980392157 0.4526143790849673 0.7631740196078431