0 0.4930555555555556 0.24356617647058823 0.022058823529411766 0.018688725490196078
0 0.6452205882352942 0.296875 0.03145424836601307 0.024509803921568627
0 0.5894607843137255 0.23805147058823528 0.06862745098039216 0.019301470588235295
0 0.6274509803921569 0.2679227941176471 0.04003267973856209 0.028186274509803922
0 0.6068218954248366 0.2927389705882353 0.016339869281045753 0.011029411764705883
0 0.5778186274509803 0.3086703431372549 0.013888888888888888 0.00857843137254902
0 0.5373774509803921 0.2688419117647059 0.0298202614379085 0.025735294117647058
0 0.4852941176470588 0.32077205882352944 0.03308823529411765 0.015625
0 0.41748366013071897 0.22977941176470587 0.039624183006535946 0.017463235294117647
0 0.44689542483660133 0.2538296568627451 0.04370915032679738 0.025122549019607844
0 0.3321078431372549 0.2777267156862745 0.05800653594771242 0.034926470588235295
0 0.37030228758169936 0.21461397058823528 0.03308823529411765 0.03829656862745098
0 0.4082924836601307 0.18060661764705882 0.061683006535947715 0.016544117647058824
0 0.3872549019607843 0.28599877450980393 0.04656862745098039 0.041666666666666664
0 0.38419117647058826 0.25045955882352944 0.01919934640522876 0.011642156862745098
0 0.5594362745098039 0.20082720588235295 0.046977124183006536 0.042279411764705885
0 0.6564542483660131 0.2587316176470588 0.060866013071895424 0.061274509803921566
0 0.5778186274509803 0.2760416666666667 0.02900326797385621 0.0392156862745098
0 0.5194035947712419 0.30514705882352944 0.016748366013071895 0.012254901960784314
0 0.49673202614379086 0.28079044117647056 0.02246732026143791 0.04350490196078431
0 0.6301062091503268 0.49004289215686275 0.024509803921568627 0.01685049019607843
0 0.6356209150326797 0.5105698529411765 0.00857843137254902 0.011029411764705883
0 0.5759803921568627 0.4777879901960784 0.009395424836601307 0.01011029411764706
0 0.33700980392156865 0.4885110294117647 0.03308823529411765 0.021752450980392156
0 0.44955065359477125 0.38036151960784315 0.013888888888888888 0.011642156862745098
0 0.4264705882352941 0.32046568627450983 0.011029411764705883 0.009497549019607842
0 0.49264705882352944 0.34941789215686275 0.04125816993464052 0.029105392156862746
0 0.429125816993464 0.2847732843137255 0.041666666666666664 0.028799019607843136
0 0.4227941176470588 0.20634191176470587 0.027777777777777776 0.020833333333333332
0 0.5132761437908496 0.2541360294117647 0.027777777777777776 0.013174019607843137
0 0.35661764705882354 0.3049938725490196 0.009395424836601307 0.01011029411764706