0 0.24877450980392157 0.4967830882352941 0.021241830065359478 0.015931372549019607
0 0.32802287581699346 0.6660539215686274 0.031862745098039214 0.022058823529411766
0 0.3386437908496732 0.7081801470588235 0.031862745098039214 0.022058823529411766
0 0.37030228758169936 0.6737132352941176 0.031862745098039214 0.017769607843137254
0 0.304125816993464 0.6142769607843137 0.05514705882352941 0.01838235294117647
0 0.4528186274509804 0.39675245098039214 0.016748366013071895 0.014093137254901961
0 0.4583333333333333 0.37607230392156865 0.016748366013071895 0.008272058823529412
0 0.4362745098039216 0.4459252450980392 0.0457516339869281 0.02420343137254902
0 0.5886437908496732 0.4348958333333333 0.016748366013071895 0.010416666666666666
0 0.5518790849673203 0.4401041666666667 0.037173202614379085 0.01685049019607843
0 0.6006944444444444 0.4803921568627451 0.028186274509803922 0.028799019607843136
0 0.5095996732026143 0.41329656862745096 0.016748366013071895 0.011642156862745098
0 0.5316584967320261 0.4102328431372549 0.01184640522875817 0.013786764705882353
0 0.5400326797385621 0.4990808823529412 0.018790849673202614 0.014705882352941176
0 0.5375816993464052 0.5563725490196079 0.015522875816993464 0.013786764705882353
0 0.5904820261437909 0.5061274509803921 0.02042483660130719 0.01011029411764706
0 0.31290849673202614 0.5093443627450981 0.015931372549019607 0.01011029411764706
0 0.36090686274509803 0.39368872549019607 0.01838235294117647 0.01011029411764706
0 0.4152369281045752 0.3596813725490196 0.04125816993464052 0.007352941176470588
0 0.37173202614379086 0.4713541666666667 0.014705882352941176 0.013174019607843137
0 0.34068627450980393 0.4805453431372549 0.016748366013071895 0.011642156862745098
0 0.4250408496732026 0.6732536764705882 0.025735294117647058 0.013174019607843137
0 0.2540849673202614 0.7166053921568627 0.017565359477124183 0.012561274509803922
0 0.5659722222222222 0.6493566176470589 0.0428921568627451 0.025122549019607844
0 0.5806781045751634 0.6214767156862745 0.02042483660130719 0.018995098039215685