0 0.3999183006535948 0.4443933823529412 0.026143790849673203 0.027573529411764705
0 0.4285130718954248 0.42294730392156865 0.035130718954248366 0.01991421568627451
0 0.4354575163398693 0.4580269607843137 0.014705882352941176 0.011948529411764705
0 0.38500816993464054 0.36519607843137253 0.030637254901960783 0.0196078431372549
0 0.38419117647058826 0.4059436274509804 0.016339869281045753 0.03799019607843137
1 0.23794934640522875 0.37806372549019607 0.08047385620915033 0.06341911764705882
0 0.13112745098039216 0.35401348039215685 0.024918300653594773 0.01991421568627451
0 0.15379901960784315 0.3325674019607843 0.03308823529411765 0.009497549019607842
0 0.15155228758169934 0.3746936274509804 0.01715686274509804 0.011948529411764705
0 0.1701388888888889 0.3630514705882353 0.03553921568627451 0.018995098039215685
0 0.1687091503267974 0.40441176470588236 0.028594771241830064 0.012254901960784314
0 0.1337826797385621 0.42018995098039214 0.03227124183006536 0.01133578431372549
0 0.3073937908496732 0.4443933823529412 0.017973856209150325 0.00857843137254902
0 0.33088235294117646 0.39537377450980393 0.017973856209150325 0.007659313725490196
0 0.34987745098039214 0.38036151960784315 0.008986928104575163 0.01011029411764706
0 0.31719771241830064 0.5776654411764706 0.022058823529411766 0.015625
4 0.3359885620915033 0.5942095588235294 0.07230392156862746 0.0585171568627451
0 0.17851307189542484 0.5952818627450981 0.029411764705882353 0.03002450980392157
0 0.0974264705882353 0.40517769607843135 0.02369281045751634 0.013786764705882353
0 0.0951797385620915 0.37637867647058826 0.02042483660130719 0.0352328431372549
0 0.15747549019607843 0.38848039215686275 0.0661764705882353 0.0196078431372549
0 0.11233660130718955 0.33700980392156865 0.031862745098039214 0.0272671568627451
0 0.17177287581699346 0.43474264705882354 0.014705882352941176 0.01011029411764706
0 0.12520424836601307 0.4476102941176471 0.016339869281045753 0.012867647058823529
0 0.34334150326797386 0.6937806372549019 0.015931372549019607 0.009191176470588236