0 0.3788793103448276 0.43539507772020725 0.028448275862068967 0.031088082901554404
0 0.375 0.38261010362694303 0.01896551724137931 0.012629533678756476
0 0.4079741379310345 0.48251295336787564 0.0353448275862069 0.04015544041450777
0 0.43103448275862066 0.5440414507772021 0.015086206896551725 0.014248704663212436
0 0.4984913793103448 0.5872733160621761 0.03836206896551724 0.04404145077720207
0 0.5543103448275862 0.6075129533678757 0.02543103448275862 0.013601036269430052
0 0.5948275862068966 0.6259715025906736 0.05732758620689655 0.03205958549222798
0 0.6448275862068965 0.6156088082901554 0.010775862068965518 0.012629533678756476
0 0.6355603448275862 0.6502590673575129 0.026724137931034484 0.02072538860103627
0 0.6844827586206896 0.6246761658031088 0.04655172413793104 0.026230569948186528
0 0.6217672413793104 0.4791126943005181 0.029741379310344828 0.01522020725388601
0 0.5228448275862069 0.4211463730569948 0.01896551724137931 0.01910621761658031
0 0.6862068965517242 0.27898316062176165 0.029741379310344828 0.01683937823834197
0 0.6782327586206897 0.20984455958549222 0.021120689655172414 0.013601036269430052
0 0.6786637931034483 0.23850388601036268 0.03620689655172414 0.034974093264248704
0 0.6355603448275862 0.19106217616580312 0.04698275862068965 0.02493523316062176
0 0.6877155172413794 0.14702072538860103 0.04698275862068965 0.03044041450777202
0 0.6387931034482759 0.16143134715025906 0.03318965517241379 0.023316062176165803
0 0.7196120689655172 0.20498704663212436 0.04870689655172414 0.06573834196891191
4 0.4866379310344828 0.4836463730569948 0.047844827586206895 0.06930051813471502
0 0.6331896551724138 0.3848769430051813 0.06465517241379311 0.02493523316062176
0 0.5592672413793104 0.5863018134715026 0.05129310344827586 0.018458549222797927
0 0.6829741379310345 0.3481217616580311 0.01896551724137931 0.03335492227979275
5 0.5241379310344828 0.35654145077720206 0.1853448275862069 0.059909326424870464
5 0.7491379310344828 0.37678108808290156 0.09655172413793103 0.05213730569948186