5 0.46056034482758623 0.4117551813471503 0.17672413793103448 0.06703367875647669
5 0.25883620689655173 0.44365284974093266 0.07801724137931035 0.040803108808290155
0 0.5262931034482758 0.5085816062176166 0.07801724137931035 0.02266839378238342
0 0.5428879310344827 0.43150906735751293 0.03620689655172414 0.01878238341968912
0 0.5864224137931034 0.5539183937823834 0.02413793103448276 0.02655440414507772
0 0.5560344827586207 0.5273639896373057 0.01896551724137931 0.010686528497409326
0 0.54375 0.6055699481865285 0.03318965517241379 0.03400259067357513
0 0.5327586206896552 0.5398316062176166 0.02025862068965517 0.019753886010362695
0 0.44288793103448276 0.6970531088082902 0.03017241379310345 0.015867875647668395
0 0.45754310344827587 0.6666126943005182 0.04439655172413793 0.02493523316062176
0 0.33426724137931035 0.6852331606217616 0.03362068965517241 0.01683937823834197
0 0.3857758620689655 0.6795660621761658 0.028448275862068967 0.014572538860103627
0 0.4206896551724138 0.7213406735751295 0.030603448275862068 0.023639896373056996
0 0.6383620689655173 0.4851036269430052 0.03620689655172414 0.11787564766839378
0 0.3331896551724138 0.25761010362694303 0.03017241379310345 0.024287564766839378
0 0.28879310344827586 0.23526554404145078 0.03017241379310345 0.020401554404145077
0 0.2497844827586207 0.28837435233160624 0.03620689655172414 0.05181347150259067
0 0.2941810344827586 0.28918393782383417 0.03146551724137931 0.024287564766839378
0 0.3088362068965517 0.33630181347150256 0.02025862068965517 0.012305699481865285
0 0.33125 0.35346502590673573 0.02025862068965517 0.016515544041450777
0 0.2821120689655172 0.3439119170984456 0.016379310344827588 0.011981865284974092
0 0.25797413793103446 0.3283678756476684 0.028448275862068967 0.014572538860103627
0 0.22349137931034482 0.5425841968911918 0.027155172413793102 0.07512953367875648
0 0.47155172413793106 0.6327720207253886 0.052586206896551725 0.029468911917098446
0 0.4993534482758621 0.5822538860103627 0.02543103448275862 0.03659326424870466