12 0.21834781911557347 0.16410024261372078 0.22825128391347202 0.1697588716693663 0.24287068432941752 0.17824681525283462 0.26362080104882407 0.18956407336412573 0.279183388588379 0.19522270241977124 0.3013482859931996 0.19805201694759403 0.32351318339802027 0.19310071652390418 0.34992242285908315 0.19593003105172693 0.3692577588930756 0.2015886601073725 0.34945082929727844 0.19522270241977124 0.32398477695982497 0.19310071652390418 0.3032346602404184 0.19875934557954972 0.2796549821501837 0.19451537378781555 0.26314920748701937 0.18885674473217004 0.2438138714530269 0.17824681525283462 0.2291944710370814 0.170466200301322
12 0.37397369451112256 0.1994666742115054 0.3895362820506775 0.20724728916301802 0.40604205671384175 0.2192718759062648 0.42443420562422485 0.23058913401755587 0.43669563823114693 0.23624776307320144 0.4499002579616783 0.2503943357123153 0.4532014128943112 0.25393097887209376 0.4399967931637797 0.241906392128847 0.42443420562422485 0.23058913401755587 0.4036840889048182 0.2185645472743091 0.38623512711804453 0.20441797463519526
12 0.21598985130655 0.17824681525283462 0.20042726376699507 0.18036880114870169 0.1858078633510495 0.18744208746825863 0.17354643074412748 0.19168605925999277 0.15656906251915848 0.19310071652390418 0.14194966210321297 0.2001740028434611 0.13534735223794725 0.20512530326715095 0.1476087848448693 0.19805201694759403 0.16175659169901013 0.19522270241977124 0.17873395992397914 0.19097873062803708 0.19382495390172932 0.18602743020434725
12 0.205143199385042 0.19805201694759403 0.21881941267737814 0.2022959887393282 0.23815474871137057 0.2100766036908408 0.25796167830716776 0.2185645472743091 0.24145590364400343 0.2100766036908408 0.22353534829542507 0.20441797463519526
12 0.330115493263286 0.2206865331701762 0.3475644550500597 0.2199792045382205 0.36501341683683336 0.23200379128146728 0.38812150136526335 0.24756502118449253 0.39802496616316196 0.2546383075040495 0.37680325588195074 0.23907707760102423 0.35841110697156764 0.22493050496191036 0.3480360486118643 0.2199792045382205
12 0.40085452753399015 0.251101664344271 0.4168887086353497 0.25958960792773933 0.42867854768046704 0.27373618056685317 0.4168887086353497 0.2581749506638279 0.43622404466934217 0.2687848801431633 0.45131503864709244 0.28293145278227716 0.44518432234363137 0.27585816646272027 0.422547831377006 0.260296936559695
12 0.4560309742651394 0.3600302736654477 0.4508434450852877 0.3423470578665554 0.4414115738491938 0.3197125416439732 0.4319797026131 0.3076879549007264 0.41405914726452153 0.2956633681574797 0.39142265629789624 0.28505343867814426 0.3711441331402944 0.27161419467098613 0.3437917065556221 0.25180899297622666 0.3187972477799733 0.24615036392058112 0.2886152598244729 0.24685769255253684 0.2584332718689724 0.24473570665666974 0.2277796903516673 0.23200379128146728 0.21504666418294058 0.22280851906604326 0.23579678090234715 0.23695509170515713 0.2541889298127302 0.2433210493927584 0.26314920748701937 0.24685769255253684 0.2862572920154494 0.2496870070803596 0.30700740873485594 0.2489796784484039 0.32492796408343433 0.2496870070803596 0.3452064872410362 0.25534563613600514 0.36454182327502865 0.26949220877511904 0.38340556574721646 0.28293145278227716 0.40179771465759956 0.2921267249977012 0.4187750828825685 0.30061466858116953 0.43245129617490463 0.3098099407965935 0.4437695416582173 0.3246638420676631 0.4508434450852877 0.34588370102633387
12 0.4131159601409121 0.3232491848037517 0.41830348932076383 0.3345664429150427 0.42443420562422485 0.3416397292345997 0.4319797026131 0.36285958819327047 0.43622404466934217 0.37912814672825146 0.439525199601975 0.39751869115909944 0.4437695416582173 0.4243971791734158 0.4456559159054361 0.4434950522362195 0.4423547609728032 0.412372592430169 0.43811041891656094 0.38761609031171973 0.42962173480407645 0.3579082877695806 0.42584898630963886 0.3444690437624225 0.4201898635679826 0.3345664429150427
12 0.18250670841841668 0.2192718759062648 0.165057746631643 0.2192718759062648 0.15043834621569746 0.2178572186423534 0.1400632878559942 0.22139386180213189 0.13157460374350968 0.23200379128146728 0.12591548100185337 0.251101664344271 0.1235575131928299 0.2687848801431633 0.12827344881087682 0.24473570665666974 0.1367621329233613 0.22634516222582174 0.15138153333930685 0.21714989001039772 0.16930208868788524 0.2192718759062648
12 0.12402910675463459 0.2900047391018341 0.13298938442892377 0.2709068660390304 0.14525081703584583 0.2588822792957836 0.16269977882261952 0.25393097887209376 0.18250670841841668 0.26312625108751775 0.20137045089060446 0.2645409083514292 0.22259216117181568 0.26807755151120766 0.24192749720580814 0.2779801523585873 0.2645639881724335 0.28505343867814426 0.2862572920154494 0.28859008183792273 0.3055926280494419 0.287882753205967 0.32351318339802027 0.2907120677337898 0.3437917065556221 0.30344398310899223 0.36454182327502865 0.31759055574810613 0.3900078756124821 0.3267858279635302 0.40557046315203704 0.33385911428308707 0.38246237862360705 0.3246638420676631 0.3546383584771301 0.3126392553244163 0.33247346107230946 0.2942487108935683 0.3088937829820747 0.28717542457401135 0.28201294995920717 0.287882753205967 0.2589048654307771 0.2836387814142329 0.2376831551495659 0.27656549509467593 0.21787622555376876 0.26595556561534056 0.19382495390172932 0.26383357971947347 0.1726032436205181 0.25746762203187223 0.15704065608096318 0.2532236502401381 0.1400632878559942 0.260296936559695
12 0.40423428139359047 0.568786530576638 0.41208631419763864 0.571403646514874 0.41761181876345027 0.5770740643810521 0.4240097714186006 0.5823082962575242 0.43128017216308967 0.5857977841751724 0.4373873087884605 0.5914682020413504 0.4417495492351539 0.6019366657942947 0.444948525562729 0.6058623397016488 0.45163729424765897 0.6045537817325307 0.4603617751410458 0.6049899677222368 0.4626883033792823 0.6089156416295909 0.46995870412377133 0.610660385588415 0.47228523236200787 0.6067347116810609 0.46792299191531445 0.6084794556398848 0.4626883033792823 0.6089156416295909 0.4600709591112663 0.6049899677222368 0.45163729424765897 0.6045537817325307 0.444948525562729 0.6058623397016488 0.4400046530564765 0.5984471778766467 0.4356424126097831 0.5910320160516445 0.4324434362822079 0.5875425281339963 0.42488221950793925 0.5827444822472303 0.41761181876345027 0.5770740643810521 0.411795498167859 0.571403646514874
12 0.4155761065549934 0.5631161127104598 0.42284650729948237 0.5635522987001658 0.43069854010353054 0.5622437407310478 0.4341883324608853 0.5644246706795778 0.43709649275868084 0.5679141585972258 0.444948525562729 0.5683503445869319 0.45396382248589545 0.570095088545756 0.4612342232303845 0.5666056006281078 0.4696678880939918 0.5583180668236937 0.4551270866050137 0.5705312745354619 0.44436689350316994 0.56965890255605 0.4353515965800035 0.5666056006281078 0.4327342523119874 0.5626799267207537 0.42226487523992323 0.5631161127104598