0 0.6127450980392157 0.32199754901960786 0.053513071895424834 0.057291666666666664
0 0.6703431372549019 0.34972426470588236 0.056781045751633986 0.05024509803921569
0 0.27267156862745096 0.27205882352941174 0.02246732026143791 0.014093137254901961
0 0.23590686274509803 0.2858455882352941 0.015931372549019607 0.009191176470588236
0 0.23304738562091504 0.3324142156862745 0.017565359477124183 0.03799019607843137
0 0.31719771241830064 0.4710477941176471 0.03349673202614379 0.01838235294117647
4 0.4199346405228758 0.4944852941176471 0.0821078431372549 0.06740196078431372
0 0.5381944444444444 0.44607843137254904 0.04411764705882353 0.03278186274509804
0 0.5077614379084967 0.49800857843137253 0.05024509803921569 0.04963235294117647
0 0.5573937908496732 0.49356617647058826 0.04370915032679738 0.03370098039215686
0 0.6370506535947712 0.4580269607843137 0.0661764705882353 0.0392156862745098
0 0.639501633986928 0.42294730392156865 0.018790849673202614 0.013480392156862746
0 0.7171160130718954 0.4488357843137255 0.017565359477124183 0.01838235294117647
0 0.7324346405228758 0.4892769607843137 0.015931372549019607 0.02022058823529412
0 0.65625 0.5130208333333334 0.0494281045751634 0.0392156862745098
0 0.7171160130718954 0.5222120098039216 0.02900326797385621 0.015318627450980392
0 0.6225490196078431 0.5712316176470589 0.06331699346405228 0.02297794117647059
0 0.5610702614379085 0.5375306372549019 0.04779411764705882 0.025122549019607844
0 0.3125 0.41881127450980393 0.01511437908496732 0.011029411764705883
0 0.5665849673202614 0.7055759803921569 0.01715686274509804 0.013786764705882353
0 0.5786356209150327 0.6544117647058824 0.017973856209150325 0.010723039215686275
0 0.5185866013071896 0.7006740196078431 0.022058823529411766 0.00980392156862745
0 0.47120098039215685 0.7239583333333334 0.025735294117647058 0.015625
0 0.46875 0.7487745098039216 0.030637254901960783 0.01991421568627451
0 0.5051062091503268 0.7378982843137255 0.022058823529411766 0.012867647058823529
0 0.6339869281045751 0.7164522058823529 0.027777777777777776 0.016237745098039217
0 0.6215277777777778 0.6364889705882353 0.00857843137254902 0.013480392156862746
0 0.5859885620915033 0.42264093137254904 0.026552287581699346 0.015625
0 0.5512663398692811 0.4675245098039216 0.029411764705882353 0.014705882352941176
0 0.5959967320261438 0.48575367647058826 0.026552287581699346 0.02542892156862745
0 0.6858660130718954 0.5358455882352942 0.016748366013071895 0.014705882352941176
0 0.6652369281045751 0.5853247549019608 0.028186274509803922 0.019301470588235295
0 0.43913398692810457 0.5899203431372549 0.05065359477124183 0.015625
0 0.3547794117647059 0.46629901960784315 0.0196078431372549 0.02267156862745098
0 0.2747140522875817 0.4013480392156863 0.014705882352941176 0.011948529411764705
0 0.4409722222222222 0.46400122549019607 0.028186274509803922 0.01991421568627451
0 0.49836601307189543 0.5612745098039216 0.024509803921568627 0.013786764705882353
0 0.47201797385620914 0.5271139705882353 0.015522875816993464 0.013786764705882353
0 0.46691176470588236 0.4895833333333333 0.01838235294117647 0.02022058823529412