12 0.3147779986746189 0.3570848417339645 0.3330891841930871 0.3573749187784275 0.35532419517979835 0.3567947646895015 0.37189145826793624 0.35621461060057547 0.3971783335077255 0.35853522695627954 0.41636148024135883 0.3599856121785946 0.43510864636740954 0.35853522695627954 0.4512399288479648 0.35302376311148237 0.4708590561891806 0.34722222222222215 0.4948379896062223 0.3443214517775921 0.5070454466185343 0.34374129768866607 0.481758571378745 0.34577183699990716 0.4630114052526943 0.3498329156223893 0.4420843360887307 0.3559245335561125 0.43510864636740954 0.35824514991181655 0.41723344145652397 0.3599856121785946 0.3976143141153081 0.35853522695627954 0.373199400090684 0.35621461060057547 0.3548882145722158 0.3570848417339645 0.3326532035855045 0.3573749187784275
12 0.32349761082627043 0.3744894644017451 0.3383209514840779 0.3744894644017451 0.3557601757873809 0.3753596955351341 0.37494332252101426 0.37477954144620806 0.3910746050015695 0.3744894644017451 0.40894980991245505 0.37681008075744915 0.4311848208991664 0.37622992666852306 0.45734365735412086 0.37303907917943 0.48045062955599727 0.37158869395711497 0.45865159917686854 0.37274900213496703 0.4342366851522444 0.3753596955351341 0.40938579052003765 0.37681008075744915 0.39063862439398694 0.3753596955351341 0.37494332252101426 0.3756497725795971 0.35532419517979835 0.37477954144620806 0.33744899026891284 0.37477954144620806
12 0.5009417181123783 0.3916040100250626 0.4835024938090753 0.39247424115845164 0.46519130829060723 0.39276431820291463 0.44688012277213907 0.3936345493363037 0.43554462697499213 0.39653531978093376 0.40851382930487246 0.3979857050032488 0.4364165881901573 0.39624524273647077 0.4464441421645565 0.3936345493363037 0.4660632695057723 0.39276431820291463 0.484810435631823 0.3918940870695256
12 0.31608594049736666 0.38957347071382153 0.3326532035855045 0.38928339366935855 0.3435527187750689 0.39247424115845164 0.3509643891039726 0.39073377889167354 0.3697115552300233 0.3916040100250626 0.3858428377105786 0.39276431820291463 0.4024101007987164 0.3930543952473777 0.4150535384186111 0.3942147034252297 0.4303128596840012 0.39334447229184066 0.4394684524432353 0.3930543952473777 0.41330961598828075 0.3939246263807667 0.3941264692546475 0.3936345493363037 0.37189145826793624 0.39276431820291463 0.3509643891039726 0.39102385593613664 0.3439886993826514 0.3921841641139886 0.3335251648006696 0.3898635477582846
12 0.3688395940148582 0.4107490949596212 0.38453489588783085 0.41132924904854723 0.3989222559380558 0.41132924904854723 0.4115656935579505 0.4127796342708623 0.41200167416553307 0.41306971131532527 0.4024101007987164 0.4127796342708623 0.38671479892574373 0.4119094031374733
12 0.42813295664608836 0.41423001949317734 0.43554462697499213 0.4145200965376404 0.4490600258100519 0.4127796342708623 0.46431934707544203 0.4116193260930103 0.4795786683408322 0.4107490949596212 0.49353004778347453 0.41103917200408424 0.5083533884412821 0.40755824747052816 0.5170730005929336 0.40378724589250903 0.5074814272261169 0.40755824747052816 0.49396602839105713 0.41132924904854723 0.48132259077116246 0.41132924904854723 0.4638833664678595 0.4121994801819363 0.4481880645948868 0.41364986540425136 0.4359806075825747 0.41481017358210337
12 0.5196888842384291 0.4119094031374733 0.5323323218583237 0.40871855564838017 0.546283701300966 0.4066880163371391 0.5641589062118516 0.404657477025898 0.5772383244393289 0.404367399981435 0.5881378396288933 0.4084284786039172 0.5776743050469114 0.404077322936972 0.5650308674270167 0.404367399981435 0.5449757594782184 0.40697809338160207 0.5284084963900806 0.4101689408706952
12 0.4698552868833511 0.5283314876338132 0.4762124924869388 0.5214101144333703 0.4819917703083823 0.5141042204995694 0.48719312034768136 0.5079518887658423 0.49066068704054744 0.5021840777654731 0.48314762587267096 0.5148732619662852
12 0.5733043598871885 0.49372462163159836 0.5923759766979518 0.4887258520979451 0.6102917379444265 0.48603420696443955 0.6241620047158907 0.48334256183093394 0.6039345323408387 0.4875722898978713 0.5831291321836423 0.49141749723145073
12 0.5611678764621573 0.4956472252983881 0.5819732766193536 0.4941091423649563 0.6033566045586943 0.49334010089824043 0.624739932498035 0.49603174603174605 0.6033566045586943 0.49334010089824043 0.5819732766193536 0.4944936630983142
12 0.3392436081187295 0.5044912021656208 0.3236395580008322 0.5041066814322629 0.30572379675435757 0.5052602436323367 0.28954181885431596 0.5117970960994217 0.3074575801007906 0.5052602436323367 0.3247954135651209 0.5044912021656208
12 0.3045679411900689 0.5183339485665067 0.32248370243654356 0.5110280546327057 0.34386703037588423 0.5079518887658423 0.3635165749687919 0.5048757228989788 0.34328910259373985 0.5075673680324844 0.3219057746543992 0.5117970960994217
12 0.6085579545979936 0.4595022763627415 0.6224282213694576 0.4533499446290144 0.6357205603587776 0.43950719822812845
12 0.6079800268158491 0.4664236495631845 0.6154930879837255 0.46257844222960504 0.6287854269730454 0.45642611049587795 0.6403439826159323 0.44373692629506584 0.6322529936659115 0.4552725482958041 0.6206944380230247 0.4618094007628892
12 0.5912201211336632 0.4810354374307863 0.6010448934301169 0.4775747508305648 0.6206944380230247 0.4710378983634798 0.6368764159230662 0.46719269102990035 0.6513246104766749 0.4591177556293835 0.6322529936659115 0.46834625322997414 0.6189606546765916 0.47065337763012177 0.6022007489944057 0.476421188630491