0 0.3944035947712418 0.47931985294117646 0.042075163398692814 0.044730392156862746
0 0.4646650326797386 0.49034926470588236 0.024918300653594773 0.04963235294117647
0 0.4127859477124183 0.5367647058823529 0.11437908496732026 0.03002450980392157
0 0.46977124183006536 0.30484068627450983 0.024918300653594773 0.013786764705882353
0 0.42116013071895425 0.3169424019607843 0.026552287581699346 0.016237745098039217
0 0.35927287581699346 0.33379289215686275 0.04493464052287582 0.03768382352941176
0 0.6913807189542484 0.3481924019607843 0.015931372549019607 0.035845588235294115
0 0.6621732026143791 0.48422181372549017 0.042483660130718956 0.0428921568627451
0 0.5627042483660131 0.4808517156862745 0.04084967320261438 0.01715686274509804
0 0.5191993464052288 0.5010723039215687 0.020833333333333332 0.031862745098039214
0 0.4881535947712418 0.5291053921568627 0.0363562091503268 0.022365196078431373
0 0.41217320261437906 0.6462928921568627 0.029411764705882353 0.04442401960784314
0 0.3827614379084967 0.640625 0.022058823529411766 0.014705882352941176
0 0.5151143790849673 0.7391237745098039 0.031862745098039214 0.018995098039215685
0 0.3506944444444444 0.42432598039215685 0.027777777777777776 0.02297794117647059
0 0.36519607843137253 0.3628982843137255 0.017973856209150325 0.009497549019607842
0 0.39195261437908496 0.34528186274509803 0.02165032679738562 0.012254901960784314
0 0.3255718954248366 0.35263480392156865 0.015931372549019607 0.011029411764705883
0 0.29820261437908496 0.35309436274509803 0.013480392156862746 0.011029411764705883
0 0.2986111111111111 0.41191789215686275 0.017973856209150325 0.015318627450980392
0 0.3598856209150327 0.4912683823529412 0.022058823529411766 0.016544117647058824
0 0.44076797385620914 0.5693933823529411 0.017973856209150325 0.03278186274509804
0 0.5392156862745098 0.5352328431372549 0.02165032679738562 0.014399509803921568
0 0.42054738562091504 0.5033700980392157 0.04330065359477124 0.018995098039215685
0 0.42810457516339867 0.4806985294117647 0.03799019607843137 0.020526960784313725