12 0.38286893704850355 0.4272445820433436 0.3890608875128999 0.4079807361541108 0.40763673890608876 0.38321293429652564 0.4246646026831785 0.37151702786377705 0.45510835913312697 0.3501891984864121 0.47781217750258 0.34330925352597175 0.49948400412796695 0.33986928104575165 0.5175438596491229 0.3384932920536635 0.5304437564499485 0.3384932920536635 0.5144478844169247 0.3439972480220158 0.4932920536635707 0.34330925352597175 0.4721362229102167 0.34743722050223597 0.4514963880288958 0.3591331269349845 0.4215686274509804 0.3804609563123495
12 0.4277605779153767 0.3371173030615755 0.4458204334365325 0.3274853801169591 0.4602683178534572 0.32542139662882696 0.47316821465428277 0.32129342965256275 0.49277605779153766 0.32129342965256275 0.5123839009287926 0.31991744066047473 0.5288957688338494 0.3164774681802546 0.5123839009287926 0.3240454076367389 0.49432404540763675 0.32542139662882696 0.47316821465428277 0.32473340213278296 0.456656346749226 0.33161334709322327 0.43653250773993807 0.33780529755761957
12 0.22497420020639836 0.4238046095631235 0.24251805985552113 0.4217406260749914 0.26109391124871 0.42518059855521156 0.2837977296181631 0.42793257653938765 0.29669762641898867 0.43137254901960786 0.3126934984520124 0.4231166150670794 0.32249742002063986 0.4100447196422428 0.33591331269349844 0.3887168902648779 0.3503611971104231 0.37082903336773304 0.3653250773993808 0.35294117647058826 0.38544891640866874 0.3350533195734434 0.40505675954592363 0.3219814241486068 0.4329205366357069 0.30822153422772613 0.4556243550051599 0.3020295837633299 0.47523219814241485 0.3006535947712418 0.48606811145510836 0.3013415892672858 0.4984520123839009 0.3013415892672858 0.5139318885448917 0.3006535947712418 0.5350877192982456 0.27726178190574474 0.5278637770897833 0.2917096663226694 0.5128998968008256 0.30546955624355004 0.4938080495356037 0.30615755073959405 0.46904024767801855 0.30478156174750604 0.4484004127966976 0.30822153422772613 0.42724458204334365 0.3157894736842105 0.4009287925696594 0.32817337461300305 0.3844169246646027 0.34330925352597175 0.3622291021671827 0.3632610939112487 0.3426212590299278 0.38458892328861366 0.32507739938080493 0.4114207086343309 0.31166150670794635 0.42793257653938765 0.29360165118679055 0.434812521499828 0.2714138286893705 0.4293085655314757
12 0.3441692466460268 0.4155486756105951 0.3369453044375645 0.4299965600275198 0.3323013415892673 0.4403164774681803 0.32817337461300305 0.45132438940488473 0.31836945304437564 0.45338837289301687 0.326625386996904 0.44100447196422426
12 0.3080495356037152 0.46164430684554525 0.2899896800825594 0.4575163398692811 0.26831785345717235 0.45338837289301687 0.24974200206398348 0.45132438940488473 0.23168214654282765 0.44788441692466463 0.25386996904024767 0.45545235638114895 0.27296181630546956 0.45545235638114895 0.29360165118679055 0.4602683178534572
12 0.22549019607843138 0.43962848297213625 0.21207430340557276 0.4520123839009288 0.20278637770897834 0.4609563123495012 0.19659442724458204 0.47746818025455795 0.19969040247678016 0.46439628482972134 0.2115583075335397 0.4520123839009288
12 0.26986584107327144 0.48022015823873404 0.28586171310629516 0.4815961472308221 0.2982456140350877 0.48641210870313034 0.3137254901960784 0.49191606467148263 0.3307533539731682 0.49948400412796695 0.31320949432404543 0.49604403164774685 0.29360165118679055 0.48778809769521847
12 0.2920536635706914 0.35982112143102857 0.3013415892672858 0.35500515995872034 0.3111455108359133 0.34055727554179566 0.3297213622291022 0.31441348469212244 0.3570691434468524 0.2882696938424492 0.38854489164086686 0.26281389748882006 0.4215686274509804 0.25593395252837975 0.3895768833849329 0.26143790849673204 0.3611971104231166 0.2855177158582731 0.3348813209494324 0.30959752321981426 0.31991744066047473 0.3288613691090471 0.3023735810113519 0.35500515995872034
12 0.48864809081527344 0.28345373237014104 0.4700722394220846 0.282765737874097 0.44943240454076366 0.28414172686618505 0.4086687306501548 0.29308565531475744 0.38080495356037153 0.30409356725146197 0.37874097007223945 0.30615755073959405 0.3751289989680083 0.30822153422772613 0.3869969040247678 0.3013415892672858 0.4071207430340557 0.29308565531475744 0.4298245614035088 0.2868937048503612 0.4525283797729618 0.28345373237014104 0.47058823529411764 0.28414172686618505
12 0.3751289989680083 0.31441348469212244 0.36274509803921573 0.32542139662882696 0.348297213622291 0.3371173030615755 0.3369453044375645 0.3501891984864121 0.3219814241486068 0.37564499484004127 0.3137254901960784 0.3894048847609219 0.30340557275541796 0.3997248022015824 0.28586171310629516 0.40385276917784657 0.26367389060887514 0.40316477468180256 0.24097007223942207 0.40522875816993464 0.2244582043343653 0.40591675266597865 0.20743034055727555 0.42036463708290334 0.19091847265221878 0.4458204334365325 0.18937048503611972 0.45614035087719296 0.1976264189886481 0.43962848297213625 0.21104231166150672 0.41898864809081526 0.23116615067079463 0.40591675266597865 0.2533539731682147 0.4024767801857585 0.2791537667698658 0.40178878568971443 0.29927760577915374 0.4004127966976264 0.31836945304437564 0.38252493980048163 0.3384932920536636 0.34812521499828003 0.36016511867905054 0.32679738562091504
12 0.26212590299277605 0.391468868249054 0.24664602683178535 0.38596491228070173 0.22858617131062953 0.38596491228070173 0.2115583075335397 0.3942208462332301 0.19711042311661506 0.4107327141382869 0.18885448916408668 0.4224286205710355 0.18369453044375644 0.43343653250773995 0.19143446852425178 0.4169246646026832 0.20381836945304438 0.4011007911936704 0.217750257997936 0.3894048847609219 0.23839009287925697 0.38252493980048163
12 0.27038183694530443 0.36807705538355695 0.24922600619195046 0.3667010663914688 0.22394220846233232 0.3660130718954248 0.20743034055727555 0.3722050223598211 0.18988648090815272 0.391468868249054 0.1785345717234262 0.40935672514619886 0.1780185758513932 0.4162366701066391 0.18575851393188855 0.40316477468180256 0.19917440660474717 0.3852769177846577 0.2198142414860681 0.3660130718954248 0.24303405572755418 0.3667010663914688
12 0.47316821465428277 0.3632610939112487 0.4881320949432404 0.3570691434468524 0.5098039215686274 0.35844513243894044 0.5257997936016512 0.3735810113519092 0.5051599587203303 0.36257309941520466