0 0.40441176470588236 0.34849877450980393 0.07393790849673203 0.0392156862745098
0 0.7352941176470589 0.3023897058823529 0.04370915032679738 0.046262254901960786
0 0.702001633986928 0.24525122549019607 0.04779411764705882 0.04503676470588235
0 0.4638480392156863 0.2112438725490196 0.0392156862745098 0.0196078431372549
0 0.45302287581699346 0.26317401960784315 0.031862745098039214 0.022365196078431373
0 0.5526960784313726 0.29856004901960786 0.04003267973856209 0.022365196078431373
0 0.41911764705882354 0.31357230392156865 0.03431372549019608 0.021752450980392156
0 0.3662173202614379 0.42386642156862747 0.025326797385620915 0.022365196078431373
0 0.3619281045751634 0.4583333333333333 0.04411764705882353 0.03278186274509804
0 0.3002450980392157 0.4583333333333333 0.03553921568627451 0.03155637254901961
4 0.5095996732026143 0.5174632352941176 0.11029411764705882 0.03768382352941176
0 0.5204248366013072 0.5496323529411765 0.031862745098039214 0.023284313725490197
0 0.6039624183006536 0.5433517156862745 0.026143790849673203 0.03278186274509804
0 0.4311683006535948 0.539828431372549 0.0494281045751634 0.025735294117647058
0 0.39419934640522875 0.5068933823529411 0.04493464052287582 0.03370098039215686
0 0.36213235294117646 0.5422794117647058 0.07393790849673203 0.028186274509803922
0 0.44138071895424835 0.5686274509803921 0.08986928104575163 0.027879901960784315
0 0.4877450980392157 0.6056985294117647 0.031862745098039214 0.02665441176470588
0 0.42463235294117646 0.5948223039215687 0.056781045751633986 0.025735294117647058
0 0.3698937908496732 0.5776654411764706 0.05718954248366013 0.030637254901960783
0 0.5124591503267973 0.6404718137254902 0.04084967320261438 0.021139705882352942
0 0.46425653594771243 0.641390931372549 0.028186274509803922 0.021752450980392156
0 0.4264705882352941 0.6666666666666666 0.03431372549019608 0.024509803921568627
0 0.4133986928104575 0.6277573529411765 0.0298202614379085 0.026041666666666668
0 0.3386437908496732 0.6410845588235294 0.02246732026143791 0.021139705882352942
0 0.3292483660130719 0.4791666666666667 0.025326797385620915 0.034926470588235295
0 0.5571895424836601 0.7234987745098039 0.05024509803921569 0.025122549019607844
0 0.5955882352941176 0.6946997549019608 0.04738562091503268 0.02389705882352941
0 0.5110294117647058 0.6936274509803921 0.03758169934640523 0.021752450980392156
0 0.6893382352941176 0.7185968137254902 0.025326797385620915 0.015318627450980392
0 0.7328431372549019 0.36443014705882354 0.03839869281045752 0.025735294117647058
0 0.7651143790849673 0.3475796568627451 0.023284313725490197 0.030943627450980393
0 0.4679330065359477 0.2974877450980392 0.02246732026143791 0.012561274509803922
0 0.5353349673202614 0.19301470588235295 0.024101307189542485 0.013480392156862746
0 0.5026552287581699 0.19224877450980393 0.016748366013071895 0.011948529411764705
0 0.6437908496732027 0.27956495098039214 0.0363562091503268 0.010416666666666666
0 0.6460375816993464 0.21660539215686275 0.011437908496732025 0.013174019607843137