12 0.4571428571428571 0.21052631578947364 0.47255639097744356 0.20551378446115287 0.48984962406015037 0.2040100250626566 0.5052631578947367 0.2015037593984962 0.5206766917293233 0.2 0.5368421052631578 0.2040100250626566 0.5533834586466165 0.21754385964912276 0.5383458646616541 0.20651629072681704 0.5240601503759398 0.2015037593984962 0.5052631578947367 0.2015037593984962 0.4830827067669172 0.20501253132832079
12 0.3921052631578947 0.21704260651629073 0.381578947368421 0.21152882205513782 0.37067669172932327 0.20601503759398496 0.3545112781954887 0.20250626566416038 0.3443609022556391 0.19949874686716793 0.3338345864661654 0.2 0.31992481203007517 0.20651629072681704 0.306390977443609 0.21353383458646616 0.32481203007518794 0.20501253132832079 0.3342105263157894 0.20100250626566413 0.3436090225563909 0.20050125313283204 0.3545112781954887 0.20300751879699247 0.36879699248120296 0.20751879699248116 0.3804511278195488 0.2120300751879699
12 0.3639097744360902 0.17243107769423557 0.35563909774436087 0.17243107769423557 0.34135338345864663 0.17042606516290726 0.31954887218045114 0.1739348370927318 0.306766917293233 0.17994987468671678 0.3210526315789473 0.17543859649122806 0.33909774436090223 0.17293233082706766 0.3496240601503759 0.17543859649122806
12 0.35714285714285715 0.17744360902255638 0.36879699248120296 0.17543859649122806 0.3868421052631578 0.17994987468671678 0.40037593984962405 0.18345864661654132 0.41428571428571426 0.18496240601503758 0.42443609022556383 0.18796992481203006 0.43721804511278195 0.18847117794486215 0.45300751879699247 0.18596491228070175 0.4672932330827067 0.1844611528822055 0.4451127819548872 0.18897243107769424 0.4300751879699248 0.18947368421052632 0.41315789473684206 0.18596491228070175 0.3951127819548872 0.1824561403508772 0.37443609022556384 0.17844611528822052
12 0.4492481203007518 0.18345864661654132 0.46315789473684205 0.17994987468671678 0.48045112781954885 0.17844611528822052 0.4954887218045112 0.17543859649122806 0.5090225563909774 0.17593984962406015 0.5214285714285714 0.17493734335839597 0.5338345864661653 0.1769423558897243 0.5484962406015037 0.18496240601503758 0.5545112781954886 0.19248120300751878 0.5548872180451128 0.19849624060150375 0.550375939849624 0.19047619047619044 0.5402255639097744 0.18145363408521303 0.5259398496240602 0.17744360902255638 0.5071428571428571 0.1769423558897243 0.49360902255639094 0.17744360902255638 0.4796992481203007 0.1789473684210526 0.46315789473684205 0.18095238095238095
12 0.34924812030075186 0.1558897243107769 0.3601503759398496 0.15739348370927317 0.3714285714285714 0.16040100250626566 0.3609022556390977 0.15839598997493734
12 0.39812030075187965 0.15538847117794485 0.4093984962406015 0.15889724310776943 0.4203007518796992 0.16190476190476188 0.43421052631578944 0.1644110275689223 0.443984962406015 0.16591478696741854 0.456390977443609 0.16491228070175437 0.4665413533834586 0.16591478696741854 0.481578947368421 0.1664160401002506 0.46428571428571425 0.1664160401002506 0.4466165413533834 0.16791979949874683 0.4296992481203007 0.16491228070175437 0.41541353383458646 0.16240601503759397
12 0.4323308270676691 0.15438596491228068 0.41766917293233075 0.15187969924812028 0.4033834586466165 0.1463659147869674 0.387593984962406 0.14837092731829574 0.3827067669172932 0.15037593984962405 0.39887218045112777 0.14837092731829574 0.4078947368421052 0.1488721804511278 0.41766917293233075 0.15187969924812028
12 0.3932330827067669 0.143859649122807 0.37744360902255636 0.13934837092731828 0.36240601503759395 0.1388471177944862 0.3436090225563909 0.14085213032581453 0.33345864661654134 0.14335839598997493 0.34699248120300746 0.14235588972431076 0.3639097744360902 0.14085213032581453 0.3804511278195488 0.14035087719298245
12 0.4225563909774436 0.1463659147869674 0.43496240601503755 0.1463659147869674 0.4484962406015037 0.14486215538847116 0.4605263157894736 0.14536340852130322 0.44436090225563907 0.14736842105263157
12 0.5582706766917293 0.16290726817042606 0.5436090225563909 0.15187969924812028 0.5372180451127819 0.14786967418546365 0.5244360902255638 0.14536340852130322 0.5071428571428571 0.14235588972431076 0.4902255639097744 0.14035087719298245 0.47819548872180445 0.13734335839598996 0.4646616541353383 0.13483709273182956 0.4556390977443609 0.1333333333333333 0.4428571428571428 0.13533834586466165 0.4597744360902255 0.13433583959899748 0.47218045112781953 0.13634085213032582 0.4890977443609022 0.13984962406015036 0.5030075187969925 0.14436090225563908 0.5199248120300751 0.1463659147869674 0.5368421052631578 0.14786967418546365 0.5451127819548871 0.15388471177944862