11 0.6650602409638554 0.5814393939393939 0.04819277108433735 0.06439393939393939
11 0.3409638554216867 0.5909090909090909 0.04578313253012048 0.06060606060606061
11 0.5132530120481927 0.6022727272727273 0.04819277108433735 0.06060606060606061
11 0.42409638554216866 0.6136363636363636 0.03855421686746988 0.05303030303030303
11 0.6987951807228916 0.6382575757575758 0.03855421686746988 0.04924242424242424
11 0.7626506024096386 0.8200757575757576 0.04096385542168675 0.06439393939393939
11 0.35180722891566263 0.08712121212121213 0.04819277108433735 0.05303030303030303
11 0.7626506024096386 0.9204545454545454 0.04096385542168675 0.06060606060606061
11 0.38433734939759034 0.1553030303030303 0.05542168674698795 0.07575757575757576
11 0.3373493975903614 0.19507575757575757 0.06265060240963856 0.07196969696969698
11 0.43855421686746987 0.2897727272727273 0.04819277108433735 0.07196969696969698
11 0.5012048192771085 0.32196969696969696 0.03855421686746988 0.05303030303030303
11 0.4397590361445783 0.3314393939393939 0.03132530120481928 0.04924242424242424
11 0.39036144578313253 0.3333333333333333 0.033734939759036145 0.05303030303030303
11 0.27710843373493976 0.3522727272727273 0.04819277108433735 0.05303030303030303
11 0.6240963855421687 0.35984848484848486 0.03855421686746988 0.06060606060606061
11 0.3421686746987952 0.36553030303030304 0.04819277108433735 0.06439393939393939
11 0.672289156626506 0.42992424242424243 0.04819277108433735 0.07196969696969698
11 0.4108433734939759 0.45075757575757575 0.04578313253012048 0.05303030303030303
11 0.5951807228915663 0.4640151515151515 0.04819277108433735 0.06439393939393939
11 0.6108433734939759 0.5340909090909091 0.04096385542168675 0.06060606060606061