11 0.5048076923076923 0.5770676691729323 0.07692307692307693 0.06390977443609022
11 0.9819711538461539 0.5864661654135338 0.026442307692307692 0.06015037593984962
11 0.7379807692307693 0.599624060150376 0.03365384615384615 0.07142857142857142
11 0.7788461538461539 0.5977443609022557 0.03365384615384615 0.05263157894736842
11 0.6322115384615384 0.6428571428571428 0.04807692307692308 0.05263157894736842
11 0.4639423076923077 0.6541353383458647 0.0625 0.07518796992481203
11 0.6021634615384616 0.6578947368421052 0.040865384615384616 0.06015037593984962
11 0.39543269230769235 0.731203007518797 0.05528846153846154 0.07142857142857142
11 0.8197115384615384 0.7387218045112781 0.038461538461538464 0.07142857142857142
11 0.6057692307692307 0.75 0.0673076923076923 0.04887218045112782
11 0.7956730769230769 0.8703007518796991 0.04807692307692308 0.04887218045112782
11 0.8052884615384616 0.09210526315789473 0.052884615384615384 0.07142857142857142
11 0.7692307692307693 0.16165413533834586 0.052884615384615384 0.08270676691729323
11 0.8088942307692307 0.2481203007518797 0.04567307692307692 0.07518796992481203
11 0.8161057692307693 0.3157894736842105 0.040865384615384616 0.07518796992481203
11 0.7043269230769231 0.3515037593984962 0.04807692307692308 0.06390977443609022
11 0.5360576923076923 0.3533834586466165 0.03365384615384615 0.07518796992481203
11 0.5048076923076923 0.39849624060150374 0.04807692307692308 0.05263157894736842
11 0.7043269230769231 0.41917293233082703 0.038461538461538464 0.06390977443609022
11 0.7620192307692307 0.41917293233082703 0.052884615384615384 0.09398496240601503
11 0.8257211538461539 0.4229323308270676 0.06009615384615385 0.06390977443609022
11 0.4723557692307692 0.44360902255639095 0.04567307692307692 0.05263157894736842
11 0.9122596153846154 0.44548872180451127 0.06009615384615385 0.08646616541353383
11 0.8665865384615384 0.4887218045112781 0.03125 0.09774436090225563
11 0.7319711538461539 0.5432330827067668 0.04567307692307692 0.06390977443609022
11 0.37980769230769235 0.5469924812030076 0.03365384615384615 0.06390977443609022