9 0.5228365384615384 0.40613718411552346 0.06490384615384616 0.06859205776173286
14 0.5300480769230769 0.4747292418772563 0.04567307692307692 0.05415162454873646
6 0.5829326923076923 0.47653429602888087 0.06009615384615385 0.07220216606498195
14 0.7019230769230769 0.5108303249097473 0.03365384615384615 0.039711191335740074
9 0.6478365384615384 0.5288808664259927 0.04567307692307692 0.05415162454873646
14 0.44350961538461536 0.575812274368231 0.055288461538461536 0.061371841155234655
9 0.671875 0.5776173285198556 0.040865384615384616 0.05776173285198556
14 0.6586538461538461 0.631768953068592 0.04807692307692308 0.06498194945848375
16 0.44591346153846156 0.6534296028880866 0.06490384615384616 0.09386281588447654
14 0.5024038461538461 0.6678700361010831 0.04326923076923077 0.05776173285198556
14 0.8545673076923077 0.6841155234657039 0.06009615384615385 0.09025270758122744
16 0.7668269230769231 0.06859205776173286 0.052884615384615384 0.06498194945848375
14 0.5336538461538461 0.7328519855595668 0.04326923076923077 0.05054151624548736
2 0.7503605769230769 0.7488086642599278 0.03915865384615384 0.04750902527075812
9 0.6165865384615384 0.776173285198556 0.0889423076923077 0.10108303249097472
1 0.6286057692307693 0.8086642599277978 0.026442307692307692 0.02888086642599278
16 0.6021634615384616 0.855595667870036 0.036057692307692304 0.05054151624548736
14 0.9230769230769231 0.944043321299639 0.04326923076923077 0.06859205776173286
14 0.96875 0.9494584837545126 0.028846153846153848 0.04332129963898917
16 0.7427884615384616 0.15162454873646208 0.057692307692307696 0.07942238267148015
16 0.5889423076923077 0.18592057761732853 0.08173076923076923 0.08303249097472924
9 0.3641826923076923 0.2581227436823105 0.06490384615384616 0.09747292418772563
16 0.6177884615384616 0.26173285198555957 0.052884615384615384 0.07581227436823104
16 0.5252403846153846 0.2833935018050541 0.04567307692307692 0.061371841155234655
16 0.5300480769230769 0.2833935018050541 0.06009615384615385 0.08303249097472924
16 0.8149038461538461 0.296028880866426 0.057692307692307696 0.07220216606498195
1 0.8197115384615384 0.29783393501805056 0.02403846153846154 0.02527075812274368
14 0.4266826923076923 0.3176895306859206 0.04567307692307692 0.09386281588447654
9 0.46033653846153844 0.3212996389891697 0.04567307692307692 0.06498194945848375
9 0.3112980769230769 0.33754512635379064 0.06490384615384616 0.08303249097472924