14 0.5757211538461539 0.3176895306859206 0.04567307692307692 0.09386281588447654
14 0.5420673076923077 0.3212996389891697 0.04567307692307692 0.06498194945848375
9 0.6911057692307693 0.33754512635379064 0.06490384615384616 0.08303249097472924
9 0.4795673076923077 0.40613718411552346 0.06490384615384616 0.06859205776173286
9 0.4723557692307692 0.4747292418772563 0.04567307692307692 0.05415162454873646
9 0.41947115384615385 0.47653429602888087 0.06009615384615385 0.07220216606498195
9 0.2980769230769231 0.5108303249097473 0.03365384615384615 0.039711191335740074
9 0.3545673076923077 0.5288808664259927 0.04567307692307692 0.05415162454873646
14 0.5588942307692307 0.5794223826714802 0.055288461538461536 0.061371841155234655
9 0.33052884615384615 0.5812274368231047 0.040865384615384616 0.05776173285198556
14 0.34134615384615385 0.6353790613718412 0.04807692307692308 0.06498194945848375
16 0.5564903846153846 0.6570397111913358 0.06490384615384616 0.09386281588447654
14 0.49759615384615385 0.6714801444043321 0.04326923076923077 0.05776173285198556
14 0.14783653846153846 0.6877256317689531 0.06009615384615385 0.09025270758122744
16 0.23317307692307693 0.06859205776173286 0.052884615384615384 0.06498194945848375
14 0.46634615384615385 0.7364620938628159 0.04326923076923077 0.05054151624548736
6 0.24759615384615385 0.7454873646209387 0.04326923076923077 0.061371841155234655
9 0.3858173076923077 0.779783393501805 0.0889423076923077 0.10108303249097472
16 0.40024038461538464 0.8592057761732852 0.036057692307692304 0.05054151624548736
14 0.07692307692307693 0.9476534296028881 0.04326923076923077 0.06859205776173286
14 0.03125 0.9530685920577617 0.028846153846153848 0.04332129963898917
16 0.25721153846153844 0.15162454873646208 0.057692307692307696 0.07942238267148015
16 0.4110576923076923 0.18592057761732853 0.08173076923076923 0.08303249097472924
9 0.6382211538461539 0.2581227436823105 0.06490384615384616 0.09747292418772563
16 0.38221153846153844 0.26173285198555957 0.052884615384615384 0.07581227436823104
16 0.4723557692307692 0.2833935018050541 0.06009615384615385 0.08303249097472924
16 0.47716346153846156 0.2833935018050541 0.04567307692307692 0.061371841155234655
16 0.18509615384615385 0.296028880866426 0.057692307692307696 0.07220216606498195