0 0.6555 0.44392857142857145 0.08066666666666666 0.2507142857142857
0 0.5658124999999999 0.44392857142857145 0.08185416666666666 0.14496031746031746
0 0.25452083333333336 0.3601984126984127 0.09816666666666667 0.1361904761904762
0 0.22616666666666668 0.4505555555555556 0.09702083333333333 0.09206349206349206
0 0.15933333333333335 0.6797619047619048 0.071 0.19325396825396826
0 0.2877916666666666 0.5926984126984127 0.09179166666666667 0.15146825396825397
0 0.38991666666666663 0.7965476190476191 0.08422916666666666 0.12265873015873016
0 0.7498125000000001 0.6296031746031746 0.07483333333333334 0.15253968253968253
0 0.1631041666666667 0.20261904761904762 0.06810416666666666 0.17817460317460318
0 0.05316666666666667 0.807579365079365 0.07045833333333333 0.15793650793650793
0 0.051145833333333335 0.6423015873015874 0.10227083333333334 0.184484126984127
0 0.7023541666666666 0.8428174603174603 0.1396666666666667 0.22841269841269843
0 0.08154166666666667 0.383968253968254 0.1228125 0.2858730158730159