0 0.5318888888888889 0.619676724137931 0.12198611111111111 0.20282327586206897
0 0.4287361111111111 0.427198275862069 0.10615277777777779 0.18114224137931034
0 0.5315555555555556 0.30452586206896554 0.14909722222222221 0.20058189655172412
0 0.26705555555555555 0.29577586206896556 0.12804166666666666 0.12769396551724138
0 0.26969444444444446 0.5493965517241379 0.24441666666666664 0.15771551724137933
0 0.34808333333333336 0.8434051724137931 0.13451388888888888 0.21178879310344828
0 0.24325 0.8768318965517242 0.15184722222222222 0.2060560344827586
0 0.17318055555555556 0.3768318965517241 0.15493055555555554 0.21515086206896553
0 0.40591666666666665 0.2110991379310345 0.15179166666666669 0.16150862068965516
0 0.23399999999999999 0.5483189655172414 0.09366666666666666 0.14015086206896551
0 0.649263888888889 0.7551724137931034 0.09880555555555556 0.1413146551724138
0 0.4634583333333333 0.7618534482758621 0.108125 0.11155172413793103