0 0.37037037037037035 0.24900641025641024 0.10685185185185185 0.07891025641025641
0 0.3775 0.36365384615384616 0.07833333333333334 0.07150641025641025
0 0.3472222222222222 0.4228205128205128 0.08902777777777778 0.05176282051282051
0 0.25287037037037036 0.48323717948717954 0.09972222222222221 0.04439102564102564
0 0.34009259259259256 0.49432692307692305 0.07476851851851851 0.06657051282051282
0 0.31875 0.5695192307692307 0.11041666666666668 0.07891025641025641
0 0.4487037037037037 0.7199358974358975 0.08546296296296296 0.0641025641025641
0 0.5769444444444445 0.6262179487179487 0.07833333333333334 0.0641025641025641
0 0.5555555555555556 0.745801282051282 0.06412037037037037 0.046858974358974355
0 0.5270833333333333 0.8259294871794872 0.12819444444444444 0.07891025641025641
0 0.4558333333333333 0.9603205128205128 0.09259259259259259 0.05176282051282051
0 0.4219907407407408 0.8049679487179487 0.08902777777777778 0.09121794871794872
0 0.4540740740740741 0.5411858974358974 0.13175925925925927 0.14544871794871797
0 0.6232407407407408 0.8099038461538461 0.09972222222222221 0.09121794871794872
0 0.17629629629629628 0.8123717948717949 0.22435185185185186 0.12573717948717947