0 0.5800277777777778 0.15430997876857752 0.1677638888888889 0.16471337579617834
0 0.44193055555555555 0.2739915074309979 0.11380555555555555 0.15639065817409767
0 0.3863888888888889 0.32764331210191083 0.10456944444444445 0.14337579617834395
0 0.27337500000000003 0.2875583864118896 0.1331527777777778 0.13397027600849257
0 0.16459722222222223 0.6943524416135881 0.07302777777777777 0.11248407643312101
0 0.4500416666666666 0.7721868365180466 0.125375 0.1124203821656051
0 0.06276388888888888 0.7668789808917197 0.11008333333333334 0.10889596602972398
0 0.7844722222222222 0.3995753715498938 0.07666666666666667 0.15983014861995753
0 0.8797499999999999 0.26811040339702763 0.08665277777777777 0.11630573248407644
0 0.6216944444444444 0.39840764331210193 0.08443055555555555 0.11503184713375796
0 0.5707777777777777 0.5929511677282377 0.10297222222222223 0.136135881104034