0 0.32552777777777775 0.04766949152542373 0.08854166666666667 0.09533898305084745
0 0.6831666666666667 0.045021186440677964 0.078125 0.09004237288135593
0 0.46615277777777775 0.34826271186440677 0.0920138888888889 0.12976694915254236
0 0.3402777777777778 0.4263771186440678 0.11458333333333333 0.15360169491525424
0 0.5217083333333333 0.5521822033898305 0.11631944444444445 0.1774364406779661
0 0.6710138888888889 0.614406779661017 0.08854166666666667 0.15889830508474576
0 0.7925416666666667 0.6435381355932204 0.08854166666666667 0.11122881355932203
0 0.13455555555555554 0.3310381355932203 0.0954861111111111 0.11652542372881355
0 0.3055555555555556 0.7110805084745763 0.2777777777777778 0.2780720338983051
0 0.22830555555555554 0.2741101694915254 0.1232638888888889 0.5111228813559322
0 0.6944444444444444 0.368114406779661 0.08333333333333333 0.1430084745762712
0 0.5755277777777777 0.7269703389830509 0.0642361111111111 0.12976694915254236
0 0.6423611111111112 0.8765889830508474 0.1736111111111111 0.17478813559322035
0 0.5260416666666666 0.11256355932203391 0.19791666666666666 0.22510593220338984