0 0.259125 0.29285416666666664 0.06455555555555555 0.13135416666666666
0 0.6086111111111111 0.5439166666666666 0.09022222222222222 0.16529166666666667
0 0.7358888888888889 0.5230833333333333 0.09745833333333334 0.0918125
0 0.45618055555555553 0.40697916666666667 0.07770833333333334 0.1215
0 0.16093055555555555 0.24620833333333333 0.0626111111111111 0.061875
0 0.31104166666666666 0.1519375 0.05329166666666666 0.11143750000000001
0 0.7630138888888889 0.7443958333333334 0.07231944444444445 0.10583333333333332
0 0.8648472222222223 0.5771666666666667 0.06963888888888889 0.09879166666666667
0 0.6036527777777778 0.23233333333333334 0.07104166666666667 0.10552083333333333
0 0.535875 0.4308125 0.05056944444444444 0.22870833333333335
0 0.6833333333333333 0.7022291666666667 0.06770833333333333 0.18222916666666666
0 0.6234861111111112 0.36283333333333334 0.04723611111111111 0.14629166666666665
0 0.2462361111111111 0.4769375 0.07447222222222222 0.1046875
0 0.7775555555555556 0.3112083333333333 0.15694444444444444 0.0906875