0 0.13534736842105263 0.476195462478185 0.06014736842105263 0.07479930191972077
0 0.24210526315789474 0.46371727748691094 0.08722105263157895 0.08476439790575917
0 0.36239999999999994 0.6033333333333333 0.09324210526315789 0.06481675392670157
0 0.07669473684210526 0.8738394415357765 0.08722105263157895 0.08226876090750436
0 0.42406315789473686 0.963717277486911 0.07818947368421053 0.0725479930191972
0 0.5293263157894736 0.9660907504363002 0.07218947368421053 0.05734729493891797
0 0.2376 0.608324607329843 0.15037894736842106 0.08975567190226875
0 0.3849684210526316 0.5260558464223386 0.1443578947368421 0.07977312390924957
0 0.3398526315789474 0.35527050610820243 0.1924842105263158 0.11717277486910994
0 0.5007578947368422 0.48492146596858643 0.09324210526315789 0.08726003490401396
0 0.4030105263157895 0.6905933682373473 0.06616842105263158 0.034904013961605584
0 0.3323368421052632 0.7741186736474694 0.03307368421052632 0.05235602094240838
0 0.2300842105263158 0.9424083769633508 0.06917894736842105 0.04486910994764398
0 0.25713684210526316 0.709301919720768 0.07517894736842105 0.16205933682373472
0 0.5985052631578948 0.5721815008726003 0.09623157894736842 0.07230366492146596
0 0.17292631578947368 0.33158813263525305 0.1172842105263158 0.08975567190226875
0 0.5157894736842106 0.38394415357766143 0.08722105263157895 0.09474694589877836
0 0.5849684210526316 0.46123909249563705 0.07517894736842105 0.05485165794066318