0 0.3814583333333333 0.3633966244725738 0.05525 0.1039240506329114
0 0.46544444444444444 0.3890295358649789 0.0803611111111111 0.16122362869198312
0 0.5897638888888889 0.37947257383966243 0.06708333333333333 0.1119831223628692
0 0.4396527777777778 0.6010759493670886 0.08433333333333333 0.16335443037974684
0 0.6403472222222223 0.6251898734177215 0.06905555555555555 0.15132911392405063
0 0.5735555555555555 0.4864978902953586 0.06245833333333333 0.15124472573839662
0 0.6555555555555556 0.7935021097046414 0.035986111111111115 0.10820675105485232
0 0.7570555555555556 0.8583333333333334 0.10008333333333333 0.13537974683544304
0 0.7282916666666667 0.6583544303797468 0.05447222222222222 0.16943037974683545
0 0.7077916666666667 0.4900210970464135 0.07695833333333332 0.10400843881856539
0 0.3143472222222222 0.5799578059071729 0.06784722222222223 0.0729113924050633
0 0.32525 0.7779324894514769 0.13330555555555557 0.13130801687763713
0 0.423125 0.10864978902953587 0.06713888888888889 0.10679324894514768
0 0.5160277777777778 0.13778481012658228 0.034708333333333334 0.09274261603375528
0 0.5408333333333333 0.7673839662447257 0.05652777777777778 0.11624472573839663
0 0.45618055555555553 0.8201476793248945 0.06977777777777779 0.13135021097046412
0 0.5500833333333334 0.5920253164556962 0.07504166666666667 0.15732067510548522
0 0.260125 0.7337130801687763 0.10225000000000001 0.12727848101265823
0 0.15795833333333334 0.6387552742616034 0.10030555555555555 0.11213080168776371
0 0.3305416666666667 0.2498523206751055 0.08833333333333333 0.1299789029535865