0 0.3697361809045226 0.5866792452830188 0.13087939698492462 0.17126415094339623
0 0.27275125628140706 0.3839245283018868 0.07090452261306532 0.17454716981132076
0 0.39625628140703517 0.16964150943396225 0.1085427135678392 0.14220754716981132
0 0.5567587939698493 0.42007547169811316 0.1196608040201005 0.12737735849056606
0 0.2832160804020101 0.23250943396226414 0.08346733668341708 0.11701886792452831
0 0.3917462311557789 0.3226792452830189 0.13080402010050252 0.1680566037735849
0 0.7060678391959798 0.2880377358490566 0.14198492462311557 0.1190943396226415
0 0.7259798994974874 0.1308679245283019 0.12727386934673368 0.1652830188679245
0 0.5449246231155779 0.10839622641509435 0.1636557788944724 0.1752452830188679
0 0.534070351758794 0.6327735849056604 0.15385678391959798 0.23830188679245282
0 0.9178768844221106 0.9297735849056603 0.11743718592964825 0.14045283018867924
0 0.8303015075376884 0.5479245283018868 0.11396984924623116 0.13147169811320755
0 0.688643216080402 0.4934339622641509 0.10704773869346733 0.14828301886792453