0 0.050918367346938775 0.3636036036036036 0.08214285714285714 0.10657657657657657
0 0.28591836734693876 0.10423423423423424 0.10775510204081633 0.06833333333333333
0 0.036156462585034015 0.6684684684684685 0.0723469387755102 0.12175675675675676
0 0.4646598639455783 0.3075225225225225 0.13112244897959183 0.16261261261261262
0 0.6604081632653062 0.20738738738738738 0.09931972789115646 0.08243243243243244
0 0.3622448979591837 0.5708558558558559 0.10622448979591836 0.05261261261261261
0 0.16578231292517007 0.7230630630630631 0.10326530612244898 0.08076576576576576
0 0.2761224489795919 0.8307207207207207 0.06091836734693878 0.1459009009009009
0 0.1317687074829932 0.19387387387387386 0.09874149659863946 0.07342342342342342
0 0.47486394557823136 0.4862612612612613 0.10465986394557823 0.0936036036036036
0 0.715578231292517 0.36058558558558557 0.10081632653061225 0.13657657657657657
0 0.43142857142857144 0.7450900900900901 0.05860544217687075 0.0527027027027027
0 0.5908843537414966 0.681981981981982 0.0691156462585034 0.09756756756756757
0 0.28554421768707483 0.6068918918918919 0.05714285714285715 0.05261261261261261
0 0.661156462585034 0.8692342342342342 0.05547619047619047 0.060810810810810814
0 0.6267687074829932 0.9193243243243243 0.07289115646258504 0.04081081081081081
0 0.32636054421768707 0.22139639639639638 0.10244897959183674 0.050405405405405404
0 0.33391156462585037 0.04666666666666666 0.08129251700680272 0.04328828828828828
0 0.06904761904761905 0.7871171171171172 0.05493197278911564 0.05274774774774775
0 0.4665646258503401 0.9588738738738739 0.09710884353741497 0.06585585585585585
0 0.7450340136054422 0.8391891891891893 0.09625850340136055 0.08081081081081082
0 0.4336734693877551 0.06418918918918919 0.08125850340136055 0.06031531531531532
0 0.4593537414965987 0.1487837837837838 0.1054421768707483 0.06738738738738739
0 0.5564965986394558 0.11824324324324324 0.06836734693877551 0.06036036036036036
0 0.5772789115646259 0.2664864864864865 0.0691156462585034 0.1285135135135135
0 0.5991836734693877 0.4412162162162162 0.1129591836734694 0.14765765765765768
0 0.19486394557823128 0.6049099099099099 0.12064625850340135 0.1086936936936937
0 0.8432993197278912 0.24945945945945946 0.0660204081632653 0.2026126126126126
0 0.7514625850340136 0.9473423423423424 0.08642857142857142 0.08490990990990992
0 0.821360544217687 0.8281981981981983 0.04030612244897959 0.06279279279279279
0 0.8659523809523809 0.9418468468468468 0.10227891156462585 0.09189189189189188
0 0.6811564625850339 0.5828828828828829 0.15448979591836734 0.10067567567567569
0 0.7299319727891156 0.48324324324324325 0.1295238095238095 0.06355855855855856
0 0.4691836734693878 0.5983783783783784 0.06159863945578231 0.1017117117117117
0 0.6502040816326531 0.11427927927927928 0.10159863945578232 0.07635135135135135