0 0.3949722222222222 0.18229166666666666 0.0954861111111111 0.11979166666666667
0 0.49393055555555554 0.4088541666666667 0.1996527777777778 0.11979166666666667
0 0.6788194444444444 0.2526041666666667 0.1076388888888889 0.15625
0 0.27691666666666664 0.6132916666666667 0.24479166666666666 0.2890625
0 0.3072916666666667 0.7148541666666667 0.1388888888888889 0.1796875
0 0.5034722222222222 0.5481874999999999 0.11805555555555555 0.10677083333333333
0 0.6545138888888888 0.609375 0.1597222222222222 0.21875
0 0.6605972222222222 0.4296875 0.21006944444444445 0.09375
0 0.5034722222222222 0.1575625 0.0798611111111111 0.17447916666666666
0 0.2838611111111111 0.3033958333333333 0.203125 0.3723958333333333
0 0.8116388888888889 0.5638124999999999 0.08506944444444445 0.1796875
0 0.46094444444444443 0.7135416666666666 0.1545138888888889 0.23958333333333334