0 0.3930277777777778 0.3778556263269639 0.1299722222222222 0.20774946921443735
0 0.319625 0.1902547770700637 0.11016666666666666 0.11762208067940552
0 0.6948888888888889 0.18014861995753714 0.15830555555555556 0.15806794055201698
0 0.7289583333333334 0.3404246284501062 0.10340277777777779 0.13288747346072188
0 0.7960833333333333 0.5193842887473461 0.11549999999999999 0.22501061571125267
0 0.9269166666666666 0.514416135881104 0.14616666666666667 0.3231210191082802
0 0.5477638888888888 0.4516772823779193 0.12198611111111111 0.1734182590233546
0 0.5527222222222222 0.16445859872611462 0.135875 0.1570488322717622
0 0.5471111111111111 0.6756900212314225 0.06776388888888889 0.07745222929936305
0 0.5920694444444444 0.9448407643312101 0.09155555555555556 0.11029723991507431
0 0.3864166666666667 0.7459872611464968 0.10087499999999999 0.1432484076433121
0 0.2581388888888889 0.5755626326963906 0.09034722222222222 0.11180467091295115
0 0.11630555555555555 0.510828025477707 0.056666666666666664 0.09961783439490446
0 0.9646111111111111 0.06685774946921444 0.07076388888888889 0.08923566878980892
0 0.9385694444444445 0.2175583864118896 0.09406944444444446 0.12371549893842888