0 0.5320324005891016 0.6229124820659971 0.05031664212076583 0.08847919655667145
0 0.4835567010309278 0.7233428981348637 0.0638217967599411 0.07890961262553801
0 0.5694624447717231 0.860832137733142 0.046634756995581735 0.09565279770444764
0 0.7873122238586157 0.2187948350071736 0.03804860088365243 0.08847919655667145
0 0.7903755522827687 0.31444763271162124 0.046634756995581735 0.07413199426111908
0 0.30927835051546393 0.671922525107604 0.044182621502209134 0.09565279770444764
0 0.37371134020618557 0.6061692969870875 0.060139911634756994 0.12195121951219512
0 0.4172827687776141 0.5081348637015782 0.07363770250368189 0.09803443328550933
0 0.42955081001472756 0.6336728837876614 0.0638217967599411 0.09565279770444764
0 0.4013254786450663 0.7592109038737446 0.08836524300441827 0.13152080344332856
0 0.28595729013254784 0.8357245337159254 0.0638217967599411 0.14586800573888092
0 0.484779086892489 0.4878048780487805 0.036818851251840944 0.16738880918220947
0 0.48662002945508104 0.31682926829268293 0.06995581737849779 0.08847919655667145