0 0.37344398340248963 0.2013888888888889 0.0912863070539419 0.041666666666666664
0 0.43775933609958506 0.40555555555555556 0.0954356846473029 0.06666666666666667
0 0.3236514522821577 0.2791666666666667 0.14937759336099585 0.08055555555555556
0 0.549792531120332 0.2902777777777778 0.1950207468879668 0.10833333333333334
0 0.7012448132780082 0.5777777777777777 0.1908713692946058 0.11666666666666667
0 0.46265560165975106 0.8847222222222222 0.16182572614107885 0.06944444444444445
0 0.2966804979253112 0.6180555555555556 0.0954356846473029 0.05277777777777778
0 0.24688796680497926 0.5347222222222222 0.14522821576763487 0.058333333333333334
0 0.22821576763485477 0.6861111111111111 0.14937759336099585 0.08333333333333333
0 0.41286307053941906 0.6902777777777778 0.18672199170124482 0.06944444444444445
0 0.11203319502074689 0.5902777777777778 0.14937759336099585 0.10277777777777777
0 0.5124481327800829 0.18611111111111112 0.27800829875518673 0.07222222222222222
0 0.6058091286307054 0.8069444444444445 0.11618257261410789 0.06388888888888888
0 0.27385892116182575 0.7763888888888889 0.24066390041493776 0.18055555555555555
0 0.7365145228215768 0.725 0.12863070539419086 0.15
0 0.45850622406639 0.5347222222222222 0.17842323651452283 0.10833333333333334