0 0.105921926910299 0.42863 0.03577242524916944 0.042409999999999996
0 0.09925249169435216 0.4819 0.05746677740863787 0.04647
0 0.1835215946843854 0.5929500000000001 0.0507641196013289 0.05156
0 0.2544352159468438 0.54999 0.08244186046511628 0.047009999999999996
0 0.2903156146179402 0.72688 0.05406146179401994 0.08129
0 0.14075581395348838 0.18691 0.042848837209302326 0.04729
0 0.18977574750830564 0.16858 0.0732890365448505 0.06788
0 0.28802325581395344 0.26858 0.061985049833887036 0.05086
0 0.3608139534883721 0.34772000000000003 0.08490863787375416 0.04337
0 0.3159717607973422 0.63416 0.04279069767441861 0.037520000000000005
0 0.3163870431893688 0.14947 0.04362126245847176 0.01762
0 0.2314950166112957 0.8062699999999999 0.03656146179401994 0.029079999999999998
0 0.39627906976744187 0.42612 0.04568106312292359 0.04945
0 0.1856063122923588 0.23465 0.0699501661129568 0.04028
0 0.36165282392026576 0.5884299999999999 0.03651162790697674 0.04251
0 0.24985049833887044 0.62462 0.0532392026578073 0.06063
0 0.28155315614617943 0.20802 0.0415531561461794 0.047299999999999995
0 0.047732558139534885 0.29546 0.0420514950166113 0.023239999999999997
0 0.1065531561461794 0.26405 0.049534883720930234 0.01769
0 0.36582225913621264 0.26204 0.04485880398671096 0.031760000000000004
0 0.3691611295681063 0.51958 0.03651162790697674 0.03141
0 0.3541445182724252 0.70552 0.04652823920265781 0.05767