0 0.24416666666666667 0.39125 0.105 0.2975
0 0.42583333333333334 0.525 0.065 0.15
0 0.49833333333333335 0.52 0.043333333333333335 0.085
0 0.5708333333333333 0.52375 0.03833333333333333 0.0975
0 0.44583333333333336 0.66 0.065 0.18
0 0.5433333333333333 0.6525 0.08333333333333333 0.175
0 0.8241666666666667 0.17625 0.095 0.1075
0 0.8741666666666666 0.41125 0.11833333333333333 0.1875
0 0.6741666666666667 0.40375 0.17166666666666666 0.1875
0 0.9308333333333333 0.32125 0.06833333333333333 0.1475
0 0.9041666666666667 0.58375 0.19166666666666668 0.1025
0 0.44166666666666665 0.34875 0.12666666666666668 0.2075
0 0.9358333333333333 0.115 0.125 0.205
0 0.7308333333333333 0.63875 0.23833333333333334 0.2625
0 0.10416666666666667 0.1625 0.095 0.14
0 0.3408333333333333 0.585 0.105 0.3
0 0.21083333333333334 0.675 0.15166666666666667 0.245