0 0.3310542168674699 0.4222520107238606 0.11105421686746987 0.10375335120643432
0 0.2753012048192771 0.7475335120643432 0.1467469879518072 0.1645308310991957
0 0.4487349397590361 0.5667560321715818 0.1255120481927711 0.08892761394101877
0 0.6600903614457831 0.6382841823056301 0.13990963855421687 0.12474530831099195
0 0.4554216867469879 0.7773190348525469 0.12548192771084335 0.08112600536193029
0 0.6472590361445782 0.830965147453083 0.14774096385542168 0.09308310991957104
0 0.3087650602409639 0.6184182305630026 0.11996987951807228 0.07308310991957105
0 0.4699397590361446 0.6735388739946381 0.24816265060240963 0.10589812332439678
0 0.6266566265060242 0.7400804289544236 0.07301204819277107 0.072171581769437
0 0.37009036144578317 0.8185522788203753 0.10879518072289156 0.06227882037533512
0 0.6422590361445782 0.23946380697050937 0.06409638554216868 0.04801608579088472
0 0.16376506024096385 0.8831099195710456 0.07093373493975903 0.04841823056300268
0 0.7928313253012049 0.1808847184986595 0.057349397590361444 0.061876675603217156