0 0.03506329113924051 0.18096969696969697 0.04761603375527426 0.12357575757575757
0 0.11065400843881858 0.26533333333333337 0.05111814345991561 0.06806060606060606
0 0.22772151898734178 0.6103939393939394 0.09535864978902954 0.08545454545454545
0 0.11451476793248945 0.3815454545454545 0.08837552742616034 0.11863636363636364
0 0.3641139240506329 0.5214848484848484 0.07282700421940928 0.06518181818181819
0 0.3068143459915612 0.567969696969697 0.08056962025316455 0.09754545454545453
0 0.8524261603375528 0.09760606060606061 0.04945147679324895 0.08412121212121212
0 0.9718776371308018 0.15318181818181817 0.056265822784810134 0.08618181818181818
0 0.44883966244725737 0.7730606060606061 0.07772151898734178 0.05927272727272727
0 0.24248945147679324 0.774090909090909 0.0489662447257384 0.07342424242424242
0 0.4903164556962025 0.6513333333333333 0.07628691983122363 0.0763939393939394
0 0.9760970464135021 0.27645454545454545 0.04782700421940929 0.06603030303030302
0 0.9760970464135021 0.38557575757575757 0.04782700421940929 0.054
0 0.5420042194092828 0.7114545454545455 0.05727848101265823 0.06933333333333333
0 0.7209493670886077 0.6134242424242424 0.09027426160337552 0.09151515151515151
0 0.48012658227848104 0.8958484848484848 0.0770042194092827 0.06845454545454545
0 0.3859071729957806 0.8887575757575759 0.06578059071729958 0.07854545454545456
0 0.9019831223628693 0.6043333333333334 0.1190295358649789 0.07333333333333333
0 0.7916033755274262 0.8124848484848485 0.07548523206751055 0.0896060606060606
0 0.8822995780590717 0.7589393939393939 0.08810126582278481 0.06736363636363636
0 0.6783966244725739 0.7533636363636365 0.10223628691983122 0.0623030303030303