0 0.6029639175257732 0.22237931034482758 0.06188144329896907 0.08655172413793104
0 0.045000000000000005 0.8346551724137932 0.08427835051546392 0.05817241379310345
0 0.6913659793814433 0.17255172413793105 0.07974226804123712 0.09034482758620689
0 0.045000000000000005 0.6070689655172414 0.0756701030927835 0.08006896551724138
0 0.594020618556701 0.4020344827586207 0.09981958762886597 0.07227586206896552
0 0.30481958762886596 0.6962068965517242 0.07128865979381444 0.08586206896551724
0 0.47481958762886595 0.5836206896551724 0.08912371134020618 0.07334482758620689
0 0.3366752577319588 0.544344827586207 0.0877319587628866 0.08672413793103448
0 0.7751030927835052 0.26741379310344826 0.10976804123711341 0.09613793103448276
0 0.7729639175257733 0.5390689655172414 0.08829896907216495 0.08193103448275862
0 0.4436855670103093 0.9626551724137932 0.14567010309278353 0.0747241379310345
0 0.6970876288659794 0.9631379310344828 0.08260309278350515 0.07375862068965518
0 0.1402061855670103 0.891655172413793 0.07706185567010308 0.07448275862068966
0 0.1265979381443299 0.7508275862068966 0.05847938144329897 0.0916551724137931
0 0.27654639175257734 0.8279310344827586 0.07917525773195876 0.07924137931034483
0 0.5582216494845361 0.4791724137931035 0.09695876288659794 0.09437931034482759
0 0.8366752577319587 0.7546551724137931 0.052500000000000005 0.08782758620689655
0 0.7056701030927836 0.7139310344827586 0.06541237113402061 0.05810344827586207
0 0.8384536082474227 0.392448275862069 0.060360824742268046 0.11058620689655173
0 0.6258762886597938 0.7282758620689654 0.06474226804123712 0.06386206896551724
0 0.8055154639175258 0.8437586206896551 0.1233762886597938 0.04765517241379311
0 0.3170103092783505 0.891655172413793 0.0440979381443299 0.07448275862068966
0 0.8352319587628866 0.6420689655172414 0.09257731958762887 0.10979310344827586
0 0.6434020618556701 0.6066206896551724 0.07832474226804124 0.07337931034482759
0 0.7264432989690722 0.6037241379310345 0.06399484536082474 0.03313793103448276