0 0.6849027777777777 0.4100424628450106 0.08854166666666667 0.15658174097664543
0 0.3420138888888889 0.4153503184713376 0.1284722222222222 0.15658174097664543
0 0.37240277777777775 0.5931634819532908 0.1232638888888889 0.1459660297239915
0 0.546875 0.35562632696390656 0.09027777777777778 0.14331210191082802
0 0.5564305555555555 0.1326963906581741 0.13368055555555555 0.22823779193205945
0 0.7230972222222222 0.5467091295116773 0.0954861111111111 0.1592356687898089
0 0.7604166666666666 0.7377919320594479 0.07291666666666667 0.10615711252653928
0 0.8949722222222222 0.7178980891719745 0.09895833333333333 0.16719745222929935
0 0.1684027777777778 0.7298301486199575 0.09722222222222222 0.09023354564755838
0 0.3732638888888889 0.8107855626326964 0.1388888888888889 0.1937367303609342
0 0.5408055555555555 0.6674734607218683 0.10590277777777778 0.16719745222929935