0 0.3147876447876448 0.26597938144329897 0.0693050193050193 0.03876288659793814
0 0.2806949806949807 0.39793814432989694 0.055714285714285716 0.09041237113402062
0 0.2875289575289575 0.5137113402061856 0.06023166023166023 0.07329896907216495
0 0.2924324324324324 0.8311855670103093 0.07463320463320462 0.07752577319587628
0 0.48548262548262544 0.27814432989690724 0.04277992277992278 0.06304123711340207
0 0.38934362934362937 0.5930927835051546 0.05038610038610039 0.05618556701030928
0 0.5036293436293436 0.34082474226804127 0.03366795366795367 0.09139175257731959
0 0.42528957528957534 0.6896391752577319 0.04505791505791506 0.07340206185567011
0 0.5142084942084942 0.773041237113402 0.054864864864864867 0.06438144329896907
0 0.3480694980694981 0.9353092783505154 0.0450965250965251 0.07963917525773195
0 0.690965250965251 0.3711340206185567 0.04042471042471043 0.06716494845360825
0 0.25042471042471043 0.6395876288659794 0.04965250965250965 0.052164948453608244