0 0.27631944444444445 0.36241525423728815 0.035458333333333335 0.05692796610169492
0 0.1791111111111111 0.2291949152542373 0.06326388888888888 0.05684322033898305
0 0.6241388888888889 0.3916949152542373 0.06443055555555556 0.13970338983050848
0 0.060097222222222225 0.40076271186440676 0.055374999999999994 0.0609957627118644
0 0.05248611111111111 0.5430508474576271 0.06793055555555555 0.06713983050847458
0 0.05909722222222222 0.6959533898305085 0.08545833333333333 0.1013771186440678
0 0.270375 0.584427966101695 0.06323611111111112 0.07724576271186441
0 0.44956944444444447 0.385614406779661 0.05655555555555555 0.10336864406779661
0 0.2584722222222222 0.46584745762711866 0.06323611111111112 0.0640677966101695
0 0.5156944444444445 0.3926906779661017 0.04595833333333334 0.1296186440677966
0 0.1771388888888889 0.8195762711864406 0.08309722222222223 0.051165254237288134
0 0.3179861111111111 0.7570127118644068 0.09495833333333334 0.10762711864406779
0 0.8125972222222223 0.46131355932203394 0.08419444444444445 0.17002118644067796
0 0.39997222222222223 0.5920127118644068 0.09227777777777778 0.09845338983050847
0 0.40823611111111113 0.7025 0.08104166666666666 0.07127118644067797
0 0.9313055555555555 0.359385593220339 0.07159722222222221 0.08720338983050847
0 0.6618333333333333 0.7191525423728814 0.08424999999999999 0.08641949152542373
0 0.48065277777777776 0.809978813559322 0.05522222222222222 0.07436440677966102
0 0.4151944444444444 0.94875 0.05127777777777778 0.05527542372881356
0 0.6284444444444445 0.8947457627118643 0.05318055555555556 0.06230932203389831
0 0.5689305555555555 0.9477330508474576 0.04527777777777778 0.05326271186440678
0 0.53025 0.7136016949152543 0.059166666666666666 0.06925847457627118
0 0.81625 0.6308474576271186 0.03988888888888889 0.07324152542372882
0 0.8969166666666666 0.7257203389830509 0.042513888888888886 0.09349576271186441