0 0.6276111111111111 0.14293139293139293 0.057291666666666664 0.10395010395010396
0 0.5390694444444445 0.25727650727650725 0.078125 0.11954261954261955
0 0.4236111111111111 0.4872765072765073 0.07291666666666667 0.07536382536382537
0 0.7326388888888888 0.5288565488565489 0.08333333333333333 0.14293139293139293
0 0.8046944444444445 0.12345114345114346 0.08854166666666667 0.09615384615384616
0 0.9288194444444444 0.4482952182952183 0.07291666666666667 0.11694386694386695
0 0.4895833333333333 0.7575467775467776 0.07291666666666667 0.12733887733887733
0 0.6371527777777778 0.7666320166320166 0.0798611111111111 0.17151767151767153
0 0.7283055555555555 0.7614345114345115 0.06076388888888889 0.18191268191268192
0 0.6658055555555555 0.27286902286902287 0.09895833333333333 0.11434511434511435
0 0.9401111111111111 0.6808731808731808 0.06076388888888889 0.06756756756756757
0 0.3975694444444444 0.8562993762993762 0.0625 0.059771309771309775