0 0.4241111111111111 0.356864406779661 0.12863888888888889 0.14877118644067797
0 0.15068055555555554 0.2695762711864407 0.06988888888888889 0.16182203389830507
0 0.16325 0.08237288135593221 0.09501388888888888 0.12033898305084745
0 0.6638194444444444 0.6707415254237288 0.12788888888888889 0.21959745762711866
0 0.5685972222222222 0.5178389830508474 0.09619444444444446 0.2104237288135593
0 0.4131944444444444 0.5683050847457627 0.16633333333333333 0.2508262711864407
0 0.6426527777777777 0.17472457627118643 0.1093888888888889 0.21425847457627117
0 0.5034583333333333 0.23828389830508476 0.12068055555555555 0.15978813559322033
0 0.8228472222222223 0.32911016949152544 0.11395833333333333 0.17197033898305086
0 0.8727916666666666 0.4557203389830508 0.07319444444444445 0.16201271186440677
0 0.7610416666666667 0.5319279661016949 0.050680555555555555 0.13671610169491524
0 0.682 0.45425847457627117 0.08887500000000001 0.14377118644067796
0 0.6697638888888889 0.3508050847457627 0.12393055555555556 0.1003177966101695
0 0.31269444444444444 0.29430084745762713 0.10025 0.19313559322033896