0 0.12731958762886597 0.094 0.051314432989690725 0.059620689655172414
0 0.09368556701030928 0.357 0.052757731958762884 0.05117241379310345
0 0.07577319587628865 0.20131034482758622 0.06850515463917525 0.09034482758620689
0 0.08688144329896907 0.44610344827586207 0.05203608247422681 0.056965517241379306
0 0.1022680412371134 0.5323448275862068 0.061340206185567014 0.06851724137931035
0 0.23505154639175257 0.35651724137931035 0.04770618556701031 0.05596551724137931
0 0.5847164948453608 0.37855172413793103 0.07262886597938144 0.06555172413793103
0 0.44657216494845364 0.46527586206896554 0.07123711340206186 0.06082758620689655
0 0.7224999999999999 0.08296551724137931 0.06041237113402062 0.07782758620689656
0 0.24971649484536082 0.7963103448275862 0.0727319587628866 0.07348275862068965
0 0.5417525773195876 0.7115172413793104 0.06404639175257733 0.08206896551724138
0 0.7135567010309278 0.22813793103448274 0.05538659793814433 0.06355172413793103
0 0.8545618556701031 0.3699310344827586 0.07110824742268042 0.05979310344827586
0 0.810180412371134 0.029310344827586206 0.08543814432989691 0.05096551724137931
0 0.8538402061855671 0.12275862068965518 0.06966494845360825 0.11713793103448275
0 0.6179896907216494 0.6923448275862069 0.06615979381443299 0.06672413793103449