0 0.08247222222222222 0.2672955974842767 0.0920138888888889 0.12578616352201258
0 0.0165 0.5581761006289309 0.03298611111111111 0.10482180293501048
0 0.2465277777777778 0.5319706498951782 0.07291666666666667 0.12578616352201258
0 0.3472222222222222 0.5909433962264151 0.06944444444444445 0.11268343815513626
0 0.8862916666666667 0.609287211740042 0.08506944444444445 0.11268343815513626
0 0.079 0.7861635220125787 0.09895833333333333 0.18343815513626835
0 0.4965277777777778 0.7861635220125787 0.13541666666666666 0.18867924528301888
0 0.282125 0.9067085953878407 0.06770833333333333 0.17295597484276728
0 0.3923611111111111 0.7324528301886792 0.059027777777777776 0.12316561844863731
0 0.5460138888888889 0.9289937106918239 0.046875 0.1388888888888889
0 0.8888888888888888 0.8163102725366876 0.09375 0.1388888888888889
0 0.7309027777777778 0.9460167714884696 0.08333333333333333 0.10482180293501048
0 0.7916666666666666 0.7363731656184487 0.07291666666666667 0.19916142557651992
0 0.7204861111111112 0.8320335429769392 0.1388888888888889 0.17557651991614256