0 0.3167303609341826 0.09966666666666667 0.1210615711252654 0.1474861111111111
0 0.19503184713375796 0.15755555555555556 0.08148619957537155 0.13547222222222224
0 0.20492569002123143 0.4882083333333333 0.13524416135881104 0.09677777777777778
0 0.6733333333333333 0.5558333333333333 0.18887473460721868 0.16536111111111113
0 0.3053927813163482 0.5891666666666666 0.1154140127388535 0.14315277777777777
0 0.22333333333333333 0.3465 0.07014861995753716 0.1244861111111111
0 0.30823779193205947 0.7179027777777778 0.17201698513800423 0.05616666666666666
0 0.5601273885350319 0.6646527777777778 0.13229299363057326 0.08855555555555555
0 0.3740339702760085 0.8512777777777777 0.1932059447983015 0.0784861111111111
0 0.6478768577494691 0.759125 0.08698513800424629 0.09972222222222221
0 0.715796178343949 0.917513888888889 0.12091295116772824 0.13872222222222222
0 0.807791932059448 0.4544027777777778 0.13503184713375796 0.10138888888888889
0 0.3336942675159235 0.4178194444444444 0.13804670912951167 0.10044444444444443