0 0.6178625 0.2876206322795341 0.078575 0.06179700499168053
0 0.403575 0.48014975041597335 0.096425 0.09507487520798669
0 0.49196249999999997 0.5015474209650582 0.044637500000000004 0.07605657237936772
0 0.5482125 0.5229450915141431 0.053575 0.057054908485856905
0 0.5625 0.5990016638935108 0.071425 0.07131447587354409
0 0.597325 0.35535773710482527 0.058925 0.08795341098169716
0 0.2517875 0.4052745424292845 0.0607125 0.04991680532445923
0 0.26963750000000003 0.5181863560732113 0.0642875 0.10933444259567386
0 0.3125 0.4266722129783694 0.06786249999999999 0.09745424292845258
0 0.33125 0.6631780366056572 0.0625 0.06179700499168053
0 0.4982125 0.6916971713810316 0.06786249999999999 0.07605657237936772
0 0.4678625 0.37319467554076535 0.08213749999999999 0.08557404326123128
0 0.6258874999999999 0.6370382695507488 0.0696375 0.09507487520798669
0 0.36696249999999997 0.2971214642262895 0.13036250000000002 0.08557404326123128
0 0.6616124999999999 0.39933444259567386 0.091075 0.11885191347753744
0 0.7133875000000001 0.7083361064891847 0.066075 0.07605657237936772
0 0.6446375000000001 0.7499334442595673 0.096425 0.07369384359400998
0 0.5258875 0.29 0.0767875 0.0808153078202995
0 0.4169625 0.6964559068219633 0.10536250000000001 0.11885191347753744
0 0.36517499999999997 0.559783693843594 0.083925 0.10697171381031614
0 0.603575 0.48490848585690516 0.096425 0.14261231281198003
0 0.5473250000000001 0.7689517470881864 0.0875 0.11171381031613976
0 0.7419625000000001 0.32327787021630616 0.0375 0.06179700499168053
0 0.7258875 0.5312645590682197 0.1267875 0.07369384359400998