0 0.5831388888888889 0.22417372881355932 0.10940277777777777 0.16786016949152543
0 0.4396527777777778 0.20245762711864407 0.07640277777777778 0.14260593220338982
0 0.7170555555555556 0.5788983050847458 0.08754166666666667 0.1327542372881356
0 0.5262777777777778 0.7534957627118644 0.11472222222222221 0.2640677966101695
0 0.34706944444444443 0.6636652542372882 0.10552777777777779 0.16913135593220338
0 0.41088888888888886 0.4179237288135593 0.0942638888888889 0.1558686440677966
0 0.4985138888888889 0.36639830508474575 0.0995138888888889 0.2014194915254237
0 0.33252777777777776 0.2937923728813559 0.07643055555555556 0.12550847457627118
0 0.44295833333333334 0.6127118644067796 0.09094444444444445 0.1701271186440678
0 0.6129305555555555 0.5733474576271187 0.18023611111111112 0.2003601694915254
0 0.2955 0.5894915254237288 0.08966666666666667 0.13578389830508475