0 0.39255555555555555 0.20596296296296296 0.1909722222222222 0.22468518518518518
0 0.597 0.36137037037037034 0.17393055555555556 0.27624074074074073
0 0.4473333333333333 0.4308148148148148 0.1246111111111111 0.1990925925925926
0 0.33931944444444445 0.4580925925925926 0.1771111111111111 0.13633333333333333
0 0.3223611111111111 0.7174444444444444 0.1061388888888889 0.2352962962962963
0 0.5063472222222222 0.6037222222222222 0.26576388888888886 0.18685185185185185
0 0.7817638888888889 0.6654814814814815 0.23326388888888888 0.3227407407407407
0 0.7412638888888889 0.9242777777777778 0.16616666666666666 0.14279629629629628
0 0.5896666666666667 0.7745555555555556 0.23797222222222222 0.21988888888888888
0 0.4438611111111111 0.8285925925925925 0.2056111111111111 0.24770370370370368
0 0.15958333333333335 0.7832962962962964 0.14168055555555556 0.19416666666666665