0 0.304421052631579 0.4711061946902655 0.055719298245614036 0.08849557522123894
0 0.32403508771929823 0.3357522123893805 0.11557894736842104 0.11973451327433628
0 0.4200350877192982 0.3604867256637168 0.0516140350877193 0.07548672566371681
0 0.2249824561403509 0.5036283185840708 0.07842105263157895 0.13274336283185842
0 0.3869824561403509 0.7261946902654868 0.07224561403508772 0.10933628318584071
0 0.06603508771929825 0.8120796460176991 0.10733333333333334 0.06765486725663716
0 0.2311578947368421 0.800353982300885 0.11143859649122807 0.08588495575221239
0 0.33024561403508773 0.8094690265486726 0.08256140350877193 0.05725663716814159
0 0.3085614035087719 0.8667256637168141 0.064 0.05725663716814159
0 0.437578947368421 0.7860619469026549 0.04954385964912281 0.05725663716814159
0 0.3704912280701754 0.8966814159292036 0.047473684210526314 0.05464601769911504