0 0.23598611111111112 0.1403813559322034 0.06588888888888889 0.10927966101694915
0 0.138125 0.4058262711864407 0.0765 0.18008474576271186
0 0.2730138888888889 0.524385593220339 0.06851388888888889 0.10849576271186441
0 0.544125 0.7191737288135593 0.08694444444444445 0.13485169491525423
0 0.3232777777777778 0.41690677966101697 0.06586111111111112 0.10540254237288135
0 0.39005555555555554 0.653072033898305 0.05656944444444444 0.19031779661016948
0 0.5828194444444444 0.8644915254237289 0.057166666666666664 0.11074152542372882
0 0.7458194444444445 0.4522245762711864 0.06968055555555555 0.07919491525423729
0 0.8245 0.18934322033898307 0.06831944444444445 0.12847457627118644
0 0.10538888888888888 0.12627118644067797 0.10230555555555555 0.12944915254237288
0 0.1649027777777778 0.6338983050847458 0.08641666666666667 0.1640677966101695
0 0.5285833333333333 0.5198516949152543 0.11537499999999999 0.15391949152542375