0 0.6244500000000001 0.6607500000000001 0.08501666666666666 0.1069
0 0.5709833333333333 0.7045 0.09475 0.09442500000000001
0 0.5630000000000001 0.7712 0.15793333333333334 0.140325
0 0.2811166666666666 0.7785 0.06916666666666667 0.1424
0 0.7227 0.5055 0.10233333333333333 0.18392499999999998
0 0.11898333333333333 0.44715000000000005 0.06575 0.1422
0 0.08739999999999999 0.66595 0.07339999999999999 0.142325
0 0.28006666666666663 0.60655 0.10456666666666667 0.08602499999999999
0 0.3363 0.925925 0.15038333333333334 0.11852499999999999
0 0.20403333333333334 0.7764 0.05668333333333333 0.138225
0 0.5855666666666667 0.893625 0.09891666666666667 0.116425