0 0.0639451476793249 0.18666666666666668 0.1169409282700422 0.1556060606060606
0 0.10341772151898734 0.3174545454545455 0.11822784810126583 0.23606060606060608
0 0.17643459915611814 0.5653333333333334 0.13565400843881856 0.15196969696969698
0 0.7424472573839663 0.6124545454545455 0.11905063291139241 0.1384848484848485
0 0.29987341772151893 0.544 0.11061181434599156 0.19015151515151515
0 0.3889451476793249 0.7925151515151514 0.11059071729957806 0.22251515151515153
0 0.8486919831223628 0.3666969696969697 0.15339662447257382 0.36078787878787877
0 0.4408860759493671 0.6707878787878788 0.12540084388185654 0.20127272727272727
0 0.235042194092827 0.7403636363636363 0.11219409282700422 0.12493939393939393
0 0.7045569620253164 0.7739999999999999 0.1417299578059072 0.15184848484848484
0 0.5979113924050633 0.6332121212121212 0.11128691983122363 0.10593939393939394