0 0.4469444444444445 0.09737179487179487 0.08902777777777778 0.08134615384615385
0 0.47541666666666665 0.20217948717948717 0.13175925925925927 0.054230769230769235
0 0.4700925925925926 0.27121794871794874 0.14958333333333335 0.06903846153846153
0 0.43092592592592593 0.33900641025641026 0.18518518518518517 0.046858974358974355
0 0.5021296296296296 0.43637820512820513 0.15671296296296297 0.12326923076923077
0 0.6499074074074074 0.53625 0.07476851851851851 0.07150641025641025
0 0.7424999999999999 0.5436538461538462 0.06768518518518518 0.06657051282051282
0 0.7638888888888888 0.6262179487179487 0.08902777777777778 0.08381410256410256
0 0.6499074074074074 0.6089743589743589 0.13175925925925927 0.07397435897435897
0 0.24930555555555556 0.7482692307692308 0.1210648148148148 0.08134615384615385
0 0.7443055555555556 0.41419871794871793 0.09972222222222221 0.06903846153846153
0 0.710462962962963 0.745801282051282 0.1175 0.08628205128205128
0 0.6232407407407408 0.845673076923077 0.30625 0.07397435897435897
0 0.6338888888888888 0.3710576923076923 0.18518518518518517 0.23423076923076921
0 0.4825462962962963 0.6484294871794872 0.0961574074074074 0.11339743589743591
0 0.3917592592592593 0.7889423076923077 0.17092592592592593 0.23669871794871794