0 0.2211076923076923 0.39065116279069767 0.06272307692307692 0.18772093023255815
0 0.30570769230769235 0.822953488372093 0.09566153846153846 0.1686046511627907
0 0.3031384615384615 0.6020930232558139 0.06855384615384616 0.1853720930232558
0 0.42400000000000004 0.7969302325581396 0.11686153846153845 0.17637209302325582
0 0.44853846153846155 0.6546976744186046 0.1175846153846154 0.12444186046511628
0 0.3925076923076923 0.5506279069767442 0.10661538461538461 0.12893023255813954
0 0.3708923076923077 0.4338372093023256 0.1469076923076923 0.14118604651162792
0 0.49907692307692303 0.4814418604651163 0.06921538461538462 0.15665116279069768
0 0.2709076923076923 0.4515581395348837 0.04806153846153846 0.09690697674418605
0 0.5734307692307693 0.04416279069767441 0.03769230769230769 0.07946511627906977
0 0.6525384615384615 0.15486046511627907 0.06403076923076922 0.12809302325581395
0 0.41593846153846153 0.11555813953488371 0.07436923076923077 0.1491627906976744
0 0.309 0.14434883720930233 0.06269230769230769 0.06058139534883721
0 0.5104307692307692 0.09065116279069767 0.061153846153846156 0.106