0 0.6300972222222222 0.30489406779661016 0.08426388888888889 0.11139830508474576
0 0.5487638888888889 0.3896822033898305 0.11206944444444444 0.19622881355932204
0 0.42906944444444445 0.4335593220338983 0.11079166666666666 0.10845338983050846
0 0.44858333333333333 0.6591313559322034 0.09027777777777778 0.1540042372881356
0 0.637361111111111 0.6328813559322034 0.11468055555555555 0.13783898305084746
0 0.79375 0.702521186440678 0.17744444444444446 0.2044915254237288
0 0.6555555555555556 0.4310381355932203 0.09945833333333333 0.12156779661016949
0 0.8545833333333333 0.3482838983050847 0.13245833333333334 0.13766949152542374
0 0.8826944444444444 0.16915254237288135 0.1450138888888889 0.1123093220338983
0 0.7372222222222221 0.09497881355932203 0.10009722222222221 0.15163135593220337
0 0.3589722222222222 0.7333050847457627 0.1213888888888889 0.1994491525423729
0 0.28426388888888887 0.7116101694915254 0.07512500000000001 0.18633474576271186
0 0.4069166666666667 0.9272669491525424 0.126 0.14548728813559322
0 0.5061111111111111 0.25949152542372883 0.09422222222222222 0.23851694915254237
0 0.5854583333333333 0.11061440677966101 0.05452777777777777 0.10421610169491526
0 0.9586666666666667 0.5809110169491526 0.08266666666666667 0.14889830508474577
0 0.5725555555555556 0.6570974576271186 0.12793055555555555 0.1620762711864407
0 0.8526111111111111 0.06773305084745762 0.13643055555555555 0.13345338983050847
0 0.7312638888888888 0.1933686440677966 0.13580555555555557 0.11233050847457628