0 0.2925407925407925 0.6775067750677507 0.09557109557109557 0.13008130081300814
0 0.6219580419580419 0.2808672086720867 0.07841491841491842 0.09363143631436313
0 0.49799533799533796 0.422520325203252 0.1441025641025641 0.14043360433604335
0 0.8984848484848484 0.2746883468834688 0.06780885780885781 0.09116531165311653
0 0.45771561771561775 0.715691056910569 0.11867132867132867 0.14536585365853658
0 0.2860839160839161 0.47303523035230355 0.13561771561771563 0.12317073170731709
0 0.7342657342657343 0.30178861788617883 0.11655011655011654 0.1059349593495935
0 0.764988344988345 0.7144715447154472 0.1568065268065268 0.11333333333333333
0 0.4916317016317016 0.5321409214092141 0.2331002331002331 0.12317073170731709
0 0.4005128205128205 0.8696747967479675 0.20766899766899768 0.20693766937669378
0 0.6378554778554778 0.790840108401084 0.22885780885780888 0.2956368563685637
0 0.9525407925407925 0.37078590785907856 0.07417249417249418 0.0862330623306233
0 0.6145454545454545 0.4163685636856368 0.10594405594405595 0.11333333333333333