0 0.4383875 0.20833333333333334 0.0625 0.06905
0 0.5803625 0.5261833333333333 0.121425 0.09523333333333334
0 0.7383875000000001 0.3142833333333333 0.1446375 0.15715
0 0.42857500000000004 0.4857166666666667 0.1321375 0.16666666666666666
0 0.51875 0.12856666666666666 0.0767875 0.1
0 0.7830374999999999 0.16071666666666667 0.141075 0.13094999999999998
0 0.533925 0.6654833333333333 0.1821375 0.15
0 0.391075 0.6904833333333333 0.0857125 0.1
0 0.5107125 0.26189999999999997 0.0642875 0.08571666666666666
0 0.6642874999999999 0.11071666666666667 0.09286250000000001 0.1119
0 0.390175 0.2904833333333333 0.10536250000000001 0.10951666666666665
0 0.402675 0.8785666666666666 0.19821249999999999 0.11428333333333332
0 0.2383875 0.8285666666666667 0.1732125 0.12381666666666667
0 0.709825 0.5273833333333333 0.1017875 0.20238333333333333
0 0.60625 0.39166666666666666 0.1625 0.17381666666666667
0 0.6517875 0.19761666666666666 0.11428750000000001 0.061900000000000004