0 0.3645972222222222 0.4327916666666667 0.09691666666666666 0.1016875
0 0.4809861111111111 0.44766666666666666 0.07572222222222223 0.09572916666666667
0 0.7504444444444445 0.5052291666666666 0.07893055555555556 0.115625
0 0.4191527777777778 0.6337499999999999 0.09888888888888889 0.1166875
0 0.49486111111111114 0.25166666666666665 0.07968055555555555 0.10256249999999999
0 0.9084861111111111 0.3499166666666667 0.053750000000000006 0.10856249999999999
0 0.5848055555555556 0.5399583333333333 0.077 0.10175000000000001
0 0.5256111111111111 0.6317708333333333 0.06579166666666666 0.1484375
0 0.6330694444444445 0.25414583333333335 0.06244444444444445 0.07775
0 0.8903055555555556 0.5995 0.06102777777777778 0.1136875
0 0.9461805555555556 0.4962916666666667 0.049763888888888885 0.1215625