0 0.4555277777777778 0.4784375 0.0763888888888889 0.10964583333333335
0 0.5626527777777778 0.22835416666666666 0.09222222222222223 0.12139583333333334
0 0.46279166666666666 0.1043125 0.067125 0.09947916666666666
0 0.3689027777777778 0.2606041666666667 0.07775 0.10852083333333334
0 0.37220833333333336 0.5905625000000001 0.07641666666666667 0.07200000000000001
0 0.3619583333333333 0.69725 0.07576388888888888 0.065125
0 0.24822222222222223 0.63125 0.07051388888888889 0.10577083333333334
0 0.5110694444444445 0.7314791666666667 0.10018055555555555 0.11575
0 0.5335555555555556 0.4332708333333333 0.057847222222222223 0.09670833333333334
0 0.382125 0.42235416666666664 0.08831944444444445 0.11060416666666667
0 0.13745833333333332 0.5612916666666667 0.08311111111111112 0.13847916666666665