0 0.2863157894736842 0.8583333333333333 0.21052631578947367 0.08888888888888889
0 0.056842105263157895 0.8041666666666667 0.11368421052631579 0.09166666666666666
0 0.1831578947368421 0.9486111111111111 0.14736842105263157 0.04722222222222222
0 0.10526315789473684 0.8847222222222222 0.09263157894736843 0.06944444444444445
0 0.64 0.9277777777777778 0.20210526315789473 0.14444444444444443
0 0.5178947368421053 0.8166666666666667 0.09263157894736843 0.011111111111111112
0 0.3894736842105263 0.6236111111111111 0.16421052631578947 0.09722222222222222
0 0.5852631578947368 0.6027777777777777 0.1431578947368421 0.10555555555555556
0 0.7347368421052631 0.5208333333333334 0.14736842105263157 0.125
0 0.5368421052631579 0.47638888888888886 0.21473684210526317 0.11388888888888889
0 0.7157894736842105 0.6375 0.15157894736842106 0.09722222222222222
0 0.5726315789473684 0.725 0.16842105263157894 0.1111111111111111