0 0.3748472222222222 0.30059071729957804 0.08963888888888889 0.11696202531645569
0 0.5824722222222222 0.48953586497890295 0.15569444444444444 0.21755274261603377
0 0.5123888888888889 0.3287341772151899 0.08694444444444445 0.1491350210970464
0 0.25119444444444444 0.31265822784810127 0.08043055555555555 0.14107594936708862
0 0.11795833333333335 0.16736286919831223 0.08681944444444444 0.31223628691983124
0 0.6872916666666667 0.3789873417721519 0.139125 0.20141350210970463
0 0.7683055555555555 0.3478481012658228 0.06702777777777777 0.24761603375527427
0 0.677375 0.8583333333333334 0.13516666666666666 0.15949367088607594
0 0.40129166666666666 0.6890084388185653 0.1187361111111111 0.15236286919831224
0 0.3626111111111111 0.583987341772152 0.10088888888888889 0.14124472573839664
0 0.396 0.5015822784810127 0.1398888888888889 0.18139240506329116
0 0.03166666666666667 0.0879113924050633 0.057041666666666664 0.17580168776371308