0 0.328125 0.13219712525667351 0.052083333333333336 0.06416837782340862
0 0.4739583333333333 0.16556468172484598 0.05555555555555555 0.06930184804928131
0 0.6310833333333333 0.1193634496919918 0.09895833333333333 0.11036960985626283
0 0.4713611111111111 0.07700205338809035 0.0920138888888889 0.08726899383983573
0 0.7517361111111112 0.06032854209445585 0.1076388888888889 0.10523613963039015
0 0.2881944444444444 0.052628336755646814 0.0625 0.08983572895277207
0 0.5442777777777777 0.20790554414784393 0.078125 0.07700205338809035
0 0.3585138888888889 0.4453388090349076 0.10590277777777778 0.12063655030800821
0 0.4548611111111111 0.3375359342915811 0.059027777777777776 0.14117043121149897
0 0.5104166666666666 0.2862012320328542 0.06597222222222222 0.0795687885010267
0 0.5815972222222222 0.314435318275154 0.0763888888888889 0.11550308008213553
0 0.3836805555555556 0.5980492813141683 0.1423611111111111 0.16940451745379878
0 0.48004166666666664 0.5480082135523614 0.1267361111111111 0.24383983572895276
0 0.6918472222222222 0.24256673511293633 0.09895833333333333 0.11550308008213553
0 0.6961805555555556 0.396570841889117 0.1076388888888889 0.14117043121149897
0 0.9366388888888889 0.3490759753593429 0.078125 0.1540041067761807
0 0.9045138888888888 0.48897330595482547 0.13194444444444445 0.10523613963039015
0 0.2482638888888889 0.47357289527720736 0.1388888888888889 0.15657084188911705
0 0.40365277777777775 0.27720739219712526 0.08159722222222222 0.16940451745379878
0 0.1423611111111111 0.5236139630390144 0.11458333333333333 0.22587268993839835
0 0.8090277777777778 0.5865092402464066 0.1388888888888889 0.15657084188911705
0 0.5998333333333333 0.49410677618069815 0.11979166666666667 0.14630390143737165