0 0.09976388888888889 0.43477083333333333 0.07122222222222223 0.058020833333333334
0 0.19498611111111108 0.47197916666666667 0.08705555555555555 0.1026875
0 0.30972222222222223 0.3246041666666667 0.07445833333333333 0.0758125
0 0.26640277777777777 0.6540833333333332 0.08704166666666667 0.11570833333333333
0 0.6052916666666667 0.39606250000000004 0.09419444444444444 0.12347916666666667
0 0.35698611111111106 0.5230833333333333 0.11741666666666667 0.05608333333333334
0 0.40791666666666665 0.6272916666666667 0.06847222222222221 0.07402083333333334
0 0.37022222222222223 0.7096458333333333 0.05658333333333333 0.09589583333333333
0 0.7841666666666667 0.161375 0.059083333333333335 0.08860416666666666
0 0.953125 0.39010416666666664 0.06762499999999999 0.07585416666666665
0 0.4958611111111111 0.5965208333333333 0.09356944444444446 0.13154166666666667
0 0.6714166666666667 0.5518541666666666 0.10738888888888888 0.07793749999999999
0 0.5252916666666666 0.4754583333333333 0.05322222222222222 0.09177083333333333
0 0.605625 0.63125 0.05120833333333333 0.058145833333333334
0 0.9594027777777777 0.5295416666666667 0.06827777777777777 0.11066666666666666
0 0.7626666666666667 0.6277708333333333 0.14704166666666668 0.05714583333333333
0 0.9594027777777777 0.16535416666666666 0.060347222222222226 0.13227083333333334
0 0.7494583333333333 0.453125 0.049180555555555554 0.076875
0 0.9276666666666666 0.712625 0.05241666666666667 0.11375
0 0.9745416666666666 0.6511041666666666 0.050930555555555555 0.10975
0 0.8509583333333334 0.421875 0.05773611111111111 0.09175
0 0.8549305555555555 0.3037708333333333 0.06566666666666666 0.11747916666666666
0 0.6866388888888889 0.32658333333333334 0.06638888888888889 0.05595833333333333
0 0.9775138888888888 0.8069166666666666 0.044972222222222226 0.11183333333333333