0 0.4455972222222222 0.45122881355932204 0.1279722222222222 0.2103813559322034
0 0.40361111111111114 0.20802966101694914 0.151125 0.22031779661016948
0 0.5788472222222222 0.22720338983050847 0.11272222222222222 0.24656779661016948
0 0.7286111111111111 0.1691737288135593 0.17019444444444445 0.18497881355932203
0 0.8129166666666666 0.4472033898305085 0.22372222222222224 0.274978813559322
0 0.6105833333333334 0.67125 0.15237499999999998 0.2751059322033898
0 0.34905555555555556 0.5208686440677966 0.20470833333333333 0.2528177966101695
0 0.18902777777777777 0.5027118644067796 0.13863888888888887 0.1922457627118644
0 0.19498611111111108 0.3361864406779661 0.1584722222222222 0.22241525423728814
0 0.8826944444444444 0.21459745762711865 0.13708333333333333 0.26372881355932204
0 0.19729166666666667 0.7267372881355931 0.12740277777777778 0.19239406779661017
0 0.6191805555555555 0.4623305084745763 0.18544444444444447 0.17203389830508475