0 0.21094444444444443 0.21614583333333334 0.043402777777777776 0.078125
0 0.4557361111111111 0.8567708333333334 0.08506944444444445 0.10416666666666667
0 0.3168472222222222 0.3020833333333333 0.09895833333333333 0.08854166666666667
0 0.328125 0.13152083333333334 0.059027777777777776 0.10677083333333333
0 0.4340277777777778 0.08725000000000001 0.07291666666666667 0.0546875
0 0.5503472222222222 0.13933333333333334 0.08680555555555555 0.0390625
0 0.719625 0.3776041666666667 0.08506944444444445 0.08854166666666667
0 0.7708333333333334 0.2773541666666667 0.06597222222222222 0.10677083333333333
0 0.3420138888888889 0.6197916666666666 0.034722222222222224 0.078125
0 0.3888888888888889 0.6197916666666666 0.03819444444444445 0.036458333333333336
0 0.6701388888888888 0.6705833333333333 0.07291666666666667 0.0859375
0 0.7083333333333334 0.5507916666666667 0.09722222222222222 0.07552083333333333
0 0.5625 0.8463541666666666 0.09722222222222222 0.109375
0 0.6658055555555555 0.7682291666666666 0.0954861111111111 0.0625
0 0.2213611111111111 0.3671875 0.06076388888888889 0.078125
0 0.23004166666666667 0.5039166666666667 0.057291666666666664 0.09114583333333333
0 0.609375 0.4101666666666667 0.1076388888888889 0.14322916666666666