0 0.24173611111111112 0.12412962962962963 0.13470833333333332 0.16596296296296298
0 0.06161111111111111 0.3479814814814815 0.056861111111111105 0.22477777777777777
0 0.3628611111111111 0.12672222222222224 0.06215277777777778 0.22668518518518518
0 0.17887499999999998 0.37472222222222223 0.059902777777777784 0.13011111111111112
0 0.05273611111111111 0.10046296296296296 0.06226388888888889 0.11861111111111111
0 0.37675 0.4092037037037037 0.06215277777777778 0.09411111111111112
0 0.1711527777777778 0.5115925925925926 0.06298611111111112 0.05814814814814814
0 0.49516666666666664 0.1405925925925926 0.07213888888888889 0.11246296296296296
0 0.7350972222222222 0.2255 0.06125 0.11561111111111111
0 0.5939166666666666 0.5213703703703704 0.07518055555555556 0.09624074074074074
0 0.29768055555555556 0.4076851851851852 0.06294444444444444 0.12596296296296294