0 0.2868125 0.41933177022274326 0.141328125 0.021934349355216883
0 0.4690625 0.3582649472450176 0.13084374999999998 0.0932356389214537
0 0.36753125 0.46526377491207505 0.115265625 0.06691676436107855
0 0.5855937499999999 0.4554982415005862 0.106078125 0.04737397420867526
0 0.307 0.6338452520515826 0.080125 0.04650644783118406
0 0.42546875 0.5859554513481828 0.0826875 0.03279015240328253
0 0.482734375 0.5063071512309496 0.1035 0.0552168815943728
0 0.494453125 0.5522391559202814 0.15817187500000002 0.04157092614302462
0 0.30634375 0.3836576787807737 0.102265625 0.026799531066822976
0 0.5257031249999999 0.2786166471277843 0.048812499999999995 0.057033997655334116
0 0.373390625 0.5190152403282533 0.07229687500000001 0.04545134818288394