0 0.043555555555555556 0.41455670103092784 0.07786111111111112 0.07311340206185567
0 0.20094444444444445 0.03103092783505155 0.06722222222222222 0.06208247422680412
0 0.21383333333333335 0.4288041237113402 0.08904166666666667 0.08393814432989691
0 0.1248888888888889 0.511319587628866 0.07386111111111111 0.09577319587628867
0 0.027694444444444445 0.557958762886598 0.03819444444444445 0.05356701030927835
0 0.31070833333333336 0.04381443298969072 0.12008333333333332 0.08762886597938144
0 0.12423611111111112 0.2819793814432989 0.056666666666666664 0.05536082474226804
0 0.38708333333333333 0.4209484536082474 0.08633333333333333 0.09177319587628865
0 0.17877777777777779 0.6458556701030927 0.10625 0.09387628865979382
0 0.6109166666666667 0.37282474226804124 0.07765277777777778 0.10156701030927835
0 0.8489722222222222 0.47006185567010306 0.09344444444444444 0.08395876288659794
0 0.7140833333333333 0.2181443298969072 0.04588888888888889 0.06907216494845361
0 0.341125 0.591340206185567 0.046013888888888896 0.04964948453608247
0 0.47470833333333334 0.6109896907216494 0.05125 0.05358762886597938
0 0.5514027777777778 0.09439175257731959 0.038 0.08078350515463917
0 0.8132638888888888 0.2824536082474227 0.04584722222222222 0.03865979381443299
0 0.23004166666666667 0.22109278350515466 0.04605555555555555 0.12210309278350515
0 0.7256527777777778 0.4430515463917526 0.04125 0.04760824742268041
0 0.771611111111111 0.490680412371134 0.03395833333333333 0.04272164948453608
0 0.7927638888888888 0.37331958762886597 0.07627777777777778 0.07309278350515465
0 0.494875 0.3669278350515464 0.04794444444444445 0.06620618556701031
0 0.5970277777777778 0.5112989690721649 0.06576388888888889 0.04861855670103092
0 0.07200000000000001 0.6748247422680412 0.05536111111111111 0.051670103092783505
0 0.4310555555555556 0.6851546391752578 0.06713888888888889 0.08997938144329896