0 0.38096311475409833 0.3878324225865209 0.12553278688524588 0.22111111111111112
0 0.5576639344262295 0.6009107468123861 0.1340061475409836 0.2040255009107468
0 0.6766393442622951 0.6529872495446266 0.10619877049180329 0.14719489981785064
0 0.549702868852459 0.4829690346083788 0.11807377049180327 0.1928233151183971
0 0.2625819672131147 0.7183242258652095 0.09369877049180328 0.19601092896174863
0 0.22190573770491803 0.4130601092896175 0.07986680327868853 0.2505828779599271
0 0.05089139344262295 0.739016393442623 0.07695696721311475 0.13296903460837886
0 0.9102356557377049 0.15043715846994535 0.08436475409836065 0.08025500910746813
0 0.7568647540983607 0.33264116575591984 0.10206967213114755 0.16539162112932604
0 0.9105225409836065 0.3407468123861566 0.08152663934426228 0.1694535519125683
0 0.5104303278688525 0.18537340619307832 0.13516393442622948 0.25336976320582877
0 0.3175 0.08313296903460839 0.09084016393442623 0.14601092896174864