0 0.7676416938110748 0.09731543624161074 0.07600651465798046 0.06934899328859061
0 0.7643843648208468 0.16778523489932887 0.09120521172638436 0.06263758389261745
0 0.7415830618892507 0.24161073825503357 0.0890358306188925 0.07606040268456375
0 0.37350488599348536 0.5089463087248323 0.07383061889250814 0.03803355704697987
0 0.43322475570032576 0.5626375838926175 0.0890358306188925 0.04250335570469799
0 0.41042345276872966 0.4463087248322148 0.05646254071661238 0.04697986577181208
0 0.46254071661237783 0.4843422818791946 0.0781758957654723 0.04250335570469799
0 0.43757003257328986 0.6890402684563759 0.06731596091205212 0.07606040268456375
0 0.49945928338762213 0.5548120805369128 0.05211726384364821 0.04474496644295302
0 0.5222605863192182 0.6879194630872483 0.04994788273615635 0.04250335570469799
0 0.8110749185667753 0.763979865771812 0.06731596091205212 0.06487919463087248
0 0.6167231270358305 0.47763087248322145 0.10423452768729642 0.08277181208053691
0 0.704671009771987 0.5883691275167785 0.07166123778501629 0.10290604026845639
0 0.8566775244299675 0.41387248322147646 0.08034527687296417 0.10290604026845639
0 0.5005407166123779 0.785234899328859 0.05863192182410423 0.05816778523489933
0 0.3691661237785016 0.8478724832214765 0.11726384364820847 0.06711409395973154
0 0.7177003257328991 0.3523489932885906 0.10206514657980455 0.09619463087248323
0 0.5656872964169382 0.38926174496644295 0.11943322475570034 0.04921476510067114
0 0.5841498371335505 0.5771812080536913 0.16503583061889252 0.14317449664429532
0 0.8110749185667753 0.47651006711409394 0.18024104234527688 0.09843624161073825
0 0.41042345276872966 0.40604026845637586 0.0781758957654723 0.06487919463087248
0 0.7546123778501628 0.582771812080537 0.4060781758957655 0.45861073825503357
0 0.5515765472312704 0.8434026845637584 0.1389771986970684 0.12528187919463085
0 0.6427817589576547 0.5335570469798657 0.2388729641693811 0.34675838926174496
0 0.6623257328990227 0.07718120805369127 0.13029315960912052 0.0783020134228188