0 0.7690972222222222 0.5817610062893082 0.059027777777777776 0.07861635220125786
0 0.27691666666666664 0.7350733752620545 0.078125 0.0759958071278826
0 0.1753472222222222 0.7219706498951782 0.09027777777777778 0.10220125786163523
0 0.07291666666666667 0.9415723270440252 0.0625 0.11687631027253668
0 0.33768055555555554 0.8149895178197065 0.07118055555555555 0.08909853249475891
0 0.4479166666666667 0.8333333333333334 0.09375 0.16247379454926625
0 0.5251805555555555 0.9407756813417191 0.07118055555555555 0.09433962264150944
0 0.25781944444444443 0.9612159329140462 0.06770833333333333 0.07756813417190776
0 0.6579861111111112 0.8018867924528302 0.07291666666666667 0.09958071278825996
0 0.7048611111111112 0.8831236897274634 0.0625 0.07861635220125786
0 0.7482638888888888 0.9559748427672956 0.059027777777777776 0.0880503144654088
0 0.8159722222222222 0.749475890985325 0.0798611111111111 0.10482180293501048
0 0.7013888888888888 0.699685534591195 0.1284722222222222 0.09433962264150944
0 0.019097222222222224 0.5450733752620545 0.03819444444444445 0.09958071278825996