0 0.4231770833333333 0.537109375 0.049479166666666664 0.04296875
0 0.22395833333333334 0.6171875 0.09375 0.0390625
0 0.2630208333333333 0.6611328125 0.041666666666666664 0.052734375
0 0.3229166666666667 0.642578125 0.078125 0.0546875
0 0.3671875 0.5771484375 0.06770833333333333 0.048828125
0 0.3424479166666667 0.7333984375 0.06510416666666667 0.072265625
0 0.14453125 0.6640625 0.0859375 0.0625
0 0.4895833333333333 0.6123046875 0.08854166666666667 0.072265625
0 0.3841145833333333 0.6484375 0.049479166666666664 0.0390625
0 0.16015625 0.8125 0.06510416666666667 0.03515625
0 0.1484375 0.859375 0.09375 0.0625
0 0.24739583333333334 0.7265625 0.09375 0.0546875
0 0.4427083333333333 0.69921875 0.052083333333333336 0.05078125
0 0.5169270833333334 0.4873046875 0.06510416666666667 0.142578125