0 0.4281183932346723 0.40484722222222225 0.23606765327695559 0.09673611111111112
0 0.6437209302325582 0.3789166666666667 0.21063424947145876 0.11152777777777777
0 0.5197251585623679 0.2872222222222222 0.13175475687103594 0.08369444444444445
0 0.8579281183932347 0.6502916666666666 0.13162790697674417 0.09873611111111112
0 0.7846511627906977 0.7142083333333333 0.17112050739957715 0.11544444444444445
0 0.3224312896405919 0.6891944444444444 0.10928118393234672 0.07652777777777778
0 0.2153276955602537 0.7040138888888888 0.09803382663847779 0.09506944444444444
0 0.5485835095137421 0.8999027777777777 0.2656236786469345 0.08129166666666666
0 0.5225369978858351 0.6549166666666667 0.15429175475687104 0.08577777777777777
0 0.3069133192389006 0.3307361111111111 0.24737843551797042 0.026291666666666665
0 0.767737843551797 0.31777777777777777 0.08657505285412263 0.06704166666666667