0 0.48177777777777775 0.2513125 0.03298611111111111 0.0703125
0 0.5616388888888889 0.171875 0.036458333333333336 0.09375
0 0.7725694444444444 0.08725000000000001 0.03819444444444445 0.09635416666666667
0 0.6415 0.3125 0.1232638888888889 0.109375
0 0.5043472222222222 0.3320416666666667 0.07465277777777778 0.08072916666666667
0 0.4201388888888889 0.5703125 0.10416666666666667 0.08333333333333333
0 0.24566666666666667 0.3489583333333333 0.050347222222222224 0.08854166666666667
0 0.35156944444444443 0.20572916666666666 0.0954861111111111 0.13020833333333334
0 0.6423611111111112 0.5481874999999999 0.0763888888888889 0.09635416666666667
0 0.6553888888888889 0.6927083333333334 0.11284722222222222 0.09375
0 0.7335138888888889 0.9609375 0.10590277777777778 0.078125
0 0.5833333333333334 0.8763124999999999 0.11458333333333333 0.13802083333333334
0 0.5677083333333334 0.4661458333333333 0.08333333333333333 0.03125