0 0.4063706563706564 0.4884020618556701 0.1138996138996139 0.12628865979381443
0 0.668918918918919 0.6752577319587629 0.11776061776061776 0.11855670103092783
0 0.4855212355212355 0.6224226804123711 0.14092664092664092 0.10051546391752578
0 0.5907335907335908 0.46262886597938147 0.10038610038610038 0.07989690721649484
0 0.7731660231660231 0.5193298969072165 0.12162162162162163 0.3324742268041237
0 0.609073359073359 0.8067010309278351 0.09845559845559845 0.0979381443298969
0 0.7799227799227799 0.7770618556701031 0.07722007722007722 0.15721649484536082
0 0.49903474903474904 0.46649484536082475 0.10231660231660232 0.17010309278350516
0 0.22972972972972974 0.8698453608247423 0.0694980694980695 0.1056701030927835
0 0.3812741312741313 0.8079896907216495 0.21042471042471042 0.09020618556701031
0 0.5743243243243243 0.9394329896907216 0.07528957528957529 0.08505154639175258
0 0.752895752895753 0.9471649484536082 0.0694980694980695 0.08505154639175258