0 0.7470555555555556 0.19772073921971253 0.08052777777777777 0.11938398357289527
0 0.9117638888888889 0.2102669404517454 0.08125 0.11708418891170431
0 0.6695277777777778 0.3214579055441479 0.0875 0.09989733059548254
0 0.6255555555555555 0.37848049281314167 0.08288888888888889 0.09073921971252566
0 0.6807083333333334 0.5529568788501027 0.07747222222222222 0.12484599589322382
0 0.8805138888888889 0.6589733059548255 0.1252361111111111 0.26845995893223823
0 0.7779166666666667 0.5512320328542094 0.07743055555555556 0.16932238193018478
0 0.7366388888888888 0.7542299794661191 0.16616666666666666 0.13724845995893226
0 0.47433333333333333 0.371047227926078 0.09529166666666666 0.15119096509240246
0 0.41263888888888894 0.23825462012320328 0.08368055555555555 0.23075975359342915
0 0.5885138888888889 0.060308008213552367 0.09215277777777776 0.12061601642710473
0 0.21358333333333335 0.16008213552361394 0.09229166666666667 0.1672895277207392
0 0.7578611111111111 0.11447638603696099 0.07436111111111111 0.13084188911704311
0 0.5885138888888889 0.28268993839835727 0.07363888888888889 0.11817248459958932