0 0.33457805907172994 0.1623030303030303 0.11502109704641351 0.165
0 0.47801687763713085 0.13854545454545455 0.08122362869198312 0.13566666666666669
0 0.4200210970464135 0.16987878787878788 0.07069620253164556 0.11345454545454545
0 0.5813713080168776 0.3588181818181818 0.10227848101265823 0.2004848484848485
0 0.4948945147679325 0.45078787878787874 0.07276371308016878 0.2631818181818182
0 0.40805907172995776 0.277969696969697 0.08054852320675106 0.07515151515151515
0 0.3219198312236287 0.30527272727272725 0.08970464135021097 0.11760606060606062
0 0.784915611814346 0.3982121212121212 0.10852320675105485 0.10957575757575756
0 0.8471518987341773 0.612939393939394 0.16124472573839663 0.14506060606060606
0 0.9385654008438818 0.48160606060606065 0.11620253164556962 0.20963636363636365
0 0.6924683544303798 0.4851212121212121 0.08816455696202531 0.11366666666666667