0 0.20920833333333333 0.10096436058700209 0.07713888888888888 0.10211740041928721
0 0.19465277777777779 0.39356394129979033 0.058625000000000003 0.14423480083857443
0 0.3927083333333333 0.2642348008385744 0.05393055555555555 0.08324947589098533
0 0.32393055555555555 0.5883018867924529 0.06718055555555555 0.15035639412997903
0 0.49156944444444445 0.27423480083857443 0.049263888888888885 0.09123689727463313
0 0.5586805555555555 0.38058700209643603 0.052555555555555564 0.08230607966457022
0 0.4978472222222222 0.6182599580712789 0.06579166666666666 0.09044025157232705
0 0.6463055555555555 0.37559748427672957 0.08887500000000001 0.13224318658280923
0 0.7266388888888888 0.46844863731656183 0.071 0.12633123689727463
0 0.8400416666666667 0.2881970649895178 0.05575 0.07127882599580712
0 0.8615416666666665 0.17236897274633123 0.04715277777777778 0.07918238993710693
0 0.8919583333333334 0.37209643605870024 0.07623611111111112 0.07132075471698114
0 0.9544444444444445 0.20731656184486374 0.05438888888888888 0.08920335429769391
0 0.9541111111111111 0.4874423480083857 0.06563888888888889 0.09236897274633124