0 0.3588153846153846 0.16151162790697676 0.08318461538461538 0.11481395348837209
0 0.5675538461538462 0.7604186046511628 0.1050923076923077 0.12990697674418605
0 0.6928153846153846 0.5661162790697675 0.09186153846153847 0.13334883720930232
0 0.5803846153846154 0.5401162790697674 0.09995384615384616 0.14111627906976745
0 0.5031076923076923 0.6220232558139536 0.08167692307692308 0.10565116279069767
0 0.6847538461538462 0.4061627906976744 0.07573846153846153 0.12572093023255815
0 0.6843846153846154 0.820186046511628 0.09698461538461538 0.12986046511627908
0 0.7624 0.33751162790697675 0.08158461538461538 0.13460465116279072
0 0.5866 0.42055813953488375 0.10801538461538461 0.11462790697674419
0 0.42106153846153843 0.508 0.11978461538461538 0.0902093023255814
0 0.5836769230769231 0.08844186046511628 0.058199999999999995 0.10158139534883721
0 0.6950153846153846 0.15430232558139534 0.08746153846153847 0.09376744186046512
0 0.6320153846153846 0.9524883720930233 0.08455384615384616 0.08216279069767442
0 0.7052615384615385 0.6873488372093023 0.10796923076923078 0.0768139534883721
0 0.4379076923076923 0.05965116279069767 0.10952307692307692 0.08388372093023255