0 0.4594861111111111 0.0992144373673036 0.0922638888888889 0.08116772823779192
0 0.20952777777777779 0.41679405520169854 0.09234722222222222 0.15821656050955413
0 0.6796944444444445 0.54723991507431 0.07234722222222223 0.10369426751592357
0 0.2855694444444445 0.6205732484076434 0.11744444444444445 0.07441613588110403
0 0.22341666666666668 0.09770700636942675 0.14391666666666666 0.08420382165605095
0 0.6062916666666667 0.3581316348195329 0.08427777777777777 0.08940552016985139
0 0.6658055555555555 0.02791932059447983 0.11598611111111112 0.04167728237791932
0 0.13018055555555555 0.8132271762208068 0.06856944444444445 0.0775583864118896
0 0.7560694444444445 0.09316348195329087 0.07033333333333333 0.11757961783439491
0 0.08058333333333334 0.20390658174097667 0.064625 0.12673036093418258
0 0.4006388888888889 0.23070063694267515 0.09359722222222222 0.07719745222929936
0 0.3298888888888889 0.34498938428874737 0.07908333333333332 0.13592356687898088