0 0.9025 0.7309896907216494 0.17381944444444444 0.22944329896907217
0 0.6162916666666667 0.5912783505154638 0.14769444444444446 0.22494845360824742
0 0.6525416666666667 0.2036701030927835 0.136875 0.1713814432989691
0 0.5194583333333334 0.12581443298969072 0.1716388888888889 0.16686597938144332
0 0.21280555555555555 0.3342268041237113 0.12777777777777777 0.17129896907216494
0 0.4697361111111111 0.5535670103092784 0.1361527777777778 0.24909278350515465
0 0.3084722222222222 0.5649690721649484 0.14318055555555556 0.11731958762886598
0 0.3486111111111111 0.7327628865979381 0.18394444444444444 0.18622680412371131
0 0.22515277777777779 0.14643298969072163 0.14320833333333333 0.16684536082474227
0 0.421875 0.3502680412371134 0.10147222222222223 0.10717525773195875
0 0.6425138888888889 0.8128659793814433 0.2001527777777778 0.13890721649484536
0 0.28455555555555556 0.43956701030927836 0.1323888888888889 0.1345979381443299
0 0.2232222222222222 0.5701237113402061 0.09769444444444444 0.06579381443298969
0 0.21437499999999998 0.692680412371134 0.12834722222222222 0.14270103092783504