0 0.4525416666666666 0.036812500000000005 0.08234722222222222 0.05975
0 0.22408333333333333 0.7304999999999999 0.08969444444444444 0.08995833333333333
0 0.311375 0.6714375 0.042055555555555554 0.08495833333333333
0 0.43833333333333335 0.3454583333333333 0.09755555555555555 0.10558333333333333
0 0.20458333333333334 0.41689583333333335 0.05465277777777778 0.06991666666666667
0 0.6390277777777779 0.09239583333333333 0.06640277777777778 0.09947916666666666
0 0.34675 0.843625 0.06915277777777777 0.06620833333333334
0 0.3622916666666667 0.6262916666666667 0.05658333333333333 0.11966666666666666
0 0.6082777777777777 0.47050000000000003 0.04856944444444444 0.10566666666666666
0 0.7180416666666667 0.20354166666666668 0.045875 0.09558333333333334
0 0.4198194444444444 0.48935416666666665 0.06052777777777778 0.09575
0 0.61025 0.2015625 0.10808333333333332 0.13925
0 0.7068055555555556 0.094375 0.06308333333333334 0.10345833333333333
0 0.4267638888888889 0.7275208333333333 0.08631944444444445 0.0601875
0 0.24061111111111114 0.5300208333333333 0.0751388888888889 0.06997916666666668
0 0.5176805555555556 0.4754583333333333 0.049916666666666665 0.09177083333333333
0 0.4680833333333333 0.6292708333333333 0.10151388888888889 0.07797916666666667
0 0.7868194444444444 0.27597916666666666 0.064375 0.07379166666666667
0 0.7646666666666666 0.39010416666666664 0.07958333333333333 0.09966666666666667
0 0.8754305555555555 0.20752083333333332 0.05111111111111111 0.09160416666666667
0 0.28326388888888887 0.38714583333333336 0.09298611111111112 0.21279166666666666
0 0.4594861111111111 0.2323125 0.06845833333333333 0.08170833333333333
0 0.4300694444444444 0.8014375 0.06119444444444445 0.04733333333333333
0 0.8251666666666667 0.41491666666666666 0.03790277777777778 0.11358333333333334
0 0.85625 0.04725 0.06831944444444445 0.06272916666666667