0 0.5765833333333333 0.23210718635809988 0.08372916666666666 0.04806333739342265
0 0.38173958333333335 0.363605359317905 0.09507291666666666 0.08571254567600488
0 0.54490625 0.5001705237515225 0.08807291666666667 0.08477466504263093
0 0.72890625 0.6088063337393422 0.06023958333333333 0.0584531059683313
0 0.6382083333333333 0.35293544457978077 0.07155208333333334 0.08265529841656516
0 0.6351666666666667 0.541278928136419 0.0706875 0.06348355663824604
0 0.4242604166666667 0.5128623629719854 0.11762500000000001 0.09190012180267966
0 0.6915833333333333 0.45903775883069425 0.10017708333333333 0.06952496954933009
0 0.69765625 0.6621071863581 0.09148958333333333 0.04934226552984165
0 0.8764375 0.6793666260657735 0.16780208333333332 0.08387332521315469
0 0.5423020833333333 0.35344701583434834 0.12453125 0.089768574908648
0 0.5149583333333333 0.6093179049939099 0.12714583333333335 0.08992691839220462
0 0.7610104166666667 0.363605359317905 0.09320833333333334 0.11007308160779537