0 0.5094166666666666 0.6313559322033898 0.08497222222222223 0.11665254237288136
0 0.39105555555555555 0.7247033898305085 0.06252777777777778 0.09146186440677967
0 0.6112500000000001 0.8044279661016949 0.07434722222222222 0.06932203389830509
0 0.5662777777777778 0.9423940677966102 0.08759722222222223 0.11521186440677966
0 0.3550138888888889 0.25239406779661017 0.08963888888888889 0.07101694915254238
0 0.2515277777777778 0.16309322033898305 0.05331944444444445 0.08809322033898305
0 0.626125 0.2741101694915254 0.06838888888888889 0.11641949152542373
0 0.14572222222222223 0.5435593220338983 0.08773611111111111 0.13474576271186442
0 0.3272361111111111 0.07580508474576271 0.08966666666666667 0.07694915254237288
0 0.7815277777777778 0.4502118644067797 0.10933333333333334 0.07514830508474576
0 0.747138888888889 0.28773305084745765 0.06438888888888888 0.12550847457627118
0 0.8579027777777779 0.8872033898305085 0.10733333333333334 0.11377118644067798