0 0.4925777777777778 0.8222222222222222 0.10124444444444446 0.09875555555555555
0 0.2641777777777778 0.760488888888889 0.054311111111111116 0.06417777777777778
0 0.33084444444444444 0.9506222222222221 0.11359999999999999 0.09875555555555555
0 0.7790222222222223 0.6703555555555556 0.07653333333333333 0.06666666666666667
0 0.7432 0.7641777777777777 0.07902222222222223 0.09631111111111113
0 0.6777777777777778 0.27035555555555557 0.051866666666666665 0.08146666666666666
0 0.6234666666666667 0.4136 0.1259111111111111 0.1111111111111111
0 0.8296444444444444 0.5271555555555556 0.04937777777777778 0.09631111111111113
0 0.6012444444444445 0.5098666666666667 0.11604444444444444 0.06666666666666667
0 0.45555555555555555 0.5481333333333334 0.15555555555555556 0.10862222222222223
0 0.6172888888888888 0.7074222222222222 0.15804444444444446 0.16542222222222222