0 0.3090277777777778 0.109375 0.125 0.08854166666666667
0 0.5112916666666667 0.15364583333333334 0.1579861111111111 0.13541666666666666
0 0.7482638888888888 0.6171875 0.1875 0.2760416666666667
0 0.8932361111111111 0.3671875 0.21354166666666666 0.2864583333333333
0 0.9279583333333333 0.7330833333333333 0.1440972222222222 0.4140625
0 0.1276111111111111 0.6184999999999999 0.2204861111111111 0.2786458333333333
0 0.188375 0.3776041666666667 0.2586805555555556 0.203125
0 0.16666666666666666 0.8867291666666667 0.3055555555555556 0.2265625
0 0.6831666666666667 0.9114583333333334 0.06770833333333333 0.11979166666666667
0 0.8168472222222222 0.9023541666666667 0.06076388888888889 0.12760416666666666
0 0.6849027777777777 0.2916666666666667 0.19618055555555555 0.328125