0 0.8154261954261954 0.6408813559322034 0.12010395010395011 0.12020338983050848
0 0.8147401247401247 0.7538983050847458 0.1140956340956341 0.1690508474576271
0 0.9221413721413722 0.8126440677966101 0.07395010395010396 0.16003389830508474
0 0.890935550935551 0.5205762711864407 0.12977130977130977 0.1575593220338983
0 0.616902286902287 0.44376271186440674 0.14303534303534304 0.16664406779661015
0 0.35846153846153844 0.7408474576271187 0.20825363825363827 0.12352542372881355
0 0.26600831600831604 0.9317966101694916 0.2718711018711019 0.13189830508474576
0 0.6487733887733887 0.9429491525423729 0.2234095634095634 0.11413559322033899
0 0.5645945945945946 0.629593220338983 0.1091060291060291 0.2060677966101695
0 0.9516008316008316 0.693457627118644 0.09405405405405406 0.17464406779661018
0 0.08442827442827443 0.902271186440678 0.16885654885654885 0.19549152542372883