0 0.193 0.4391101694915254 0.05136111111111111 0.1134957627118644
0 0.3844444444444445 0.3820974576271186 0.06781944444444445 0.15887711864406778
0 0.7203611111111111 0.3745127118644068 0.05447222222222222 0.06904661016949153
0 0.8155833333333333 0.2367584745762712 0.06237499999999999 0.09016949152542374
0 0.9547777777777778 0.4042796610169491 0.059027777777777776 0.07411016949152542
0 0.9606527777777777 0.5329661016949152 0.07870833333333334 0.1075
0 0.10175000000000001 0.7332838983050848 0.10693055555555554 0.07834745762711864
0 0.35005555555555556 0.7236864406779661 0.08370833333333334 0.06523305084745762
0 0.48297222222222225 0.3926906779661017 0.07175 0.1296186440677966
0 0.7315972222222222 0.5804025423728814 0.07695833333333332 0.10550847457627117
0 0.938236111111111 0.6722457627118644 0.10531944444444444 0.11970338983050847
0 0.37419444444444444 0.9023305084745762 0.07245833333333333 0.059279661016949155
0 0.5679444444444445 0.35533898305084743 0.063125 0.0791313559322034
0 0.08323611111111111 0.3613983050847458 0.05404166666666666 0.0791313559322034
0 0.13877777777777778 0.383093220338983 0.03815277777777778 0.08014830508474576
0 0.47701388888888885 0.710572033898305 0.059847222222222225 0.07531779661016949
0 0.6112500000000001 0.5935169491525424 0.08229166666666667 0.10754237288135593
0 0.6863055555555555 0.760021186440678 0.05383333333333333 0.0773728813559322
0 0.5196666666666667 0.8236016949152543 0.05388888888888888 0.08345338983050847
0 0.8350833333333333 0.8286652542372881 0.05773611111111111 0.10565677966101694
0 0.45155555555555554 0.9391525423728813 0.06052777777777778 0.0663771186440678
0 0.8572361111111112 0.5551694915254237 0.050458333333333334 0.07925847457627118
0 0.14208333333333334 0.9038347457627119 0.060625 0.08048728813559322
0 0.289875 0.940677966101695 0.07445833333333333 0.07546610169491524
0 0.1996111111111111 0.19286016949152543 0.05663888888888889 0.06894067796610169
0 0.755736111111111 0.4653389830508474 0.03395833333333333 0.06911016949152542