0 0.458552036199095 0.32132963988919666 0.0909049773755656 0.055817174515235456
0 0.673054298642534 0.7539058171745153 0.043212669683257925 0.0776454293628809
0 0.6851809954751131 0.4198614958448753 0.08665158371040724 0.055872576177285325
0 0.4841176470588235 0.5871468144044322 0.08671945701357466 0.058033240997229917
0 0.1992760180995475 0.23 0.11361990950226245 0.0865650969529086
0 0.6307239819004524 0.1858725761772853 0.11850678733031675 0.06806094182825485
0 0.2738235294117647 0.07706371191135734 0.16889140271493214 0.11728531855955679
0 0.5662217194570136 0.7877839335180055 0.13024886877828054 0.10844875346260388
0 0.3513122171945701 0.4198614958448753 0.11776018099547511 0.09282548476454293
0 0.786131221719457 0.2166759002770083 0.09246606334841628 0.1789196675900277
0 0.6919004524886878 0.6302493074792244 0.0698868778280543 0.033434903047091416
0 0.9038461538461539 0.9083656509695291 0.15192307692307694 0.1095567867036011
0 0.9168325791855204 0.422409972299169 0.11253393665158372 0.055983379501385044
0 0.5348190045248868 0.4229362880886427 0.012126696832579185 0.00047091412742382275
0 0.5863348416289593 0.5137673130193906 0.10009049773755657 0.18833795013850413
0 0.7827828054298642 0.5142659279778393 0.10588235294117647 0.07235457063711911
0 0.7279185520361992 0.7451523545706371 0.06149321266968326 0.09373961218836566
0 0.6030995475113122 0.31518005540166205 0.07753393665158372 0.08044321329639889
0 0.7011085972850678 0.8857894736842105 0.06821266968325791 0.06437673130193905
0 0.38608597285067875 0.12479224376731302 0.08171945701357465 0.07257617728531855
0 0.40536199095022624 0.2782271468144044 0.10015837104072399 0.09274238227146814
0 0.7932579185520362 0.6640997229916897 0.07153846153846154 0.05193905817174515
0 0.8837556561085973 0.7503324099722992 0.07149321266968327 0.07662049861495845
0 0.3391855203619909 0.7118282548476456 0.05828054298642534 0.06734072022160664
0 0.08952488687782806 0.29670360110803323 0.07176470588235294 0.055817174515235456
0 0.8393438914027149 0.12326869806094183 0.08323529411764706 0.0659556786703601
0 0.6663348416289593 0.26797783933518005 0.09418552036199096 0.08451523545706371
0 0.13434389140271494 0.10786703601108033 0.09606334841628959 0.05980609418282548
0 0.4510180995475113 0.42548476454293627 0.05572398190045249 0.036398891966759
0 0.4619230769230769 0.6795013850415513 0.10766968325791856 0.07041551246537396
0 0.878710407239819 0.6718005540166205 0.07149321266968327 0.048864265927977844
0 0.4824434389140272 0.5199168975069252 0.08337104072398191 0.05285318559556786
0 0.9679864253393665 0.12941828254847645 0.06402714932126698 0.0782825484764543