0 0.1746736111111111 0.5903209876543211 0.04958333333333334 0.07364197530864197
0 0.24584722222222222 0.6180987654320989 0.03914583333333333 0.07982716049382715
0 0.2788263888888889 0.6659629629629629 0.035659722222222225 0.10764197530864197
0 0.3566458333333334 0.13235802469135802 0.041999999999999996 0.05895061728395062
0 0.14025 0.706604938271605 0.04670138888888889 0.084
0 0.2441111111111111 0.8491358024691358 0.0495625 0.054246913580246914
0 0.30746527777777777 0.8939135802469137 0.06863194444444444 0.07588888888888888
0 0.3766111111111111 0.6633827160493827 0.050673611111111114 0.046925925925925926
0 0.3227986111111111 0.7596049382716049 0.04721527777777777 0.08506172839506174
0 0.6977361111111111 0.7287283950617284 0.03320138888888889 0.06034567901234568
0 0.6815347222222222 0.5527530864197531 0.035520833333333335 0.04171604938271605
0 0.6977291666666667 0.8450246913580247 0.06097222222222222 0.09540740740740741
0 0.75675 0.6268518518518519 0.040125 0.0911604938271605
0 0.6381388888888888 0.7287407407407407 0.03900694444444445 0.08504938271604938
0 0.4260763888888889 0.7184444444444446 0.04197222222222222 0.03975308641975309
0 0.7602222222222222 0.908320987654321 0.0470625 0.06766666666666667
0 0.7532777777777778 0.7431481481481482 0.06095138888888889 0.07682716049382715
0 0.8475902777777777 0.7153580246913581 0.0481875 0.07062962962962963
0 0.8296527777777778 0.8259876543209876 0.05398611111111111 0.06349382716049383