0 0.43202959830866805 0.589515503875969 0.056638477801268496 0.11406976744186047
0 0.3195454545454546 0.05362403100775194 0.05819238900634249 0.05558139534883721
0 0.5100317124735729 0.5447286821705426 0.043530655391120505 0.06325581395348838
0 0.043995771670190274 0.15147286821705425 0.02959830866807611 0.06302325581395349
0 0.6172410147991543 0.08455426356589148 0.03442917547568711 0.0675968992248062
0 0.7126109936575052 0.20825581395348836 0.03490486257928119 0.04920542635658915
0 0.4514059196617336 0.7759883720930233 0.04405919661733615 0.06618217054263566
0 0.20781183932346722 0.7187403100775194 0.03406976744186046 0.07352713178294573
0 0.3250739957716702 0.817984496124031 0.06322410147991543 0.08928294573643411
0 0.8032029598308669 0.40257751937984493 0.04695560253699789 0.044709302325581395
0 0.7538794926004228 0.03424418604651163 0.050993657505285415 0.0611046511627907
0 0.5943340380549683 0.28718992248062014 0.04601479915433404 0.07972868217054263
0 0.5175898520084566 0.7012015503875969 0.05862579281183932 0.049515503875968994