0 0.12413888888888888 0.15069182389937105 0.109375 0.1388888888888889
0 0.3107638888888889 0.15069182389937105 0.09375 0.07075471698113207
0 0.3915 0.21096436058700208 0.08506944444444445 0.10220125786163523
0 0.19358333333333333 0.42060796645702303 0.08506944444444445 0.23322851153039834
0 0.344625 0.5765199161425576 0.05381944444444445 0.08909853249475891
0 0.4088611111111111 0.3668763102725367 0.0920138888888889 0.12578616352201258
0 0.49740277777777775 0.4337106918238994 0.06076388888888889 0.18081761006289307
0 0.5442777777777777 0.5621174004192871 0.06076388888888889 0.09171907756813417
0 0.7994861111111111 0.21358490566037736 0.078125 0.08647798742138364
0 0.7065972222222222 0.35639412997903563 0.0798611111111111 0.09958071278825996
0 0.6770833333333334 0.46253668763102723 0.052083333333333336 0.10220125786163523
0 0.6909722222222222 0.5555555555555556 0.0798611111111111 0.09433962264150944
0 0.8029583333333333 0.410125786163522 0.09895833333333333 0.17033542976939203
0 0.7118055555555556 0.7075471698113207 0.0763888888888889 0.07861635220125786