0 0.43136842105263157 0.31234513274336284 0.05778947368421052 0.08327433628318584
0 0.09287719298245614 0.38 0.07017543859649122 0.07287610619469026
0 0.13105263157894737 0.04424778761061947 0.08049122807017545 0.08849557522123894
0 0.15480701754385964 0.22123893805309736 0.10319298245614035 0.11451327433628318
0 0.4489122807017544 0.6754424778761062 0.09287719298245614 0.13274336283185842
0 0.2053684210526316 0.6754424778761062 0.07635087719298246 0.06508849557522124
0 0.3529473684210526 0.330575221238938 0.07017543859649122 0.19783185840707965
0 0.05263157894736842 0.5465929203539823 0.08873684210526316 0.1665929203539823
0 0.13828070175438595 0.7469911504424779 0.09908771929824561 0.10933628318584071
0 0.3684210526315789 0.799070796460177 0.13417543859649123 0.1665929203539823
0 0.24561403508771928 0.7274778761061946 0.08670175438596492 0.10150442477876107
0 0.3333333333333333 0.6493805309734513 0.064 0.07548672566371681
0 0.3219649122807018 0.10539823008849558 0.08256140350877193 0.1535840707964602
0 0.23943859649122806 0.330575221238938 0.15687719298245614 0.08849557522123894