0 0.45916363636363633 0.398087431693989 0.15149090909090906 0.2766120218579235
0 0.5615272727272727 0.20967213114754096 0.184 0.20453551912568305
0 0.3602909090909091 0.45273224043715843 0.12218181818181818 0.21333333333333332
0 0.20912727272727272 0.4973770491803278 0.21025454545454544 0.22775956284153007
0 0.45309090909090904 0.8042076502732239 0.14320000000000002 0.289344262295082
0 0.6033090909090909 0.5294535519125683 0.17952727272727273 0.2517486338797814
0 0.9156363636363637 0.10704918032786885 0.16872727272727273 0.2140983606557377
0 0.8227272727272728 0.2902185792349727 0.25087272727272725 0.2851912568306011
0 0.8986545454545455 0.7231693989071039 0.16538181818181816 0.23650273224043716
0 0.8106181818181818 0.758688524590164 0.21134545454545453 0.31901639344262295
0 0.34116363636363634 0.769672131147541 0.1604727272727273 0.1972131147540984