0 0.7884666666666666 0.09233333333333334 0.1308 0.09746666666666666
0 0.44100000000000006 0.5691999999999999 0.11280000000000001 0.11793333333333335
0 0.3641333333333333 0.7269333333333333 0.2 0.12053333333333333
0 0.5282 0.31920000000000004 0.18460000000000001 0.24359999999999998
0 0.7436 0.31920000000000004 0.13333333333333333 0.11539999999999999
0 0.5269333333333334 0.9346 0.1718 0.11026666666666667
0 0.7269333333333333 0.18206666666666665 0.1308 0.14873333333333333
0 0.8666666666666667 0.20513333333333333 0.0872 0.12306666666666667
0 0.7897333333333333 0.9358666666666666 0.07693333333333333 0.11793333333333335
0 0.35766666666666663 0.4769333333333334 0.07433333333333333 0.1282
0 0.7397333333333332 0.2782 0.37693333333333334 0.43333333333333335
0 0.3154 0.6782 0.3436 0.32566666666666666