0 0.8331200000000001 0.19293000000000002 0.09661333333333333 0.03785
0 0.6375733333333333 0.23441 0.13269333333333333 0.08312
0 0.49689333333333335 0.36449000000000004 0.08249333333333334 0.08697
0 0.5345733333333333 0.47570999999999997 0.1478 0.09834999999999999
0 0.47134666666666664 0.55049 0.16708 0.10468000000000001
0 0.5157333333333334 0.64443 0.1252 0.0551
0 0.61748 0.55426 0.13270666666666667 0.06698
0 0.6924266666666667 0.6475700000000001 0.14690666666666669 0.05385
0 0.6689733333333333 0.6981499999999999 0.19046666666666665 0.06833
0 0.77952 0.5806399999999999 0.12008 0.04438
0 0.83228 0.72077 0.08489333333333333 0.04572
0 0.4248666666666666 0.6359400000000001 0.12941333333333332 0.04944