0 0.28444444444444444 0.23904166666666668 0.075787728026534 0.05402777777777778
0 0.7105638474295192 0.8466388888888889 0.09885572139303482 0.05809722222222222
0 0.36016583747927033 0.6854861111111111 0.07466003316749587 0.069125
0 0.4828524046434495 0.2760972222222222 0.06799336650082918 0.06145833333333333
0 0.9427031509121062 0.22331944444444443 0.08550580431177446 0.16701388888888888
0 0.2612271973466003 0.7369027777777778 0.12222222222222223 0.12194444444444444
0 0.4076948590381426 0.7679166666666666 0.07684908789386402 0.06731944444444445
0 0.04235489220563847 0.28073611111111113 0.08250414593698176 0.10406944444444445
0 0.3491044776119403 0.834138888888889 0.11888888888888889 0.07198611111111111
0 0.6392703150912107 0.9503888888888888 0.12208955223880598 0.09891666666666667
0 0.731575456053068 0.4215138888888889 0.10106135986733002 0.08562499999999999