0 0.3694181818181818 0.2459016393442623 0.05785454545454546 0.07453551912568307
0 0.41403636363636365 0.3005464480874317 0.08098181818181818 0.11426229508196721
0 0.062 0.4495628415300546 0.08098181818181818 0.12420765027322404
0 0.18181818181818182 0.5253551912568306 0.12890909090909092 0.2955737704918033
0 0.5148727272727273 0.42846994535519123 0.06778181818181818 0.09688524590163934
0 0.29916363636363635 0.3439890710382514 0.1124 0.18131147540983605
0 0.5801818181818182 0.3390710382513661 0.03636363636363636 0.15650273224043715
0 0.39505454545454544 0.5787431693989071 0.2148727272727273 0.24344262295081967
0 0.6198181818181818 0.6855191256830602 0.08927272727272728 0.16393442622950818
0 0.6297454545454546 0.46945355191256827 0.15538181818181818 0.11426229508196721
0 0.3322181818181818 0.9421311475409836 0.09585454545454546 0.11573770491803279
0 0.1586909090909091 0.7737158469945355 0.14876363636363635 0.3104918032786885
0 0.6892727272727273 0.35273224043715845 0.09254545454545454 0.1341530054644809