0 0.5286527777777777 0.6025 0.1232638888888889 0.15625
0 0.48004166666666664 0.2489406779661017 0.11284722222222222 0.1430084745762712
0 0.5234444444444445 0.4343220338983051 0.109375 0.13241525423728814
0 0.67275 0.6408898305084746 0.1267361111111111 0.17478813559322035
0 0.6475694444444444 0.8540889830508475 0.11805555555555555 0.12976694915254236
0 0.3142361111111111 0.4502118644067797 0.21875 0.24364406779661016
0 0.3385416666666667 0.11122881355932203 0.16666666666666666 0.22245762711864406
0 0.16233333333333333 0.18008474576271186 0.16145833333333334 0.2648305084745763
0 0.6614583333333334 0.16817796610169491 0.14930555555555555 0.3151483050847458
0 0.8012222222222222 0.7282838983050848 0.07118055555555555 0.2489406779661017
0 0.8524305555555556 0.22908898305084746 0.05555555555555555 0.0926906779661017
0 0.14844444444444443 0.4634533898305085 0.10243055555555555 0.24364406779661016