0 0.3918311533888228 0.5674216027874565 0.049001189060642096 0.02548199767711963
0 0.6075148632580262 0.29725900116144016 0.08740784780023782 0.03521486643437863
0 0.7212722948870393 0.19203252032520327 0.09209274673008323 0.05032520325203252
0 0.722294887039239 0.25800232288037167 0.06576694411414982 0.04772357723577236
0 0.6081926278240191 0.26558652729384435 0.0644589774078478 0.04311265969802555
0 0.8603448275862069 0.17817653890824622 0.06234244946492271 0.04635307781649245
0 0.8870154577883472 0.24348432055749128 0.07921521997621879 0.03451800232288037
0 0.8833055885850178 0.29692218350754934 0.06772889417360285 0.038513356562137044
0 0.6990011890606421 0.3662020905923345 0.05564803804994054 0.04252032520325203
0 0.8843162901307967 0.35003484320557493 0.06570749108204518 0.04580720092915214
0 0.8222116527942925 0.3569686411149826 0.04682520808561237 0.047793263646922185
0 0.4556242568370987 0.5802903600464576 0.05101070154577883 0.03934959349593496
0 0.7445659928656361 0.6195470383275261 0.061712247324613556 0.04267131242740999
0 0.41376932223543406 0.6320789779326365 0.040214030915576696 0.051916376306620216
0 0.5184066587395958 0.7366434378629501 0.07933412604042805 0.04340301974448316
0 0.6831391200951248 0.6815563298490128 0.06038049940546968 0.0321602787456446
0 0.6682758620689655 0.7831591173054587 0.07928656361474436 0.037491289198606274
0 0.7347800237812129 0.7356562137049941 0.08669441141498216 0.03746806039488966
0 0.8195005945303211 0.70267131242741 0.0495243757431629 0.026887340301974448
0 0.5497978596908443 0.24909407665505226 0.04084423305588585 0.0259465737514518
0 0.7698810939357907 0.303855981416957 0.06777645659928656 0.0721718931475029