0 0.2712617702448211 0.269521484375 0.22027620841180162 0.1321435546875
0 0.316239799121155 0.1299072265625 0.19724419334588825 0.121474609375
0 0.5474262397991211 0.3163427734375 0.16996861268047708 0.2111328125
0 0.3879033270558694 0.348486328125 0.14596359070935344 0.1435888671875
0 0.18915254237288134 0.5186279296875 0.1376647834274953 0.1713720703125
0 0.34605775266792216 0.5202685546875 0.17526679221594474 0.2430078125
0 0.5824670433145009 0.538984375 0.17100439422473324 0.192548828125
0 0.456421845574388 0.4795458984375 0.13861895794099183 0.112734375
0 0.7895794099183929 0.671669921875 0.221142498430634 0.1747216796875
0 0.7519271814187068 0.4307177734375 0.17094161958568738 0.2201611328125
0 0.5563214061519146 0.131123046875 0.13126177024482108 0.070185546875
0 0.10860012554927809 0.800693359375 0.1523414940364093 0.134912109375
0 0.3617514124293785 0.7510400390625 0.1689893283113622 0.1723291015625
0 0.2796296296296296 0.6460205078125 0.1742435655994978 0.1283056640625
0 0.5929252981795354 0.8271533203125 0.20446955430006278 0.1731884765625