0 0.4027777777777778 0.2526041666666667 0.09027777777777778 0.11458333333333333
0 0.5694444444444444 0.15235416666666665 0.1111111111111111 0.09635416666666667
0 0.7204861111111112 0.06902083333333334 0.0763888888888889 0.13802083333333334
0 0.6310833333333333 0.3932291666666667 0.13368055555555555 0.16145833333333334
0 0.3055555555555556 0.8684999999999999 0.09375 0.13802083333333334
0 0.43316666666666664 0.859375 0.11284722222222222 0.125
0 0.39844444444444443 0.6184999999999999 0.109375 0.10677083333333333
0 0.5625 0.7083333333333334 0.059027777777777776 0.109375
0 0.7274305555555556 0.5299583333333333 0.09375 0.0546875
0 0.7161527777777777 0.6614583333333334 0.08854166666666667 0.125
0 0.46268055555555554 0.4817708333333333 0.07118055555555555 0.109375
0 0.4930555555555556 0.6848958333333334 0.07291666666666667 0.109375
0 0.2013888888888889 0.9401041666666666 0.125 0.109375
0 0.2534722222222222 0.7213541666666666 0.11805555555555555 0.13020833333333334
0 0.8003472222222222 0.4648541666666667 0.1111111111111111 0.0859375