0 0.4136402569593147 0.43633333333333335 0.09638115631691649 0.07081944444444445
0 0.9374518201284797 0.12744444444444444 0.11616702355460386 0.09193055555555556
0 0.3108779443254818 0.5020972222222222 0.16492505353319056 0.0912361111111111
0 0.5306638115631691 0.5451666666666667 0.19338329764453963 0.07180555555555555
0 0.36083511777301924 0.6016666666666667 0.12779443254817988 0.06258333333333334
0 0.7369164882226981 0.3501944444444444 0.1519271948608137 0.09855555555555555
0 0.2794646680942184 0.34880555555555554 0.2049036402569593 0.07909722222222222
0 0.9074946466809423 0.3214861111111111 0.10762312633832977 0.10779166666666666
0 0.5542184154175589 0.6660416666666666 0.11203426124197002 0.119125
0 0.6805353319057816 0.5854583333333333 0.1333832976445396 0.13574999999999998
0 0.34511777301927193 0.7799583333333334 0.1306423982869379 0.08029166666666666
0 0.8446895074946468 0.809138888888889 0.10192719486081371 0.09976388888888889
0 0.6898072805139186 0.4817083333333333 0.17762312633832977 0.03934722222222222
0 0.4086509635974304 0.9133333333333333 0.12920770877944326 0.10259722222222223
0 0.9182655246252677 0.48543055555555553 0.1634475374732334 0.09122222222222223