0 0.4364668094218416 0.12050000000000001 0.12490364025695931 0.08358333333333333
0 0.5114132762312634 0.28720833333333334 0.11203426124197002 0.07258333333333333
0 0.6734047109207709 0.2835138888888889 0.11912205567451821 0.07627777777777778
0 0.8939186295503212 0.2927777777777778 0.14044967880085654 0.07258333333333333
0 0.9482441113490364 0.1890416666666667 0.10349036402569593 0.07622222222222222
0 0.7811563169164882 0.4442083333333333 0.17188436830835116 0.08101388888888889
0 0.5485224839400429 0.39929166666666666 0.10059957173447537 0.0745
0 0.7526124197002142 0.5085694444444445 0.11481798715203426 0.04863888888888889
0 0.8939186295503212 0.5354444444444444 0.15758029978586724 0.102375
0 0.9568094218415417 0.4039305555555555 0.08635974304068522 0.15044444444444444
0 0.8925053533190579 0.40623611111111113 0.08620985010706637 0.08283333333333333
0 0.7262098501070664 0.7058611111111112 0.13907922912205567 0.06543055555555556
0 0.7876017130620985 0.6086111111111111 0.09053533190578159 0.059805555555555556
0 0.9353961456102783 0.6234305555555556 0.12918629550321198 0.05611111111111111
0 0.7048179871520343 0.6308333333333334 0.06201284796573876 0.04870833333333333
0 0.42933618843683086 0.4928333333333333 0.0935117773019272 0.06158333333333334