0 0.5738888888888889 0.45405982905982906 0.1067638888888889 0.14908119658119656
0 0.4723888888888889 0.5767094017094017 0.1061388888888889 0.082991452991453
0 0.39931944444444445 0.17824786324786326 0.11476388888888889 0.13465811965811966
0 0.35236111111111107 0.4591666666666666 0.11609722222222223 0.14705128205128204
0 0.2997916666666667 0.6932478632478632 0.12604166666666666 0.11461538461538462
0 0.3709027777777778 0.7385042735042735 0.10873611111111112 0.0939957264957265
0 0.5633055555555555 0.7762179487179487 0.10941666666666666 0.15232905982905984
0 0.9468333333333334 0.13955128205128206 0.09869444444444445 0.08170940170940172
0 0.8559166666666667 0.45305555555555554 0.14304166666666665 0.1958974358974359
0 0.7001805555555556 0.26985042735042736 0.1530138888888889 0.14692307692307693
0 0.7114305555555556 0.08256410256410257 0.14375 0.12645299145299146
0 0.47800000000000004 0.2739316239316239 0.07373611111111111 0.1917094017094017
0 0.5712361111111112 0.34617521367521364 0.08561111111111111 0.07980769230769232