0 0.40125 0.15894868585732166 0.0575 0.07259073842302878
0 0.39625 0.4518147684605757 0.0825 0.1376720901126408
0 0.45125 0.4167709637046308 0.0675 0.09762202753441802
0 0.505 0.3992490613266583 0.065 0.06758448060075094
0 0.37 0.7884856070087609 0.095 0.07008760951188986
0 0.44875 0.6871088861076345 0.0825 0.08760951188986232
0 0.335 0.6445556946182729 0.115 0.07259073842302878
0 0.42875 0.6132665832290363 0.1425 0.09011264080100125
0 0.455 0.5544430538172715 0.115 0.04755944931163955
0 0.2775 0.5469336670838548 0.145 0.11764705882352941
0 0.56 0.5932415519399249 0.125 0.08010012515644556
0 0.53875 0.5143929912390488 0.1675 0.08760951188986232
0 0.5275 0.4067584480600751 0.14 0.16270337922403003