0 0.18875 0.30201923076923076 0.09972222222222221 0.06657051282051282
0 0.24930555555555556 0.3858333333333333 0.10685185185185185 0.056698717948717954
0 0.21546296296296297 0.431474358974359 0.19587962962962965 0.07397435897435897
0 0.3133796296296296 0.5078846153846154 0.22078703703703703 0.07397435897435897
0 0.24037037037037037 0.5460897435897436 0.1388888888888889 0.08628205128205128
0 0.6588425925925926 0.5596794871794872 0.09259259259259259 0.07891025641025641
0 0.2991666666666667 0.6065064102564103 0.08546296296296296 0.0641025641025641
0 0.5573148148148148 0.6521153846153847 0.19587962962962965 0.09615384615384616
0 0.7033333333333333 0.7433333333333333 0.1175 0.08134615384615385
0 0.6534722222222222 0.650897435897436 0.11041666666666668 0.0641025641025641
0 0.5787037037037037 0.7445833333333334 0.15314814814814814 0.08875000000000001
0 0.651712962962963 0.8653846153846154 0.1210648148148148 0.08381410256410256