0 0.12398692810457515 0.6702212389380531 0.059607843137254896 0.13274336283185842
0 0.5382679738562092 0.1236283185840708 0.13839869281045752 0.08588495575221239
0 0.14898692810457517 0.28238938053097346 0.12496732026143792 0.08588495575221239
0 0.11437908496732026 0.3891150442477876 0.10957516339869282 0.15876106194690268
0 0.3604248366013072 0.5387610619469027 0.22875816993464052 0.11973451327433628
0 0.22009803921568627 0.8784513274336283 0.05189542483660131 0.08588495575221239
0 0.5392156862745098 0.7274778761061946 0.028823529411764706 0.05986725663716814
0 0.42869281045751634 0.3110176991150443 0.08075163398692811 0.10150442477876107
0 0.5834313725490197 0.37088495575221236 0.07882352941176471 0.16398230088495577
0 0.3133333333333333 0.7014601769911505 0.19993464052287582 0.13274336283185842
0 0.34986928104575166 0.08327433628318584 0.22300653594771241 0.1665929203539823