0 0.37665 0.07427207637231503 0.0806875 0.11902147971360381
0 0.4439 0.20436754176610977 0.08661250000000001 0.08596658711217184
0 0.477825 0.45315035799522674 0.133025 0.24260143198090695
0 0.6138125 0.08505966587112172 0.1371375 0.16105011933174226
0 0.6265999999999999 0.32930787589498806 0.13772500000000001 0.25403341288782816
0 0.7777625 0.7633174224343675 0.1329125 0.22193317422434367
0 0.355225 0.4128162291169451 0.1235375 0.2914797136038186
0 0.795025 0.2520525059665871 0.1388625 0.30408114558472554
0 0.4296125 0.7394510739856801 0.1366125 0.21513126491646778
0 0.35938749999999997 0.8303579952267304 0.1818625 0.19233890214797136
0 0.8750749999999999 0.5701670644391408 0.1382375 0.2584248210023866
0 0.6224375 0.6178758949880668 0.1365375 0.2583770883054893
0 0.5254375 0.6905966587112172 0.0639625 0.1856324582338902
0 0.5248375 0.9212410501193318 0.105625 0.14229116945107398
0 0.6483249999999999 0.8826014319809069 0.1276 0.21503579952267302
0 0.9259625 0.23727923627684966 0.10786250000000001 0.36997613365155135
0 0.7504000000000001 0.5423389021479714 0.078175 0.18231503579952268
0 0.91525 0.8996658711217184 0.0793 0.16730310262529832