0 0.5752727272727273 0.25426229508196724 0.08512727272727273 0.1614207650273224
0 0.6212000000000001 0.4834426229508197 0.08512727272727273 0.1826775956284153
0 0.4764 0.3472677595628415 0.11705454545454545 0.17491803278688522
0 0.23941818181818184 0.3333333333333333 0.10629090909090909 0.14136612021857925
0 0.3555272727272727 0.296448087431694 0.10880000000000001 0.23437158469945354
0 0.3099272727272727 0.5889617486338797 0.07501818181818182 0.2556284153005465
0 0.6753818181818182 0.8075956284153005 0.10934545454545455 0.20972677595628417
0 0.7219636363636364 0.5980327868852459 0.11058181818181818 0.15300546448087432
0 0.7513090909090909 0.4733879781420765 0.14629090909090908 0.20278688524590163
0 0.5625090909090908 0.7730601092896174 0.12083636363636363 0.16366120218579236
0 0.5672727272727273 0.612896174863388 0.11127272727272727 0.1885245901639344
0 0.2021090909090909 0.6593989071038251 0.0890909090909091 0.1607103825136612
0 0.30767272727272726 0.9390710382513661 0.08967272727272728 0.12185792349726776
0 0.4132363636363636 0.8238797814207651 0.09792727272727272 0.17327868852459016