0 0.609 0.7833 0.1051 0.0795
0 0.1936 0.9384999999999999 0.1359 0.1231
0 0.6436 0.9231 0.1487 0.11789999999999999
0 0.1359 0.7551000000000001 0.1231 0.1103
0 0.061500000000000006 0.7987000000000001 0.0718 0.1103
0 0.4833 0.8026000000000001 0.0487 0.0667
0 0.9615 0.7513 0.07690000000000001 0.0974
0 0.8551000000000001 0.7103 0.0949 0.11789999999999999
0 0.7321 0.5922999999999999 0.1769 0.1282
0 0.28850000000000003 0.8654000000000001 0.1308 0.1051
0 0.48590000000000005 0.9218000000000001 0.12050000000000001 0.1564