0 0.3682361111111111 0.5062291666666667 0.08436111111111111 0.10568749999999999
0 0.19994444444444445 0.5776666666666667 0.06920833333333333 0.08191666666666667
0 0.2545 0.4298125 0.08704166666666667 0.09572916666666667
0 0.7279583333333334 0.06560416666666666 0.07365277777777778 0.10541666666666667
0 0.4214722222222222 0.2720208333333333 0.06780555555555555 0.08966666666666666
0 0.38806944444444447 0.3767083333333333 0.09227777777777778 0.0788125
0 0.7127499999999999 0.29139583333333335 0.12258333333333334 0.20579166666666668
0 0.5381805555555556 0.05716666666666667 0.08297222222222222 0.0945
0 0.5391666666666667 0.49133333333333334 0.08098611111111112 0.1711875
0 0.7259722222222222 0.48191666666666666 0.1093611111111111 0.11064583333333333
0 0.5011527777777778 0.24275 0.05654166666666667 0.1085
0 0.2730138888888889 0.23927083333333332 0.09231944444444444 0.13133333333333333
0 0.12986111111111112 0.40647916666666667 0.056 0.10264583333333334
0 0.8549166666666667 0.10133333333333333 0.08947222222222223 0.11735416666666666