0 0.8417473684210526 0.14703315881326354 0.11623157894736842 0.10015706806282723
0 0.7253894736842106 0.2105584642233857 0.19930526315789474 0.09342059336823735
0 0.7025894736842105 0.10678883071553229 0.1747578947368421 0.11856893542757417
0 0.5371157894736842 0.1693542757417103 0.24381052631578948 0.12151832460732984
0 0.5961684210526316 0.31917975567190227 0.24261052631578947 0.054677137870855146
0 0.7242105263157895 0.4763176265270506 0.1268 0.15952879581151833
0 0.9130736842105263 0.5829842931937173 0.11854736842105264 0.1169109947643979
0 0.8043157894736842 0.6663874345549737 0.09753684210526316 0.08593368237347296
0 0.6131368421052632 0.7124607329842932 0.10111578947368421 0.12572425828970332
0 0.4862526315789474 0.7333158813263525 0.12103157894736842 0.09179755671902269
0 0.6324210526315789 0.8996335078534031 0.17477894736842103 0.06959860383944154
0 0.8329684210526316 0.9702268760907505 0.16185263157894736 0.05952879581151832
0 0.9549684210526316 0.9413438045375218 0.09006315789473684 0.10647469458987784
0 0.3669684210526316 0.2600349040139616 0.07898947368421053 0.11090750436300174