0 0.6618333333333333 0.10709745762711864 0.052513888888888895 0.12741525423728814
0 0.3798055555555555 0.24230932203389832 0.05591666666666666 0.08309322033898305
0 0.35831944444444447 0.3386864406779661 0.06452777777777778 0.1003177966101695
0 0.38543055555555555 0.6904025423728813 0.06319444444444444 0.11970338983050847
0 0.5738888888888889 0.6227966101694915 0.1067638888888889 0.12976694915254236
0 0.6469583333333333 0.5395338983050847 0.06640277777777778 0.1751271186440678
0 0.6539027777777778 0.807478813559322 0.060444444444444446 0.16014830508474576
0 0.8056527777777779 0.7963771186440678 0.09015277777777778 0.12582627118644069
0 0.7477916666666666 0.44870762711864404 0.09744444444444444 0.11451271186440677
0 0.7861527777777777 0.6222881355932204 0.10272222222222221 0.09847457627118643
0 0.38476388888888885 0.896271186440678 0.09361111111111112 0.0834957627118644
0 0.2955 0.050572033898305085 0.12141666666666667 0.07491525423728813