0 0.349873417721519 0.17863636363636365 0.0981012658227848 0.15975757575757576
0 0.3608016877637131 0.4570606060606061 0.13871308016877637 0.0836060606060606
0 0.3334810126582278 0.6075151515151515 0.06529535864978903 0.06127272727272727
0 0.44871308016877637 0.803 0.0660337552742616 0.23675757575757575
0 0.5217510548523207 0.6524242424242425 0.06679324894514768 0.1511212121212121
0 0.9314978902953586 0.6557878787878788 0.10335443037974684 0.15784848484848485
0 0.8311181434599156 0.8073636363636364 0.11354430379746835 0.13772727272727273
0 0.784240506329114 0.9263636363636363 0.1510759493670886 0.10639393939393939
0 0.9362025316455695 0.46718181818181814 0.06586497890295358 0.10381818181818181
0 0.4592616033755274 0.44696969696969696 0.054303797468354426 0.07687878787878788
0 0.6608016877637132 0.7035151515151515 0.08236286919831223 0.07142424242424243