0 0.6347222222222222 0.43557203389830507 0.10145833333333333 0.10038135593220339
0 0.5725694444444445 0.32608050847457626 0.07238888888888889 0.11745762711864406
0 0.44858333333333333 0.17167372881355933 0.07705555555555556 0.08711864406779661
0 0.4310555555555556 0.3790677966101695 0.06713888888888889 0.10841101694915255
0 0.8132638888888888 0.21305084745762712 0.05377777777777778 0.08510593220338983
0 0.7980555555555556 0.09597457627118644 0.07098611111111111 0.09309322033898304
0 0.6439861111111111 0.1378601694915254 0.10409722222222223 0.09817796610169492
0 0.19630555555555557 0.16360169491525423 0.06590277777777778 0.09516949152542373
0 0.6353888888888889 0.605635593220339 0.07897222222222222 0.13175847457627118
0 0.5447916666666667 0.49663135593220337 0.08033333333333334 0.10747881355932203
0 0.516361111111111 0.6020974576271186 0.07108333333333333 0.09442796610169492
0 0.42906944444444445 0.5763559322033899 0.07111111111111111 0.0853177966101695
0 0.3219444444444445 0.3351694915254237 0.07908333333333332 0.09930084745762711
0 0.6644861111111111 0.2645127118644068 0.0657361111111111 0.0790677966101695
0 0.514375 0.07730932203389831 0.051236111111111114 0.08601694915254238
0 0.7554027777777778 0.3099364406779661 0.06108333333333333 0.14572033898305084
0 0.5299166666666667 0.20245762711864407 0.04661111111111112 0.0820550847457627