0 0.22772222222222224 0.5922505307855626 0.108875 0.07842887473460722
0 0.2135 0.258004246284501 0.08441666666666667 0.1318259023354565
0 0.32558333333333334 0.24687898089171975 0.12206944444444444 0.06101910828025477
0 0.26541666666666663 0.3732908704883227 0.07315277777777777 0.05908704883227176
0 0.646625 0.34093418259023356 0.1093888888888889 0.11569002123142251
0 0.48693055555555553 0.5032484076433121 0.07968055555555555 0.11883227176220806
0 0.6003333333333334 0.5462420382165605 0.09618055555555556 0.11380042462845011
0 0.08720833333333333 0.9296815286624204 0.06197222222222222 0.14063694267515922
0 0.25119444444444444 0.9285138004246284 0.056625 0.1383227176220807
0 0.3232777777777778 0.6402760084925689 0.09230555555555554 0.15636942675159238
0 0.43369444444444444 0.5877070063694267 0.1121111111111111 0.1846284501061571
0 0.5166944444444445 0.7970488322717623 0.0995138888888889 0.16653927813163483
0 0.7606944444444446 0.7186836518046709 0.08752777777777779 0.14929936305732483
0 0.6634861111111111 0.8314225053078557 0.08359722222222223 0.10184713375796178
0 0.7253194444444445 0.4643099787685775 0.06043055555555555 0.07127388535031848
0 0.6109166666666667 0.42233545647558385 0.10145833333333333 0.07832271762208068
0 0.8132638888888888 0.5603821656050956 0.07758333333333334 0.08144373673036093
0 0.6710972222222222 0.9396390658174097 0.07895833333333334 0.08777070063694269
0 0.44362500000000005 0.9497452229299362 0.05258333333333333 0.09585987261146496