0 0.21875 0.2365991902834008 0.0625 0.04807692307692308
0 0.5911527777777777 0.46305668016194335 0.036458333333333336 0.0860323886639676
0 0.7291666666666666 0.2909919028340081 0.05555555555555555 0.08097165991902834
0 0.14930555555555555 0.3415991902834008 0.0798611111111111 0.0708502024291498
0 0.5190972222222222 0.5984412955465587 0.07291666666666667 0.07844129554655871
0 0.4392361111111111 0.45927125506072874 0.11805555555555555 0.09868421052631579
0 0.2829861111111111 0.23026315789473684 0.052083333333333336 0.07591093117408906
0 0.5442777777777777 0.6983805668016194 0.06076388888888889 0.07591093117408906
0 0.6189305555555555 0.5453036437246963 0.06076388888888889 0.11892712550607287
0 0.7517361111111112 0.45168016194331984 0.041666666666666664 0.09362348178137651
0 0.24566666666666667 0.9147368421052632 0.05381944444444445 0.1341093117408907
0 0.3211805555555556 0.6098178137651822 0.04861111111111111 0.07591093117408906
0 0.4288194444444444 0.735080971659919 0.0798611111111111 0.18977732793522267