0 0.5268243243243244 0.2864583333333333 0.13302364864864866 0.2552083333333333
0 0.2628885135135135 0.17447916666666666 0.15836148648648649 0.16666666666666666
0 0.4497466216216216 0.4036458333333333 0.09712837837837837 0.09895833333333333
0 0.425472972972973 0.5078125 0.17947635135135134 0.10416666666666667
0 0.6936317567567567 0.4869791666666667 0.19214527027027026 0.3229166666666667
0 0.15731418918918919 0.27475 0.04011824324324324 0.07552083333333333
0 0.09501689189189189 0.057291666666666664 0.05489864864864865 0.09895833333333333
0 0.2048141891891892 0.6940208333333333 0.10557432432432433 0.15364583333333334
0 0.5247128378378378 0.6132916666666667 0.10346283783783784 0.13802083333333334
0 0.48986486486486486 0.7278749999999999 0.10135135135135136 0.12239583333333333
0 0.6661824324324325 0.9088541666666666 0.14569256756756757 0.18229166666666666
0 0.8351013513513513 0.8567708333333334 0.15413851351351351 0.171875
0 0.6239527027027026 0.7291666666666666 0.10768581081081081 0.140625
0 0.5194256756756757 0.140625 0.2829391891891892 0.234375
0 0.7738682432432432 0.3411458333333333 0.16258445945945946 0.13541666666666666
0 0.23827702702702702 0.03672916666666667 0.0824831081081081 0.07345833333333333
0 0.5544425675675676 0.9054791666666666 0.0779054054054054 0.18902083333333333