0 0.34575 0.35312368972746333 0.07113888888888889 0.10526205450733753
0 0.24755555555555556 0.5897903563941299 0.06919444444444445 0.13536687631027253
0 0.47470833333333334 0.6114884696016771 0.05919444444444444 0.07268343815513627
0 0.3298888888888889 0.8287002096436059 0.06320833333333332 0.16570230607966457
0 0.5659583333333333 0.6733962264150943 0.051222222222222225 0.08870020964360588
0 0.5927361111111111 0.8047169811320756 0.077 0.08180293501048219
0 0.881375 0.9462893081761006 0.04713888888888888 0.10740041928721174
0 0.4740416666666667 0.9590146750524109 0.057875 0.07444444444444444
0 0.6876249999999999 0.8586582809224318 0.08820833333333333 0.08337526205450735
0 0.7319305555555555 0.9638784067085954 0.06570833333333334 0.07222222222222223
0 0.9243611111111111 0.8391823899371069 0.06961111111111111 0.08635220125786162
0 0.9874305555555556 0.9455345911949685 0.02513888888888889 0.06545073375262055