0 0.3686111111111111 0.1503846153846154 0.17449074074074072 0.09862179487179487
0 0.3596759259259259 0.2699679487179487 0.07833333333333334 0.08134615384615385
0 0.046296296296296294 0.5645833333333333 0.09259259259259259 0.03451923076923077
0 0.31875 0.4475 0.14601851851851852 0.07150641025641025
0 0.3080555555555556 0.37599358974358976 0.13175925925925927 0.05176282051282051
0 0.4255555555555556 0.3796794871794872 0.11041666666666668 0.0641025641025641
0 0.4861111111111111 0.8025 0.06055555555555556 0.046858974358974355
0 0.3525462962962963 0.7347115384615385 0.12819444444444444 0.07397435897435897
0 0.18162037037037035 0.8308653846153847 0.11398148148148149 0.039455128205128205
0 0.3596759259259259 0.8086858974358975 0.09259259259259259 0.07891025641025641
0 0.16027777777777777 0.5485576923076924 0.12819444444444444 0.056698717948717954
0 0.03916666666666667 0.6139102564102564 0.07833333333333334 0.07891025641025641
0 0.10328703703703702 0.6324038461538461 0.08546296296296296 0.056698717948717954
0 0.07476851851851851 0.4339102564102564 0.07833333333333334 0.07397435897435897
0 0.1637962962962963 0.41544871794871796 0.18518518518518517 0.19477564102564104
0 0.06412037037037037 0.7223717948717948 0.08546296296296296 0.11339743589743591
0 0.04273148148148148 0.8271794871794871 0.08546296296296296 0.06657051282051282
0 0.20300925925925928 0.89375 0.09972222222222221 0.08134615384615385
0 0.29203703703703704 0.8814102564102564 0.09259259259259259 0.10108974358974358