0 0.6379310344827587 0.21373056994818654 0.11206896551724138 0.07772020725388601
0 0.6918103448275862 0.3335492227979275 0.15086206896551724 0.11010362694300518
0 0.790948275862069 0.6719559585492227 0.16810344827586207 0.08743523316062177
0 0.6767241379310345 0.5116580310880829 0.13793103448275862 0.07772020725388601
0 0.5086206896551724 0.4015544041450777 0.1206896551724138 0.12953367875647667
0 0.6573275862068966 0.41936528497409326 0.1939655172413793 0.10038860103626943
0 0.790948275862069 0.510038860103627 0.125 0.11981865284974093
0 0.9267241379310345 0.6169041450777202 0.10344827586206896 0.0744818652849741
0 0.41379310344827586 0.7108160621761658 0.10344827586206896 0.06152849740932642
0 0.5301724137931034 0.5181347150259067 0.15517241379310345 0.10362694300518134
0 0.9353448275862069 0.49870466321243523 0.1206896551724138 0.11010362694300518
0 0.6293103448275862 0.7172927461139896 0.11206896551724138 0.08743523316062177