0 0.1415234375 0.3546632996632996 0.047587890625 0.07335016835016835
0 0.9063671875 0.3284848484848485 0.04732421875 0.09952861952861952
0 0.579814453125 0.4332491582491583 0.045263671875 0.06217171717171717
0 0.61724609375 0.8463131313131312 0.05501953125 0.06336700336700336
0 0.7390234375 0.5062289562289563 0.041416015625 0.09589225589225589
0 0.8960546875 0.45804713804713804 0.046240234375 0.06124579124579125
0 0.982041015625 0.7527609427609427 0.03591796875 0.07828282828282829
0 0.090537109375 0.48284511784511785 0.069306640625 0.09400673400673401
0 0.174609375 0.21385521885521885 0.042158203125 0.033030303030303035
0 0.171357421875 0.5422558922558923 0.068193359375 0.06131313131313132
0 0.335986328125 0.6203703703703703 0.04263671875 0.05479797979797979
0 0.844794921875 0.1652188552188552 0.057646484375 0.047979797979797977
0 0.072900390625 0.5707744107744108 0.089384765625 0.045420875420875424
0 0.477021484375 0.39255892255892255 0.038251953125 0.07617845117845118
0 0.4474609375 0.5824747474747475 0.04748046875 0.05196969696969697