0 0.5220375 0.6598502495840266 0.08435000000000001 0.09765391014975042
0 0.8018500000000001 0.5123627287853577 0.052312500000000005 0.07444259567387687
0 0.7681749999999999 0.5988186356073211 0.064125 0.13089850249584026
0 0.5980624999999999 0.7254908485856905 0.057249999999999995 0.11803660565723793
0 0.6713125 0.7842096505823627 0.06625 0.0857071547420965
0 0.33387500000000003 0.6464392678868552 0.0663625 0.08747088186356074
0 0.364425 0.49570715474209653 0.0691375 0.07442595673876871
0 0.38317500000000004 0.8632612312811981 0.0483 0.060798668885191344
0 0.6782625 0.9076539101497504 0.0801375 0.12738768718801996
0 0.5473875 0.37688851913477533 0.055875 0.08637271214642263
0 0.474825 0.914575707154742 0.0482625 0.04695507487520798
0 0.46615 0.7472212978369384 0.0684 0.06718801996672213
0 0.56335 0.9705158069883527 0.046150000000000004 0.0589683860232945
0 0.6206375 0.5701497504159734 0.0732125 0.09574043261231281
0 0.42206249999999995 0.5687687188019966 0.0344 0.10961730449251247