0 0.5937222222222223 0.36454741379310346 0.07501388888888888 0.08049568965517241
0 0.3622916666666667 0.4774784482758621 0.05658333333333333 0.0723706896551724
0 0.3920416666666666 0.39842672413793107 0.052611111111111115 0.06204741379310345
0 0.5358611111111111 0.48519396551724137 0.074375 0.13088362068965517
0 0.6198472222222222 0.5647629310344828 0.08361111111111111 0.2099784482758621
0 0.5457777777777777 0.6304525862068965 0.08627777777777777 0.1443103448275862
0 0.6747361111111111 0.30808189655172413 0.05845833333333334 0.0784051724137931
0 0.775236111111111 0.7053879310344828 0.1324861111111111 0.14232758620689656
0 0.4618055555555556 0.38407327586206896 0.07705555555555556 0.11952586206896552
0 0.6029861111111111 0.9322629310344828 0.06972222222222223 0.09523706896551723
0 0.5269444444444444 0.9260991379310345 0.060500000000000005 0.07058189655172414
0 0.708125 0.5000646551724138 0.07365277777777778 0.11754310344827586
0 0.799375 0.4333405172413793 0.06569444444444444 0.131875
0 0.8651805555555555 0.8911853448275862 0.06633333333333333 0.062349137931034485
0 0.9676666666666667 0.40663793103448276 0.04909722222222222 0.06616379310344828
0 0.6000138888888888 0.2788362068965517 0.059805555555555556 0.07532327586206897
0 0.4198194444444444 0.5765301724137931 0.05259722222222222 0.054978448275862075
0 0.8119444444444445 0.26189655172413795 0.07494444444444445 0.04758620689655172
0 0.7306111111111111 0.8634698275862068 0.06306944444444444 0.06849137931034482
0 0.6684444444444444 0.8757974137931035 0.057805555555555554 0.08081896551724138
0 0.3437777777777778 0.24032327586206897 0.035430555555555555 0.04142241379310345
0 0.6148888888888889 0.1818103448275862 0.030041666666666664 0.03521551724137931