0 0.4310555555555556 0.25173640167364014 0.059208333333333335 0.13686192468619246
0 0.6757222222222222 0.5805857740585774 0.056472222222222215 0.10119246861924686
0 0.5828194444444444 0.25922594142259414 0.09684722222222222 0.25347280334728034
0 0.07859722222222222 0.47845188284518825 0.09238888888888888 0.11807531380753138
0 0.021402777777777778 0.5950209205020921 0.042819444444444445 0.07629707112970711
0 0.10704166666666666 0.7126359832635983 0.06990277777777777 0.13217573221757323
0 0.7709583333333334 0.9118828451882846 0.07845833333333334 0.12679916317991632
0 0.9415694444444443 0.8251882845188284 0.10231944444444445 0.2284937238493724
0 0.784513888888889 0.7584309623430961 0.08705555555555555 0.09899581589958159
0 0.3526944444444444 0.2781380753138075 0.073125 0.07608786610878661
0 0.24722222222222223 0.3538702928870293 0.06455555555555555 0.13194560669456068
0 0.36162500000000003 0.39274058577405857 0.07113888888888889 0.10207112970711298
0 0.3004583333333333 0.5900627615062761 0.10355555555555555 0.13807531380753138
0 0.14340277777777777 0.3120292887029289 0.09501388888888888 0.10801255230125524
0 0.19730555555555557 0.1276569037656904 0.09565277777777778 0.10989539748953975
0 0.21615277777777778 0.6727615062761506 0.08969444444444444 0.08830543933054394