0 0.5927917981072555 0.02076323987538941 0.08149842271293375 0.04154205607476636
0 0.5139274447949527 0.06619937694704049 0.08675078864353312 0.05970404984423676
0 0.4547791798107255 0.16095015576323987 0.057839116719242904 0.05191588785046729
0 0.36802839116719244 0.20509345794392522 0.06309148264984227 0.06749221183800623
0 0.7058359621451105 0.11032710280373831 0.07097791798107256 0.09605919003115265
0 0.6006782334384858 0.3076323987538941 0.08149842271293375 0.07009345794392523
0 0.5218138801261829 0.42574766355140187 0.0920031545741325 0.06230529595015576
0 0.36802839116719244 0.47767912772585674 0.057839116719242904 0.057118380062305296
0 0.2891640378548896 0.5412772585669782 0.05257097791798107 0.05970404984423676
0 0.4061514195583596 0.5737227414330218 0.07623028391167193 0.057118380062305296
0 0.7071451104100946 0.24403426791277258 0.07361198738170348 0.08827102803738318
0 0.6361671924290221 0.06490654205607477 0.05257097791798107 0.06230529595015576