0 0.1658888888888889 0.043770833333333335 0.060625 0.0855625
0 0.11861111111111113 0.11472916666666667 0.05733333333333333 0.06675
0 0.2508611111111111 0.4635416666666667 0.059930555555555556 0.07985416666666666
0 0.1463888888888889 0.3702708333333333 0.05731944444444445 0.0956875
0 0.6724166666666667 0.7811041666666667 0.10541666666666667 0.10785416666666667
0 0.7887916666666666 0.6029791666666667 0.07627777777777778 0.090875
0 0.5166944444444445 0.2799583333333333 0.07570833333333334 0.1055625
0 0.19234722222222222 0.6441666666666667 0.07383333333333333 0.09585416666666666
0 0.6876249999999999 0.5687291666666667 0.06440277777777778 0.087875
0 0.4611388888888889 0.7473541666666667 0.059861111111111115 0.07606249999999999
0 0.3153333333333333 0.5642708333333334 0.04998611111111111 0.08489583333333334