0 0.5078194444444445 0.07683333333333334 0.06076388888888889 0.06510416666666667
0 0.5616388888888889 0.234375 0.043402777777777776 0.09895833333333333
0 0.6145833333333334 0.321625 0.034722222222222224 0.06510416666666667
0 0.6076388888888888 0.1640625 0.04513888888888889 0.078125
0 0.5599027777777777 0.3763125 0.07118055555555555 0.07552083333333333
0 0.6197916666666666 0.5963541666666666 0.0798611111111111 0.09375
0 0.5060833333333333 0.5690208333333333 0.03298611111111111 0.0546875
0 0.38629166666666664 0.6692708333333334 0.043402777777777776 0.078125
0 0.45052777777777775 0.7083333333333334 0.06076388888888889 0.13541666666666666
0 0.3263888888888889 0.7955833333333333 0.06944444444444445 0.0859375
0 0.1875 0.4961041666666667 0.0798611111111111 0.1015625
0 0.019972222222222225 0.4661458333333333 0.03993055555555555 0.052083333333333336
0 0.059027777777777776 0.7903749999999999 0.052083333333333336 0.06510416666666667
0 0.18229166666666666 0.8372499999999999 0.0798611111111111 0.12239583333333333
0 0.3836805555555556 0.7760416666666666 0.07291666666666667 0.13020833333333334
0 0.6753472222222222 0.6471458333333333 0.07291666666666667 0.12239583333333333
0 0.5963611111111111 0.6914166666666667 0.0954861111111111 0.1171875