0 0.1774447949526814 0.36993769470404986 0.04995268138801262 0.09085669781931464
0 0.05257097791798107 0.394595015576324 0.05257097791798107 0.04672897196261682
0 0.10121451104100947 0.42705607476635515 0.09727129337539432 0.05451713395638629
0 0.18402208201892745 0.32191588785046726 0.07361198738170348 0.05191588785046729
0 0.2747160883280757 0.3582554517133956 0.10252365930599369 0.04154205607476636
0 0.35358044164037855 0.40238317757009345 0.08149842271293375 0.07269470404984424
0 0.43111987381703465 0.4101713395638629 0.057839116719242904 0.06230529595015576
0 0.15641955835962146 0.5334890965732088 0.07097791798107256 0.06490654205607477
0 0.26025236593059936 0.5490654205607477 0.11041009463722397 0.09085669781931464
0 0.26288643533123024 0.42445482866043616 0.09988958990536277 0.09605919003115265
0 0.37066246056782337 0.6243457943925234 0.05257097791798107 0.08566978193146417
0 0.29310725552050476 0.6269470404984424 0.08675078864353312 0.1116355140186916
0 0.5060410094637223 0.6217601246105919 0.06572555205047319 0.06490654205607477
0 0.6217192429022083 0.6334423676012462 0.04995268138801262 0.06749221183800623
0 0.5375867507886435 0.6749688473520249 0.06572555205047319 0.057118380062305296