0 0.26171875 0.41435185185185186 0.036458333333333336 0.07407407407407407
0 0.2903645833333333 0.027777777777777776 0.033854166666666664 0.05092592592592592
0 0.14192708333333334 0.5555555555555556 0.041666666666666664 0.08333333333333333
0 0.3782552083333333 0.052083333333333336 0.048177083333333336 0.06712962962962964
0 0.4114583333333333 0.3715277777777778 0.07552083333333333 0.10416666666666667
0 0.453125 0.2175925925925926 0.057291666666666664 0.10185185185185185
0 0.3079427083333333 0.4930555555555556 0.045572916666666664 0.06018518518518518
0 0.3528645833333333 0.5694444444444444 0.06510416666666667 0.0787037037037037
0 0.41796875 0.47800925925925924 0.12239583333333333 0.13657407407407407
0 0.2981770833333333 0.6840277777777778 0.0546875 0.09027777777777778
0 0.25 0.7708333333333334 0.044270833333333336 0.07407407407407407
0 0.154296875 0.6921296296296297 0.048177083333333336 0.07407407407407407