0 0.35721875000000003 0.38655809859154927 0.14845312500000002 0.03759683098591549
0 0.444875 0.4090669014084507 0.1466875 0.05913732394366198
0 0.61065625 0.3699295774647887 0.092828125 0.027799295774647886
0 0.582875 0.43254401408450704 0.12060937499999999 0.035669014084507046
0 0.279109375 0.650237676056338 0.11725000000000001 0.04264964788732395
0 0.68528125 0.5665845070422535 0.11709375 0.057279929577464785
0 0.454421875 0.669806338028169 0.092875 0.04657570422535211
0 0.38846875000000003 0.4555457746478873 0.12762500000000002 0.06405809859154929
0 0.7121875 0.45896126760563377 0.098 0.02981514084507042
0 0.412765625 0.5797887323943662 0.11371875000000001 0.030871478873239436
0 0.664453125 0.5098415492957746 0.158765625 0.049419014084507044
0 0.7425625 0.28041373239436623 0.1275 0.06590669014084508
0 0.485671875 0.4486883802816901 0.11370312499999999 0.05035211267605634