0 0.3226111111111111 0.3511111111111111 0.11213888888888889 0.07729559748427672
0 0.43568055555555557 0.32863731656184486 0.06052777777777778 0.03834381551362683
0 0.17580555555555555 0.42951781970649894 0.08838888888888889 0.09633123689727464
0 0.16655555555555557 0.6701677148846961 0.08575 0.05054507337526205
0 0.23730555555555558 0.5433542976939203 0.08440277777777778 0.09639412997903564
0 0.3827916666666667 0.5623270440251573 0.07377777777777778 0.09840670859538783
0 0.20490277777777777 0.7395807127882599 0.05134722222222222 0.05157232704402516
0 0.4548611111111111 0.4349895178197065 0.043333333333333335 0.04140461215932914
0 0.54975 0.33563941299790356 0.05454166666666667 0.08828092243186583
0 0.6043055555555555 0.5473375262054507 0.06443055555555556 0.05645702306079665
0 0.6922638888888889 0.7290985324947589 0.041916666666666665 0.09649895178197065
0 0.7683055555555555 0.6691823899371069 0.07495833333333334 0.04853249475890985
0 0.7084583333333333 0.38955974842767294 0.07034722222222221 0.05236897274633124
0 0.9395694444444445 0.7091194968553459 0.08415277777777778 0.06853249475890985
0 0.2991388888888889 0.9168343815513627 0.061236111111111116 0.06467505241090148
0 0.4145277777777778 0.8579035639412999 0.09756944444444444 0.054654088050314464
0 0.45883333333333337 0.5633333333333332 0.07506944444444444 0.14834381551362685
0 0.8211944444444444 0.8119706498951782 0.06170833333333333 0.07058700209643606
0 0.8787361111111112 0.8694129979035639 0.04186111111111111 0.10758909853249476