0 0.4710555555555556 0.211875 0.08762500000000001 0.18564516129032257
0 0.39137500000000003 0.14127016129032258 0.09095833333333332 0.13086693548387096
0 0.6086111111111111 0.21955645161290324 0.077 0.14340725806451612
0 0.5811527777777777 0.30070564516129034 0.11337499999999999 0.24235887096774192
0 0.7501111111111112 0.3900201612903226 0.07430555555555556 0.1444758064516129
0 0.8628611111111111 0.3751209677419355 0.07359722222222223 0.1550201612903226
0 0.6625 0.7741532258064516 0.06970833333333333 0.1523790322580645
0 0.9071805555555555 0.669899193548387 0.05998611111111111 0.21165322580645163
0 0.9445277777777777 0.3833064516129032 0.0901111111111111 0.21169354838709678
0 0.19234722222222222 0.5695967741935484 0.08177777777777778 0.13497983870967742
0 0.46444444444444444 0.7069354838709677 0.09027777777777778 0.17923387096774196