0 0.4852375 0.24559068219633942 0.077425 0.06780366056572379
0 0.52205 0.31815307820299504 0.07395 0.10321131447587355
0 0.7726875 0.3107820299500832 0.10231249999999999 0.14828618968386023
0 0.682075 0.4013976705490849 0.09193749999999999 0.11875207986688853
0 0.6320875 0.4841597337770383 0.1086125 0.10124792013311149
0 0.61785 0.5826289517470882 0.1093125 0.1040765391014975
0 0.672025 0.24371048252911814 0.0490125 0.06905158069883527
0 0.5796625 0.1854908485856905 0.09961249999999999 0.10291181364392679
0 0.5533 0.8137770382695507 0.18645 0.054825291181364394
0 0.4265625 0.6029783693843593 0.1059125 0.08930116472545757
0 0.9164125 0.502179700499168 0.08976250000000001 0.07628951747088186
0 0.7782375 0.6311813643926788 0.0967625 0.07359400998336106