0 0.6721255544182873 0.5701149425287356 0.07505970658478335 0.06896551724137931
0 0.43585806891845785 0.9436781609195403 0.05970658478335039 0.09885057471264368
0 0.7437734561583077 0.7482758620689656 0.0511770726714432 0.06666666666666667
0 0.5399181166837257 0.6942528735632184 0.09723643807574207 0.08275862068965517
0 0.6687137495735244 0.7977011494252874 0.08188331627430911 0.08735632183908046
0 0.7625383828045036 0.8195402298850575 0.030706243602865915 0.02528735632183908
0 0.8503923575571477 0.7022988505747126 0.052882975093824634 0.10344827586206896
0 0.8742749914704879 0.8333333333333334 0.12794268167860798 0.15402298850574714
0 0.7744796997611737 0.6781609195402298 0.16035482770385534 0.13793103448275862
0 0.5339474582053907 0.8160919540229885 0.19106107130672126 0.11494252873563218
0 0.6371545547594678 0.6632183908045977 0.1415899010576595 0.14942528735632185