0 0.26523297491039427 0.6302631578947369 0.05734767025089606 0.0868421052631579
0 0.35663082437275984 0.6078947368421053 0.12544802867383512 0.08947368421052632
0 0.5698924731182796 0.6171052631578947 0.07885304659498207 0.07105263157894737
0 0.6899641577060932 0.4881578947368421 0.18996415770609318 0.17105263157894737
0 0.578853046594982 0.7473684210526316 0.22580645161290322 0.22105263157894736
0 0.28136200716845877 0.8828947368421053 0.08960573476702509 0.11842105263157894
0 0.7849462365591398 0.6921052631578948 0.15053763440860216 0.21052631578947367
0 0.20430107526881722 0.09736842105263158 0.17921146953405018 0.1
0 0.6218637992831542 0.2644736842105263 0.12544802867383512 0.05
0 0.22401433691756273 0.18552631578947368 0.21863799283154123 0.08157894736842106
0 0.2777777777777778 0.5052631578947369 0.12544802867383512 0.08421052631578947
0 0.4211469534050179 0.8644736842105263 0.14695340501792115 0.16578947368421051
0 0.4229390681003584 0.75 0.15770609318996415 0.1368421052631579
0 0.5394265232974911 0.5842105263157895 0.24014336917562723 0.15789473684210525
0 0.7275985663082437 0.3526315789473684 0.2222222222222222 0.1368421052631579
0 0.3100358422939068 0.7710526315789473 0.1111111111111111 0.15789473684210525
0 0.1863799283154122 0.8763157894736842 0.21505376344086022 0.15789473684210525
0 0.517921146953405 0.4697368421052632 0.1971326164874552 0.11315789473684211
0 0.2025089605734767 0.5210526315789473 0.1039426523297491 0.08421052631578947