0 0.1890416666666667 0.37918749999999996 0.06722222222222222 0.1135625
0 0.19366666666666665 0.19162500000000002 0.05268055555555556 0.07175
0 0.5269444444444444 0.25514583333333335 0.06843055555555556 0.13927083333333332
0 0.37451388888888887 0.5970208333333333 0.08501388888888889 0.1385
0 0.2528472222222222 0.681875 0.05595833333333333 0.0879375
0 0.3169861111111111 0.143 0.07313888888888888 0.04591666666666667
0 0.49883333333333335 0.6297708333333334 0.08761111111111111 0.16829166666666667
0 0.5791805555555556 0.6402083333333334 0.04593055555555556 0.1831875
0 0.5940555555555556 0.09935416666666666 0.09551388888888888 0.10147916666666666
0 0.2611111111111111 0.4248333333333333 0.06058333333333333 0.09770833333333333
0 0.29947222222222225 0.5672499999999999 0.057930555555555555 0.09085416666666667
0 0.7626805555555556 0.6669791666666666 0.059750000000000004 0.093875
0 0.5778611111111112 0.46852083333333333 0.09088888888888888 0.14933333333333335
0 0.7269722222222221 0.289875 0.0756388888888889 0.10158333333333333
0 0.4432916666666667 0.19758333333333333 0.07969444444444444 0.10747916666666667
0 0.38476388888888885 0.38216666666666665 0.06980555555555555 0.059958333333333336
0 0.24722222222222223 0.23629166666666668 0.056625 0.06583333333333334
0 0.6935833333333333 0.44072916666666667 0.06043055555555555 0.10564583333333334
0 0.7742500000000001 0.43724999999999997 0.09479166666666666 0.10466666666666667
0 0.6634861111111111 0.5866041666666667 0.07565277777777778 0.0640625
0 0.6413333333333333 0.6501041666666667 0.051194444444444445 0.04822916666666666
0 0.7021805555555556 0.7265208333333334 0.05381944444444445 0.034375
0 0.6142222222222222 0.21050000000000002 0.060458333333333336 0.0975625
0 0.12423611111111112 0.3935833333333333 0.04873611111111112 0.07685416666666667