0 0.5309863945578231 0.4817117117117117 0.075578231292517 0.09261261261261261
0 0.40438775510204084 0.6856756756756757 0.08312925170068028 0.06504504504504505
0 0.5697278911564626 0.7507657657657657 0.07370748299319728 0.0750900900900901
0 0.46200680272108846 0.7457657657657658 0.07370748299319728 0.06504504504504505
0 0.6660884353741497 0.5418018018018018 0.06612244897959184 0.10761261261261261
0 0.7312925170068028 0.7820270270270271 0.09826530612244898 0.15765765765765766
0 0.5479931972789116 0.9591891891891892 0.11714285714285713 0.08157657657657658
0 0.3779251700680272 0.8909009009009009 0.075578231292517 0.13013513513513514
0 0.28251700680272107 0.8445945945945946 0.1001360544217687 0.1276126126126126
0 0.9268707482993197 0.7820270270270271 0.07370748299319728 0.1176126126126126
0 0.391156462585034 0.20396396396396396 0.09826530612244898 0.09761261261261261
0 0.5574489795918367 0.29905405405405405 0.09826530612244898 0.1877027027027027
0 0.35054421768707483 0.5805855855855855 0.13037414965986394 0.10009009009009008
0 0.35241496598639455 0.41292792792792793 0.2740136054421769 0.18018018018018017
0 0.7199659863945578 0.09635135135135135 0.12472789115646259 0.12261261261261261
0 0.8909523809523809 0.2077027027027027 0.09258503401360543 0.16018018018018018
0 0.7218367346938775 0.6231081081081081 0.06047619047619048 0.0750900900900901
0 0.6991836734693878 0.3390990990990991 0.14738095238095236 0.2777927927927928
0 0.9523809523809523 0.3716216216216216 0.07935374149659863 0.10761261261261261
0 0.8115986394557824 0.6193693693693694 0.13414965986394556 0.23774774774774776
0 0.958061224489796 0.6494144144144144 0.08312925170068028 0.12261261261261261
0 0.28061224489795916 0.22022522522522522 0.1379591836734694 0.1751801801801802
0 0.5281632653061225 0.13139639639639641 0.23619047619047617 0.15765765765765766
0 0.880578231292517 0.37536036036036036 0.21540816326530612 0.28027027027027024
0 0.17666666666666667 0.8959009009009008 0.11904761904761904 0.19018018018018018
0 0.70578231292517 0.8803603603603604 0.14551020408163265 0.23923423423423423
0 0.5659523809523809 0.6281081081081081 0.25887755102040816 0.15513513513513513
0 0.20976190476190476 0.5468018018018018 0.14360544217687074 0.22774774774774775