0 0.44890277777777776 0.7090889830508474 0.17426388888888888 0.2478813559322034
0 0.4813055555555556 0.5097669491525424 0.12795833333333334 0.13372881355932204
0 0.61025 0.4148940677966102 0.11601388888888889 0.17402542372881355
0 0.5685833333333333 0.2690677966101695 0.26281944444444444 0.10633474576271186
0 0.3583055555555556 0.1994491525423729 0.23909722222222224 0.23343220338983053
0 0.7868055555555555 0.18027542372881356 0.19133333333333333 0.18296610169491526
0 0.555375 0.09296610169491526 0.11734722222222221 0.14758474576271186
0 0.27102777777777776 0.61875 0.14390277777777777 0.1701271186440678
0 0.16952777777777778 0.6278601694915255 0.11154166666666666 0.2609533898305085
0 0.25051388888888887 0.41438559322033897 0.21400000000000002 0.16697033898305086
0 0.16522222222222221 0.2766313559322034 0.13865277777777776 0.12752118644067797
0 0.6843055555555555 0.050572033898305085 0.200625 0.09913135593220339