0 0.6876444444444444 0.7592444444444445 0.16542222222222222 0.09631111111111113
0 0.8493777777777778 0.9469333333333333 0.06417777777777778 0.09137777777777777
0 0.9247111111111112 0.6901333333333334 0.0716 0.09631111111111113
0 0.33826666666666666 0.6136 0.15804444444444446 0.16048888888888888
0 0.2740888888888889 0.37653333333333333 0.15306666666666666 0.11604444444444444
0 0.5320888888888888 0.4024888888888889 0.15555555555555556 0.1827111111111111
0 0.5049333333333333 0.7283999999999999 0.11604444444444444 0.10862222222222223
0 0.20742222222222223 0.5641777777777778 0.12840000000000001 0.13084444444444446
0 0.5284 0.1432 0.22715555555555556 0.14813333333333334
0 0.7691555555555556 0.2432 0.13084444444444446 0.1358222222222222
0 0.7160444444444445 0.44937777777777776 0.17284444444444444 0.0740888888888889
0 0.6148 0.596311111111111 0.5185333333333333 0.2691555555555556
0 0.5592444444444444 0.3172888888888889 0.34813333333333335 0.19506666666666667
0 0.5629777777777778 0.5950666666666666 0.15804444444444446 0.12346666666666667