0 0.19465277777777779 0.5832914046121593 0.058625000000000003 0.06844863731656184
0 0.11597222222222223 0.6327253668763103 0.05204166666666667 0.08945492662473795
0 0.16258333333333333 0.8239622641509433 0.069875 0.13052410901467504
0 0.3391388888888889 0.7580503144654087 0.042041666666666665 0.07056603773584905
0 0.4284166666666666 0.7785324947589098 0.04598611111111111 0.08155136268343816
0 0.4872638888888889 0.8858700209643606 0.06844444444444445 0.08662473794549266
0 0.5616527777777778 0.9043605870020964 0.07833333333333334 0.15354297693920335
0 0.2660694444444444 0.9617190775681342 0.06654166666666667 0.07656184486373166
0 0.8301250000000001 0.6267295597484277 0.051791666666666666 0.06549266247379455
0 0.7511111111111111 0.771027253668763 0.08025 0.060587002096436054
0 0.6188611111111111 0.9687631027253669 0.06179166666666667 0.06071278825995807
0 0.755736111111111 0.9138364779874213 0.10008333333333333 0.14658280922431866
0 0.8588888888888888 0.8174842767295597 0.08154166666666667 0.12352201257861635