0 0.6924666666666667 0.49713333333333326 0.08168888888888888 0.06611666666666667
0 0.3930666666666667 0.15666666666666668 0.053733333333333334 0.044333333333333336
0 0.43720000000000003 0.324075 0.06397777777777777 0.04649166666666667
0 0.4806666666666667 0.10326666666666667 0.06464444444444445 0.04225
0 0.4632111111111111 0.23472500000000002 0.09955555555555555 0.046441666666666666
0 0.5189888888888888 0.31895 0.050944444444444445 0.08551666666666667
0 0.5994 0.23473333333333335 0.05982222222222223 0.07725
0 0.5576555555555556 0.39391666666666664 0.06667777777777778 0.04448333333333333
0 0.7034222222222223 0.3677333333333333 0.07073333333333333 0.0722
0 0.7393444444444444 0.42165 0.11383333333333334 0.056825
0 0.8936777777777777 0.41497500000000004 0.0734 0.06195833333333333
0 0.48784444444444447 0.4401333333333333 0.09954444444444445 0.050675000000000005
0 0.6117111111111111 0.32254166666666667 0.06802222222222222 0.05573333333333333
0 0.6076111111111111 0.51665 0.06802222222222222 0.037366666666666666
0 0.7167666666666667 0.29275833333333334 0.08510000000000001 0.057775
0 0.8385777777777778 0.4830083333333333 0.08232222222222223 0.03478333333333333
0 0.8105222222222223 0.352325 0.07548888888888888 0.04754166666666666
0 0.6034999999999999 0.4498916666666667 0.0516 0.05170833333333333
0 0.42146666666666666 0.3759416666666667 0.06535555555555556 0.033175