0 0.40770042194092826 0.6113636363636363 0.07932489451476793 0.10030303030303031
0 0.8889240506329115 0.3240909090909091 0.08852320675105485 0.2351818181818182
0 0.7045569620253164 0.5339090909090909 0.10421940928270042 0.11609090909090909
0 0.8080801687763712 0.5737575757575758 0.07215189873417722 0.1486060606060606
0 0.8186286919831223 0.3588787878787879 0.07917721518987342 0.14315151515151517
0 0.5678481012658229 0.6606969696969697 0.10270042194092827 0.15415151515151515
0 0.6115822784810127 0.8480606060606061 0.08706751054852321 0.13833333333333334
0 0.28580168776371306 0.7762424242424243 0.15748945147679327 0.1697878787878788
0 0.1420675105485232 0.4963333333333333 0.11379746835443037 0.18233333333333335
0 0.26354430379746835 0.5995454545454545 0.10829113924050633 0.2002121212121212
0 0.09284810126582278 0.314 0.11850210970464135 0.17457575757575758
0 0.645210970464135 0.7426363636363637 0.11763713080168776 0.1263939393939394
0 0.1877637130801688 0.2764242424242424 0.11611814345991561 0.22733333333333333
0 0.7904852320675105 0.7094848484848485 0.0979535864978903 0.15075757575757576
0 0.185042194092827 0.6915454545454546 0.10597046413502109 0.15527272727272728