0 0.453125 0.2002053388090349 0.10416666666666667 0.11806981519507187
0 0.5807361111111111 0.3247022587268994 0.0954861111111111 0.08983572895277207
0 0.6675416666666667 0.45560574948665294 0.07118055555555555 0.07443531827515401
0 0.7647638888888889 0.3298357289527721 0.046875 0.06416837782340862
0 0.7300416666666667 0.4235112936344969 0.07465277777777778 0.07700205338809035
0 0.6041666666666666 0.5351745379876797 0.059027777777777776 0.08470225872689939
0 0.79775 0.7623203285420944 0.0954861111111111 0.14887063655030802
0 0.6918472222222222 0.5557084188911704 0.06770833333333333 0.11550308008213553
0 0.890625 0.4581724845995893 0.08680555555555555 0.07443531827515401
0 0.9105972222222222 0.8059548254620124 0.11284722222222222 0.2104722792607803
0 0.7309027777777778 0.9214579055441479 0.14930555555555555 0.1437371663244353
0 0.6840277777777778 0.7571868583162218 0.1284722222222222 0.12320328542094455
0 0.45052777777777775 0.5403080082135524 0.14756944444444445 0.223305954825462
0 0.21615277777777778 0.4453388090349076 0.06076388888888889 0.10523613963039015
0 0.19531944444444443 0.6134496919917864 0.03993055555555555 0.10780287474332649