0 0.22705555555555554 0.28936305732484074 0.052 0.10959660297239915
0 0.31731944444444443 0.1942887473460722 0.06983333333333333 0.08932059447983015
0 0.30872222222222223 0.5508067940552017 0.10025 0.21392781316348197
0 0.4760138888888889 0.44509554140127383 0.11737500000000001 0.12991507430997876
0 0.5484305555555555 0.32728237791932063 0.0995 0.1308704883227176
0 0.3735277777777778 0.7459872611464968 0.09493055555555555 0.15539278131634818
0 0.47634722222222226 0.7758174097664544 0.09026388888888888 0.16046709129511677
0 0.6119027777777778 0.2064331210191083 0.09948611111111111 0.1378556263269639
0 0.8714583333333334 0.08658174097664544 0.08286111111111111 0.09834394904458599
0 0.7355694444444445 0.35609341825902335 0.06108333333333333 0.09749469214437367
0 0.9604027777777778 0.1740552016985138 0.058361111111111114 0.08526539278131634
0 0.81425 0.47443736730360936 0.09147222222222222 0.09150743099787687
0 0.9045138888888888 0.6868152866242039 0.053750000000000006 0.1280467091295117
0 0.05579166666666667 0.5239915074309979 0.06661111111111111 0.09356687898089172
0 0.7692916666666666 0.16292993630573246 0.05709722222222222 0.0872823779193206
0 0.3133472222222222 0.2767091295116773 0.08569444444444445 0.10250530785562632
0 0.831125 0.248895966029724 0.049805555555555554 0.07721868365180466
0 0.43766666666666665 0.1785987261146497 0.09358333333333332 0.10452229299363057