0 0.43440878378378384 0.2987916666666667 0.12331081081081081 0.10129166666666668
0 0.5650168918918919 0.24786111111111112 0.12777027027027027 0.09941666666666667
0 0.6995608108108108 0.20201388888888888 0.1603716216216216 0.1355
0 0.353902027027027 0.3733611111111111 0.15824324324324326 0.10041666666666667
0 0.3116722972972973 0.4803333333333333 0.1346114864864865 0.06436111111111112
0 0.3910472972972973 0.6030555555555556 0.2460472972972973 0.09315277777777776
0 0.19006756756756757 0.6433472222222222 0.13466216216216215 0.06816666666666667
0 0.22385135135135137 0.7665416666666667 0.18868243243243243 0.13677777777777778
0 0.5571283783783784 0.9142638888888889 0.12552364864864865 0.11556944444444443
0 0.6100506756756756 0.8429583333333333 0.16378378378378378 0.1396111111111111
0 0.40400337837837835 0.8999166666666667 0.13008445945945946 0.12575
0 0.4096283783783784 0.7540416666666666 0.11430743243243244 0.13955555555555557