0 0.6125 0.11252 0.0625 0.09
0 0.71312 0.10876000000000001 0.07126 0.14252
0 0.47 0.86876 0.0325 0.07252
0 0.53562 0.86376 0.03126 0.05752
0 0.70812 0.8375199999999999 0.04876 0.13
0 0.53938 0.495 0.061259999999999995 0.16
0 0.6156200000000001 0.90124 0.03626 0.06252
0 0.54438 0.93876 0.05626 0.09251999999999999
0 0.815 0.38251999999999997 0.0425 0.08
0 0.81062 0.52 0.038759999999999996 0.15
0 0.805 0.685 0.0625 0.075
0 0.7612599999999999 0.88624 0.0325 0.09251999999999999
0 0.60562 0.54376 0.07376 0.16252
0 0.64562 0.34 0.14126 0.165
0 0.45376 0.64876 0.1125 0.22252000000000002
0 0.67626 0.68876 0.0625 0.12752