0 0.3159722222222222 0.22527083333333334 0.041666666666666664 0.0703125
0 0.3637222222222222 0.14714583333333334 0.03993055555555555 0.0546875
0 0.33941666666666664 0.2786458333333333 0.03993055555555555 0.0625
0 0.6145833333333334 0.2200625 0.04513888888888889 0.1640625
0 0.5243055555555556 0.09635416666666667 0.1423611111111111 0.10416666666666667
0 0.8567777777777777 0.08072916666666667 0.078125 0.078125
0 0.9557361111111111 0.3671875 0.08854166666666667 0.125
0 0.6397638888888889 0.5390625 0.21354166666666666 0.13541666666666666
0 0.4791666666666667 0.3398541666666667 0.12152777777777778 0.19010416666666666
0 0.37066666666666664 0.7552083333333334 0.09895833333333333 0.11458333333333333
0 0.5208333333333334 0.6692708333333334 0.1840277777777778 0.21354166666666666
0 0.8220555555555555 0.5507916666666667 0.09895833333333333 0.19010416666666666
0 0.40018055555555554 0.19010416666666666 0.08506944444444445 0.08854166666666667
0 0.7838611111111111 0.3346458333333333 0.19270833333333334 0.17447916666666666
0 0.2986111111111111 0.5481874999999999 0.0798611111111111 0.1171875
0 0.4010416666666667 0.4921875 0.09722222222222222 0.08333333333333333