0 0.2175 0.08503968253968254 0.07270833333333333 0.1017063492063492
0 0.28229166666666666 0.2316666666666667 0.07731249999999999 0.11726190476190476
0 0.06270833333333334 0.08337301587301588 0.08608333333333333 0.14472222222222222
0 0.1535625 0.3992857142857143 0.066375 0.18793650793650793
0 0.36445833333333333 0.38162698412698415 0.04720833333333333 0.09972222222222221
0 0.050562499999999996 0.3816666666666667 0.06872916666666667 0.1790873015873016
0 0.049416666666666664 0.5867460317460318 0.05945833333333333 0.1527777777777778
0 0.14835416666666665 0.6153968253968255 0.06289583333333333 0.13075396825396826
0 0.6074583333333333 0.03924603174603175 0.137375 0.07853174603174602
0 0.6931041666666666 0.3656746031746032 0.1003125 0.12726190476190477
0 0.7092916666666667 0.13464285714285715 0.11189583333333333 0.10837301587301587
0 0.5713125 0.17214285714285715 0.07779166666666668 0.24075396825396825