0 0.2128515625 0.4988 0.0502734375 0.05074782608695652
0 0.266552734375 0.35431304347826087 0.053515625 0.06900869565217391
0 0.12037109375 0.9380695652173913 0.05736328125 0.07711304347826088
0 0.44962890625 0.5722608695652174 0.077861328125 0.08170434782608695
0 0.378564453125 0.3548 0.085478515625 0.09897391304347826
0 0.581708984375 0.08224347826086956 0.06533203125 0.052417391304347825
0 0.53017578125 0.17309565217391304 0.07294921875 0.07180869565217392
0 0.493291015625 0.29535652173913046 0.0773046875 0.11344347826086958
0 0.722470703125 0.1276695652173913 0.08318359375 0.09690434782608695
0 0.71216796875 0.2861913043478261 0.049560546875 0.1472521739130435
0 0.675283203125 0.1977391304347826 0.04740234375 0.06892173913043478
0 0.773466796875 0.20354782608695654 0.04845703125 0.11530434782608695
0 0.8825 0.5572695652173913 0.04515625 0.05754782608695653
0 0.794619140625 0.5123478260869566 0.077734375 0.1126086956521739
0 0.62701171875 0.3470782608695652 0.055009765625 0.11829565217391304
0 0.491943359375 0.5055652173913043 0.06482421875 0.0990608695652174
0 0.486240234375 0.6935478260869565 0.056689453125 0.09822608695652173
0 0.555673828125 0.8109913043478261 0.07185546875 0.17657391304347828
0 0.554326171875 0.6486086956521739 0.03333984375 0.08368695652173913
0 0.573310546875 0.40166956521739133 0.045263671875 0.07097391304347826
0 0.589306640625 0.5611478260869566 0.04146484375 0.1000695652173913
0 0.678271484375 0.42245217391304346 0.03708984375 0.07194782608695652
0 0.703486328125 0.5060521739130435 0.0582421875 0.07104347826086957
0 0.665517578125 0.5959478260869565 0.08646484375 0.14648695652173913
0 0.747431640625 0.7868173913043478 0.04845703125 0.05864347826086956
0 0.1323046875 0.6118782608695652 0.048681640625 0.10299130434782608
0 0.18736328125 0.8080869565217391 0.0513671875 0.10118260869565217
0 0.168369140625 0.8607478260869565 0.111044921875 0.10798260869565218