0 0.6926498422712933 0.31693146417445484 0.07720820189274448 0.06481308411214953
0 0.6400946372239747 0.3896417445482866 0.04779179810725552 0.0482398753894081
0 0.8503470031545741 0.31381619937694705 0.08976340694006309 0.08350467289719626
0 0.5801577287066246 0.558956386292835 0.11719242902208202 0.07534267912772585
0 0.6385015772870662 0.48001557632398756 0.101403785488959 0.06699376947040499
0 0.7410094637223975 0.37353582554517134 0.0603627760252366 0.04718068535825545
0 0.847192429022082 0.3678348909657321 0.09607255520504732 0.07937694704049844
0 0.8755835962145111 0.4945482866043614 0.13600946372239747 0.08364485981308412
0 0.6516561514195583 0.8191744548286604 0.08353312302839117 0.09109034267912772
0 0.7951577287066246 0.715809968847352 0.1497160883280757 0.1024454828660436
0 0.8051419558359622 0.5973987538940809 0.11291798107255521 0.06498442367601245
0 0.5727917981072554 0.8830529595015576 0.0646372239747634 0.08800623052959501
0 0.7052681388012618 0.8830529595015576 0.10242902208201893 0.08800623052959501