0 0.7772870662460568 0.3377102803738318 0.08873817034700315 0.04404984423676012
0 0.6963249211356467 0.4810591900311526 0.11610410094637223 0.06906542056074767
0 0.6132649842271294 0.5246728971962616 0.1140378548895899 0.05661993769470405
0 0.7210410094637224 0.3839408099688474 0.10873817034700316 0.09289719626168225
0 0.8697949526813881 0.4161370716510904 0.17282334384858042 0.1199221183800623
0 0.5023659305993691 0.8685046728971964 0.06255520504731861 0.04644859813084112
0 0.6148422712933754 0.8347507788161993 0.1487223974763407 0.05993769470404984
0 0.8845110410094636 0.5870093457943926 0.11394321766561513 0.08158878504672898
0 0.7762302839116719 0.6519314641744549 0.1244794952681388 0.09306853582554517
0 0.7515141955835962 0.7926791277258567 0.13186119873817034 0.10665109034267913
0 0.5953943217665616 0.9287538940809968 0.12875394321766562 0.09219626168224299