0 0.2916666666666667 0.37222222222222223 0.15 0.08888888888888889
0 0.5354166666666667 0.46805555555555556 0.17083333333333334 0.075
0 0.49375 0.5902777777777778 0.2375 0.09722222222222222
0 0.25416666666666665 0.5333333333333333 0.15833333333333333 0.1
0 0.9083333333333333 0.5152777777777777 0.125 0.09166666666666666
0 0.84375 0.6291666666666667 0.22916666666666666 0.10833333333333334
0 0.3458333333333333 0.7263888888888889 0.36666666666666664 0.1527777777777778
0 0.7145833333333333 0.7486111111111111 0.22916666666666666 0.20277777777777778
0 0.49583333333333335 0.9416666666666667 0.24166666666666667 0.1
0 0.5166666666666667 0.14722222222222223 0.24166666666666667 0.15
0 0.5833333333333334 0.31527777777777777 0.3 0.16944444444444445
0 0.11041666666666666 0.7541666666666667 0.1875 0.1527777777777778