0 0.21098333333333333 0.0793 0.05391666666666667 0.056525
0 0.27035000000000003 0.16422499999999998 0.0518 0.057625
0 0.24464999999999998 0.3148 0.05876666666666666 0.07752500000000001
0 0.5289833333333334 0.295 0.04825 0.075425
0 0.36095 0.152775 0.06218333333333334 0.0472
0 0.5887 0.29395 0.051000000000000004 0.073325
0 0.6588166666666667 0.429425 0.09125 0.056749999999999995
0 0.5657833333333334 0.387725 0.07183333333333333 0.060899999999999996
0 0.7688666666666667 0.24395 0.040516666666666666 0.0858
0 0.6640333333333334 0.2825 0.0725 0.100425
0 0.6296666666666667 0.1309 0.05793333333333333 0.07844999999999999
0 0.40678333333333333 0.21425 0.06495 0.082675
0 0.43073333333333336 0.469525 0.05591666666666666 0.068225
0 0.5623166666666667 0.49975 0.0649 0.103675
0 0.36165 0.36950000000000005 0.08025 0.068175
0 0.84385 0.17934999999999998 0.09048333333333333 0.1066
0 0.49288333333333334 0.15537499999999999 0.059366666666666665 0.096175