0 0.3856354166666666 0.07648958333333335 0.14975 0.08873958333333333
0 0.196875 0.40428125000000004 0.10034375 0.10370833333333333
0 0.196875 0.26578125 0.07952083333333333 0.10275
0 0.364375 0.35782291666666666 0.1436875 0.05765625
0 0.510625 0.17938541666666669 0.06638541666666667 0.10183333333333335
0 0.16563541666666665 0.17808333333333334 0.11077083333333333 0.08359375
0 0.30015624999999996 0.5236770833333334 0.07775 0.07686458333333333
0 0.0519375 0.6617291666666667 0.10213541666666666 0.050895833333333335
0 0.03675 0.7520416666666667 0.0735 0.06484375
0 0.26110416666666664 0.70559375 0.11420833333333333 0.09173958333333333
0 0.3175104166666667 0.28097916666666667 0.13329166666666667 0.06542708333333333
0 0.3748020833333333 0.18416666666666667 0.04994791666666667 0.10617708333333334
0 0.4741770833333333 0.11730208333333333 0.08722916666666666 0.07661458333333333