0 0.6297666666666667 0.28003454231433506 0.05951666666666667 0.09129533678756477
0 0.7523833333333333 0.2923834196891192 0.05715 0.08141623488773748
0 0.8797666666666667 0.31088082901554404 0.06905 0.07402417962003455
0 0.6869 0.5070293609671848 0.07381666666666667 0.04687392055267703
0 0.9369 0.3984628670120898 0.12618333333333331 0.10115716753022452
0 0.5273833333333333 0.44041450777202074 0.0881 0.08635578583765112
0 0.42856666666666665 0.45151986183074266 0.09048333333333333 0.0838860103626943
0 0.4797666666666667 0.15050086355785838 0.13571666666666668 0.10362694300518134
0 0.7797666666666667 0.566252158894646 0.07856666666666667 0.10115716753022452
0 0.9047666666666667 0.5058031088082902 0.18571666666666667 0.1381692573402418
0 0.9404833333333332 0.25906735751295334 0.11905000000000002 0.15791018998272885
0 0.47023333333333334 0.5798100172711571 0.15951666666666667 0.1134887737478411
0 0.5404833333333333 0.9416407599309154 0.21905000000000002 0.11670120898100171
0 0.8988166666666666 0.6809844559585493 0.1119 0.1134887737478411
0 0.73095 0.40709844559585495 0.43810000000000004 0.2763385146804836
0 0.8142833333333334 0.24426597582037998 0.37143333333333334 0.11842832469775474
0 0.6488166666666667 0.8203799654576857 0.27381666666666665 0.16037996545768565
0 0.78095 0.671105354058722 0.24285 0.17271157167530224