0 0.3753151010701546 0.6274680603948897 0.053043995243757434 0.03929152148664344
0 0.4897384066587396 0.1351567944250871 0.07381688466111772 0.05931475029036005
0 0.6408204518430439 0.1724274099883856 0.04898929845422117 0.06998838559814169
0 0.4243519619500595 0.26343786295005805 0.05005945303210464 0.07779326364692218
0 0.5595838287752676 0.215993031358885 0.12431629013079666 0.05259001161440186
0 0.5348156956004756 0.2973170731707317 0.039120095124851366 0.052636469221835076
0 0.6482520808561236 0.527746806039489 0.046016646848989304 0.0372938443670151
0 0.4862782401902497 0.6865272938443671 0.07281807372175982 0.05288037166085947
0 0.6249702734839477 0.6904065040650407 0.07674197384066588 0.07224157955865274
0 0.6705469678953626 0.23778164924506387 0.07275862068965518 0.04389082462253194
0 0.6750059453032105 0.6303716608594657 0.0876218787158145 0.03348432055749129