0 0.17481944444444444 0.3578541666666667 0.058638888888888886 0.07681249999999999
0 0.1559722222222222 0.15739583333333332 0.08045833333333333 0.08066666666666666
0 0.39831944444444445 0.4337708333333333 0.10087499999999999 0.1155625
0 0.3212916666666667 0.5667500000000001 0.0777638888888889 0.08389583333333334
0 0.636375 0.23927083333333332 0.10079166666666665 0.11941666666666667
0 0.380125 0.7592708333333333 0.17956944444444442 0.06416666666666666
0 0.5877777777777777 0.7404166666666666 0.07105555555555555 0.08600000000000001
0 0.7547499999999999 0.8723958333333334 0.075625 0.111875
0 0.2921944444444444 0.3697708333333333 0.11480555555555555 0.10064583333333334
0 0.778875 0.7180833333333333 0.05644444444444444 0.07108333333333333
0 0.3292222222222222 0.18964583333333335 0.0777638888888889 0.10352083333333333
0 0.4446111111111111 0.3499166666666667 0.09027777777777778 0.10856249999999999