0 0.5192394366197184 0.40349624060150374 0.09952112676056338 0.13033834586466167
0 0.3004788732394366 0.5576315789473685 0.12019718309859155 0.07266917293233081
0 0.750225352112676 0.38345864661654133 0.09202816901408452 0.10526315789473684
0 0.6676056338028169 0.3308270676691729 0.061971830985915494 0.08522556390977444
0 0.6290985915492958 0.5764285714285715 0.14647887323943662 0.17041353383458646
0 0.7765352112676057 0.49372180451127823 0.05445070422535211 0.08522556390977444
0 0.49202816901408447 0.664172932330827 0.08261971830985915 0.12030075187969924
0 0.3305070422535211 0.7919924812030075 0.07887323943661972 0.07518796992481203
0 0.40374647887323944 0.7055263157894737 0.12019718309859155 0.2130451127819549
0 0.2028169014084507 0.6854511278195489 0.07135211267605633 0.13281954887218045
0 0.3107887323943662 0.6466165413533834 0.11456338028169015 0.1904887218045113
0 0.6375492957746479 0.39597744360902254 0.15585915492957747 0.1904887218045113