0 0.04172995780590717 0.21633333333333332 0.07362869198312236 0.0933030303030303
0 0.229831223628692 0.5027878787878788 0.07428270042194093 0.09448484848484848
0 0.02662447257383966 0.5644242424242424 0.04761603375527426 0.07227272727272728
0 0.028734177215189873 0.3345757575757576 0.057468354430379745 0.10345454545454545
0 0.11240506329113924 0.5684848484848485 0.10947257383966245 0.11675757575757575
0 0.11732067510548523 0.27748484848484845 0.06869198312236287 0.11657575757575757
0 0.7476582278481012 0.24412121212121213 0.05088607594936709 0.08624242424242425
0 0.3423206751054852 0.6634545454545454 0.04611814345991561 0.0763939393939394
0 0.11029535864978904 0.7245757575757577 0.07149789029535865 0.08348484848484848
0 0.31489451476793245 0.8973636363636364 0.05877637130801688 0.11390909090909092
0 0.2860759493670886 0.7700606060606061 0.04331223628691983 0.12596969696969698
0 0.3887341772151899 0.7240606060606061 0.04609704641350211 0.0643030303030303
0 0.5349789029535865 0.6780909090909091 0.04322784810126582 0.06327272727272727
0 0.6158438818565402 0.8902727272727273 0.036160337552742616 0.0633939393939394
0 0.670675105485232 0.8468484848484847 0.053016877637130796 0.07348484848484849
0 0.8492616033755275 0.3093030303030303 0.06421940928270042 0.0893030303030303
0 0.8271097046413503 0.4315454545454545 0.05789029535864979 0.04290909090909091
0 0.8432911392405064 0.5396666666666666 0.07335443037974684 0.10157575757575758
0 0.9392616033755273 0.3481818181818182 0.0669831223628692 0.06406060606060607
0 0.5068565400843882 0.8023636363636363 0.09666666666666666 0.06939393939393938
0 0.7139240506329113 0.7084242424242424 0.07620253164556962 0.11178787878787878
0 0.7919620253164557 0.7836969696969697 0.0719620253164557 0.12293939393939395