0 0.39781045751633987 0.525 0.1353267973856209 0.1423008849557522
0 0.3894444444444444 0.3350442477876106 0.10852941176470589 0.06871681415929204
0 0.6650653594771242 0.5045575221238938 0.08666666666666667 0.155929203539823
0 0.5683006535947712 0.2391592920353982 0.14950980392156862 0.3058407079646018
0 0.26712418300653595 0.19606194690265488 0.09516339869281046 0.11079646017699114
0 0.29392156862745095 0.7484070796460176 0.10856209150326797 0.13991150442477876
0 0.4204248366013072 0.13707964601769912 0.1504248366013072 0.14256637168141592
0 0.7647712418300654 0.5028761061946903 0.08493464052287582 0.14575221238938052
0 0.6319934640522875 0.690575221238938 0.1361111111111111 0.133141592920354
0 0.46483660130718957 0.6667699115044248 0.1084967320261438 0.08553097345132743
0 0.2126797385620915 0.6094690265486726 0.09686274509803922 0.12752212389380532
0 0.8720261437908496 0.49150442477876105 0.08826797385620916 0.15026548672566373