0 0.18770833333333334 0.4543789473684211 0.10426388888888888 0.10677894736842106
0 0.2538333333333333 0.08985263157894736 0.10952777777777778 0.06943157894736841
0 0.4270833333333333 0.49549473684210527 0.06713888888888889 0.1048
0 0.34575 0.6714947368421053 0.08701388888888889 0.15002105263157897
0 0.6036527777777778 0.6399157894736842 0.04725000000000001 0.12894736842105264
0 0.6803472222222222 0.6544631578947369 0.08954166666666666 0.15202105263157895
0 0.9190694444444445 0.5516631578947369 0.07490277777777778 0.14494736842105263
0 0.8122777777777779 0.6058105263157895 0.07956944444444444 0.12090526315789474
0 0.03165277777777778 0.4147789473684211 0.06198611111111112 0.15387368421052633
0 0.311375 0.4729473684210526 0.06586111111111112 0.13787368421052631
0 0.8929444444444444 0.7401894736842105 0.07425 0.11296842105263157