0 0.6154861111111111 0.3861296296296296 0.10688888888888888 0.14014814814814816
0 0.3821805555555556 0.21703703703703706 0.11806944444444445 0.18716666666666665
0 0.6923194444444445 0.5626111111111111 0.105 0.15237037037037038
0 0.5803055555555555 0.5687777777777777 0.08097222222222222 0.12027777777777779
0 0.3442222222222222 0.47003703703703703 0.13104166666666667 0.18946296296296297
0 0.47522222222222227 0.42683333333333334 0.14302777777777778 0.2512037037037037
0 0.5303055555555556 0.22446296296296295 0.08098611111111112 0.1131111111111111
0 0.37523611111111116 0.830388888888889 0.14306944444444444 0.33237037037037037
0 0.6455555555555555 0.7452592592592593 0.13926388888888888 0.17692592592592593
0 0.4201388888888889 0.6101296296296297 0.1606388888888889 0.1511111111111111
0 0.7973888888888889 0.9376481481481481 0.1651388888888889 0.12468518518518518
0 0.7844166666666667 0.6687222222222222 0.15033333333333332 0.2757222222222222
0 0.5367777777777778 0.8674259259259259 0.17170833333333332 0.2582962962962963
0 0.23822222222222222 0.7896851851851852 0.09127777777777778 0.1769074074074074