0 0.614361111111111 0.5952192066805846 0.10218055555555555 0.19298538622129435
0 0.6201527777777778 0.38419624217118997 0.08134722222222222 0.17457202505219208
0 0.6737638888888889 0.3018789144050104 0.08209722222222222 0.17695198329853865
0 0.610125 0.2688517745302714 0.09831944444444446 0.1317536534446764
0 0.7389583333333333 0.6705845511482255 0.11525 0.20453027139874738
0 0.4990277777777778 0.6201461377870564 0.107625 0.15237995824634654
0 0.89325 0.5459498956158664 0.06273611111111112 0.15707724425887265
0 0.8288333333333333 0.5679749478079332 0.04963888888888889 0.11764091858037579
0 0.9679722222222223 0.7123173277661795 0.06404166666666666 0.1488517745302714
0 0.5399166666666667 0.3436116910229645 0.08754166666666667 0.20473903966597076
0 0.3142638888888889 0.8079749478079331 0.12233333333333334 0.16617954070981208
0 0.22747222222222221 0.9250730688935282 0.10154166666666667 0.14985386221294364
0 0.1109861111111111 0.7372442588726513 0.06301388888888888 0.14997912317327766
0 0.11676388888888888 0.049144050104384135 0.09772222222222222 0.09826722338204592
0 0.7952916666666667 0.7662839248434238 0.17947222222222223 0.16772442588726513
0 0.3667222222222222 0.49782881002087687 0.13466666666666666 0.12348643006263048
0 0.5214027777777778 0.8131941544885177 0.09680555555555556 0.15574112734864298