0 0.4184348641049672 0.510575 0.09046860356138707 0.07616875000000001
0 0.563805060918463 0.4846625 0.11409559512652295 0.03950625
0 0.8687628865979382 0.2208625 0.07611059044048735 0.046293749999999995
0 0.6807685098406748 0.34155 0.09226804123711341 0.06785000000000001
0 0.7716869728209934 0.280575 0.08087160262417994 0.06339375
0 0.4359606373008435 0.5762875 0.10845360824742267 0.033243749999999996
0 0.6135332708528585 0.610725 0.07146204311152765 0.052856249999999994
0 0.5074601686972822 0.64200625 0.10938144329896907 0.06614375
0 0.6343580131208997 0.42179375 0.14721649484536084 0.03125625
0 0.6916588566073102 0.5604875 0.09700093720712277 0.03955625
0 0.7480131208997188 0.457175 0.06762886597938143 0.0186375