0 0.2744708994708995 0.11923577235772358 0.05952380952380952 0.09214634146341463
0 0.253531746031746 0.20596747967479676 0.08818783068783069 0.08671544715447155
0 0.3582407407407407 0.19647154471544714 0.0948015873015873 0.13821138211382114
0 0.7958597883597883 0.23035772357723575 0.37477513227513226 0.18427642276422765
0 0.5842195767195767 0.19240650406504065 0.2601455026455026 0.2601626016260163
0 0.3869047619047619 0.4186991869918699 0.16974867724867726 0.2682926829268293
0 0.59744708994709 0.4065040650406504 0.18518518518518517 0.13008130081300814
0 0.8608862433862434 0.4891544715447154 0.10802910052910053 0.10569105691056911
0 0.49272486772486773 0.7669430894308943 0.16534391534391535 0.18970731707317073
0 0.8377380952380953 0.8102926829268292 0.1940079365079365 0.16260162601626016
0 0.706574074074074 0.582650406504065 0.16974867724867726 0.21138211382113822
0 0.8994708994708994 0.6626016260162602 0.1940079365079365 0.1598861788617886
0 0.6492460317460317 0.9552845528455285 0.35935185185185187 0.08943089430894309
0 0.5511507936507937 0.5785853658536585 0.15873015873015872 0.21409756097560972
0 0.9667063492063492 0.9024390243902439 0.05952380952380952 0.1951219512195122
0 0.8571428571428571 0.3902439024390244 0.2857142857142857 0.0975609756097561
0 0.2039285714285714 0.3346829268292683 0.17857142857142858 0.3170731707317073
0 0.7142857142857143 0.8536585365853658 0.25572751322751325 0.2926829268292683
0 0.40453703703703703 0.6260162601626016 0.2447089947089947 0.10297560975609756
0 0.4221825396825397 0.9092195121951219 0.10802910052910053 0.07858536585365854
0 0.07165343915343915 0.3523089430894309 0.08597883597883597 0.24390243902439024