0 0.8081666666666667 0.18828451882845187 0.11631944444444445 0.10460251046025104
0 0.1545138888888889 0.5034100418410041 0.1076388888888889 0.15951882845188284
0 0.5269166666666667 0.41841004184100417 0.11631944444444445 0.17259414225941422
0 0.6215277777777778 0.3138075313807531 0.13541666666666666 0.12552301255230125
0 0.5815972222222222 0.5596234309623431 0.09722222222222222 0.11506276150627615
0 0.41927777777777775 0.652468619246862 0.15104166666666666 0.1961297071129707
0 0.44531944444444443 0.852510460251046 0.13020833333333334 0.15690376569037656
0 0.34983333333333333 0.9184100418410042 0.10590277777777778 0.16317991631799164
0 0.67275 0.5897071129707113 0.0642361111111111 0.09675732217573221
0 0.907125 0.8368200836820083 0.1857638888888889 0.16736401673640167
0 0.6536527777777777 0.1922175732217573 0.11631944444444445 0.08106694560669456
0 0.4244861111111111 0.4040376569037657 0.0920138888888889 0.10721757322175732
0 0.29254166666666664 0.4157949790794979 0.08854166666666667 0.13598326359832635
0 0.20747222222222222 0.2824267782426778 0.17881944444444445 0.22489539748953974
0 0.3663194444444444 0.23405857740585773 0.0763888888888889 0.10198744769874477
0 0.0798611111111111 0.10330543933054394 0.1388888888888889 0.13336820083682008