0 0.3738 0.10422818791946309 0.0423 0.07805369127516779
0 0.41173333333333334 0.2253691275167785 0.05726666666666667 0.092751677852349
0 0.34386666666666665 0.25597315436241613 0.06936666666666666 0.10154362416107383
0 0.29796666666666666 0.2978523489932886 0.06456666666666667 0.05677852348993289
0 0.4726 0.0925503355704698 0.03986666666666667 0.07805369127516779
0 0.2378333333333333 0.3036912751677852 0.034133333333333335 0.06845637583892616
0 0.36633333333333334 0.49926174496644293 0.05343333333333334 0.07442953020134228
0 0.15453333333333333 0.37906040268456376 0.038533333333333336 0.09671140939597316
0 0.33926666666666666 0.37859060402684563 0.0882 0.10939597315436242
0 0.2777 0.6646308724832215 0.06456666666666667 0.1134228187919463
0 0.2376 0.4661744966442953 0.1003 0.06664429530201342
0 0.17576666666666665 0.6373825503355705 0.0868 0.1523489932885906
0 0.3612666666666666 0.7113422818791946 0.04616666666666667 0.09013422818791945
0 0.2984666666666667 0.5571140939597315 0.0887 0.09100671140939598
0 0.16443333333333332 0.9370469798657718 0.067 0.10973154362416108
0 0.411 0.7853020134228188 0.04133333333333333 0.08630872483221476
0 0.41823333333333335 0.39852348993288594 0.055799999999999995 0.14731543624161073