0 0.1890416666666667 0.590293501048218 0.059291666666666666 0.08243186582809224
0 0.08819444444444445 0.6646750524109015 0.06791666666666667 0.06949685534591195
0 0.1500138888888889 0.839454926624738 0.08443055555555555 0.10756813417190776
0 0.26508333333333334 0.9572327044025157 0.07645833333333332 0.08555555555555557
0 0.35930555555555554 0.7550733752620545 0.05459722222222223 0.11249475890985325
0 0.46247222222222223 0.7785324947589098 0.0625 0.06958071278825996
0 0.5785138888888889 0.8943815513626835 0.15569444444444444 0.14553459119496856
0 0.6919305555555556 0.9512368972746331 0.05316666666666667 0.09752620545073376
0 0.9365972222222223 0.6382180293501049 0.06630555555555556 0.07048218029350105
0 0.8681527777777779 0.7970020964360587 0.08418055555555555 0.07658280922431866
0 0.8631944444444445 0.9308176100628931 0.0782361111111111 0.10461215932914046
0 0.9695833333333334 0.8039832285115304 0.060847222222222226 0.09056603773584906