0 0.35698611111111106 0.40279661016949153 0.15709722222222222 0.21036016949152544
0 0.5329166666666667 0.5561440677966102 0.1418472222222222 0.14881355932203388
0 0.5943888888888889 0.7327966101694915 0.12395833333333334 0.14396186440677966
0 0.5398611111111111 0.846271186440678 0.1557361111111111 0.19203389830508474
0 0.3864166666666667 0.7741737288135594 0.09294444444444444 0.12985169491525422
0 0.605625 0.19591101694915253 0.08294444444444445 0.20819915254237287
0 0.462125 0.275635593220339 0.16895833333333335 0.16184322033898305
0 0.7411805555555555 0.5703177966101695 0.13977777777777778 0.21853813559322036
0 0.8231805555555556 0.37957627118644066 0.1370972222222222 0.16391949152542373
0 0.7441527777777778 0.10205508474576272 0.12588888888888888 0.15366525423728813
0 0.24919444444444444 0.5879661016949153 0.20343055555555556 0.16302966101694916
0 0.19498611111111108 0.4032838983050847 0.079125 0.12052966101694916
0 0.8727916666666666 0.5364618644067797 0.11287499999999999 0.1458050847457627
0 0.6185138888888889 0.39925847457627117 0.14444444444444443 0.11245762711864406
0 0.39831944444444445 0.1600635593220339 0.19609722222222223 0.09415254237288136
0 0.1592777777777778 0.13635593220338982 0.11881944444444444 0.12542372881355932