0 0.5363636363636364 0.2329268292682927 0.10181818181818182 0.09024390243902439
0 0.5727272727272728 0.37682926829268293 0.12 0.1
0 0.5745454545454546 0.6158536585365854 0.12727272727272726 0.13414634146341464
0 0.69 0.5158536585365854 0.14363636363636365 0.12926829268292683
0 0.5654545454545454 0.4853658536585366 0.14545454545454545 0.12195121951219512
0 0.7663636363636364 0.7048780487804878 0.09272727272727273 0.09268292682926829
0 0.7736363636363637 0.21341463414634146 0.09636363636363636 0.06585365853658537
0 0.6736363636363636 0.723170731707317 0.09636363636363636 0.12439024390243902
0 0.9036363636363637 0.9670731707317073 0.09818181818181818 0.06585365853658537
0 0.7154545454545455 0.947560975609756 0.13272727272727272 0.1048780487804878
0 0.5281818181818182 0.8609756097560975 0.09272727272727273 0.13170731707317074
0 0.35363636363636364 0.8951219512195122 0.14363636363636365 0.12682926829268293
0 0.4218181818181818 0.7109756097560975 0.15272727272727274 0.21707317073170732
0 0.4109090909090909 0.4695121951219512 0.17454545454545456 0.22195121951219512
0 0.29 0.23780487804878048 0.06727272727272728 0.1
0 0.44363636363636366 0.12926829268292683 0.05454545454545454 0.04878048780487805
0 0.27545454545454545 0.6024390243902439 0.12545454545454546 0.424390243902439
0 0.8590909090909091 0.5073170731707317 0.10363636363636364 0.14146341463414633
0 0.8445454545454546 0.724390243902439 0.07454545454545454 0.09268292682926829
0 0.7663636363636364 0.7878048780487805 0.09636363636363636 0.07804878048780488
0 0.16 0.8219512195121951 0.26545454545454544 0.33170731707317075