0 0.6718333333333334 0.21619957537154988 0.11990277777777777 0.22481953290870488
0 0.5607361111111111 0.2521868365180467 0.11994444444444444 0.1764543524416136
0 0.448875 0.31114649681528667 0.09991666666666667 0.15282377919320594
0 0.3493611111111111 0.21681528662420382 0.1323611111111111 0.10573248407643311
0 0.8562083333333333 0.07766454352441614 0.13680555555555557 0.1529723991507431
0 0.7883333333333333 0.20503184713375794 0.07511111111111111 0.11044585987261148
0 0.835388888888889 0.4490870488322718 0.06738888888888889 0.15980891719745222
0 0.9529305555555556 0.39662420382165603 0.0941388888888889 0.18932059447983016
0 0.1302638888888889 0.48800424628450106 0.07380555555555555 0.11025477707006369
0 0.4342222222222222 0.6896390658174097 0.11690277777777779 0.1313375796178344
0 0.35515277777777776 0.4803397027600849 0.11152777777777777 0.11615711252653928
0 0.677625 0.4567515923566879 0.10833333333333334 0.15390658174097663