0 0.6599019607843137 0.43982300884955755 0.1418954248366013 0.31128318584070797
0 0.4286274509803921 0.2765044247787611 0.2152941176470588 0.2088938053097345
0 0.2779738562091503 0.370929203539823 0.12751633986928104 0.18530973451327434
0 0.4304575163398693 0.48699115044247787 0.11872549019607842 0.2286725663716814
0 0.6813071895424836 0.9193805309734513 0.2065032679738562 0.16123893805309733
0 0.40215686274509804 0.7614159292035398 0.15797385620915033 0.12853982300884956
0 0.8439869281045751 0.7599557522123894 0.14836601307189543 0.2023008849557522
0 0.6748039215686275 0.7323893805309735 0.1672875816993464 0.2298230088495575
0 0.2605555555555556 0.730929203539823 0.15366013071895426 0.2445575221238938
0 0.48055555555555557 0.9267256637168142 0.1927777777777778 0.14650442477876105
0 0.17562091503267974 0.8686283185840709 0.11447712418300654 0.24858407079646017