0 0.8186206896551724 0.5292537313432836 0.16626774847870182 0.17405970149253733
0 0.7134685598377282 0.46017910447761196 0.046125760649087216 0.12214925373134329
0 0.18129817444219065 0.3888955223880597 0.07709939148073022 0.1586865671641791
0 0.26129817444219067 0.4077313432835821 0.10995943204868154 0.1353134328358209
0 0.20006085192697767 0.6662985074626866 0.13267748478701824 0.2093134328358209
0 0.07914807302231237 0.5934626865671642 0.08208924949290061 0.3034626865671642
0 0.4396754563894523 0.7132835820895522 0.098052738336714 0.15071641791044776
0 0.3243813387423935 0.7149253731343284 0.1333874239350913 0.16065671641791046
0 0.5842596348884381 0.839820895522388 0.13931034482758622 0.17164179104477612
0 0.9669168356997971 0.38447761194029856 0.06618661257606491 0.2028955223880597
0 0.9316632860040568 0.5060298507462687 0.09937119675456389 0.2204776119402985
0 0.7051926977687627 0.36128358208955225 0.07466531440162272 0.1432238805970149
0 0.70894523326572 0.7049850746268657 0.10020283975659229 0.1673134328358209
0 0.6199391480730223 0.6652238805970149 0.08896551724137931 0.10101492537313433
0 0.46559837728194725 0.4386268656716418 0.09127789046653144 0.1387462686567164
0 0.568498985801217 0.444179104477612 0.07170385395537526 0.09674626865671641
0 0.05221095334685598 0.4088358208955224 0.10442190669371196 0.1331044776119403
0 0.06010141987829615 0.21653731343283583 0.1202028397565923 0.18602985074626865
0 0.87947261663286 0.15408955223880597 0.09064908722109533 0.13185074626865673
0 0.5369371196754563 0.9648955223880598 0.18890466531440162 0.0702089552238806