0 0.08877637130801687 0.3005151515151515 0.0509915611814346 0.07575757575757576
0 0.12305907172995781 0.14393939393939395 0.038670886075949366 0.04039393939393939
0 0.10637130801687764 0.23612121212121212 0.0580168776371308 0.06312121212121212
0 0.16350210970464135 0.4583333333333333 0.09845991561181434 0.17424242424242425
0 0.4825949367088608 0.6111212121212121 0.06154008438818566 0.09090909090909091
0 0.3059071729957806 0.5366060606060606 0.056265822784810134 0.09848484848484848
0 0.43248945147679324 0.6679393939393939 0.09141350210970464 0.11363636363636363
0 0.4527004219409283 0.803030303030303 0.07208860759493671 0.08081818181818182
0 0.6135654008438818 0.5467272727272727 0.056265822784810134 0.06818181818181818
0 0.7208227848101266 0.6502424242424243 0.07031645569620253 0.0883939393939394
0 0.8368565400843883 0.5037878787878788 0.08438818565400844 0.07827272727272727
0 0.5010548523206751 0.7045454545454546 0.04921940928270042 0.07069696969696969
0 0.6742194092827004 0.7828181818181817 0.065042194092827 0.07575757575757576
0 0.04921940928270042 0.40781818181818186 0.09845991561181434 0.29039393939393937
0 0.1661392405063291 0.6603636363636364 0.11778481012658228 0.149