0 0.27679674796747966 0.08632719393282774 0.09559349593495935 0.04083423618634886
0 0.060699186991869915 0.3351462621885157 0.12139837398373983 0.08885157096424702
0 0.06544715447154471 0.43945828819068256 0.11191869918699186 0.08620801733477788
0 0.2490081300813008 0.4751354279523294 0.1619837398373984 0.07629469122426868
0 0.12030894308943088 0.5320260021668473 0.09970731707317074 0.07092091007583964
0 0.3845040650406504 0.3920368364030336 0.09147967479674797 0.050964247020585045
0 0.2158211382113821 0.6882665222101841 0.08747967479674797 0.06920910075839654
0 0.23276422764227644 0.22134344528710728 0.11321951219512194 0.05627302275189599
0 0.23208130081300812 0.3834561213434453 0.15250406504065042 0.05005417118093175
0 0.07560975609756097 0.5997616468039003 0.1403739837398374 0.08721560130010834
0 0.1921138211382114 0.32340195016251355 0.09697560975609756 0.06536294691224269