0 0.6281355932203391 0.09455555555555556 0.1348093220338983 0.06504166666666666
0 0.31887711864406776 0.9124027777777777 0.12646186440677964 0.07852777777777778
0 0.8152542372881356 0.6484305555555555 0.11074152542372882 0.05056944444444444
0 0.3866525423728814 0.5465555555555556 0.12641949152542373 0.04680555555555556
0 0.704406779661017 0.16958333333333334 0.10088983050847457 0.04841666666666666
0 0.2411864406779661 0.5998055555555556 0.25921610169491527 0.03665277777777778
0 0.8632627118644067 0.5697083333333334 0.13896186440677966 0.07090277777777777
0 0.7608686440677966 0.905 0.2646822033898305 0.05258333333333333
0 0.37677966101694915 0.20848611111111112 0.14055084745762714 0.08179166666666667
0 0.2779237288135593 0.7378194444444445 0.11235169491525424 0.07933333333333333
0 0.7813559322033898 0.7118888888888888 0.12771186440677967 0.10526388888888889