0 0.5854545454545454 0.29453551912568304 0.15912727272727273 0.2650273224043716
0 0.4748 0.45513661202185796 0.11003636363636364 0.2008743169398907
0 0.35614545454545454 0.42923497267759564 0.11774545454545456 0.16060109289617486
0 0.4294909090909091 0.28491803278688527 0.14196363636363635 0.16530054644808742
0 0.42916363636363636 0.6440983606557378 0.23698181818181818 0.2336065573770492
0 0.8947999999999999 0.5759562841530055 0.10414545454545454 0.16644808743169398
0 0.889090909090909 0.44797814207650277 0.08501818181818181 0.19224043715846995
0 0.30163636363636365 0.6685245901639344 0.112 0.16169398907103824
0 0.7608727272727273 0.49540983606557376 0.1884 0.18939890710382512
0 0.5940727272727273 0.5784153005464481 0.14952727272727273 0.2575409836065574
0 0.5204000000000001 0.8622404371584699 0.19741818181818183 0.18098360655737702
0 0.32425454545454546 0.8780874316939891 0.17643636363636364 0.20688524590163934