0 0.19698611111111114 0.4887288135593221 0.14706944444444445 0.21944915254237288
0 0.9390416666666667 0.5905296610169491 0.12191666666666667 0.11936440677966102
0 0.3404861111111111 0.23927966101694914 0.1099861111111111 0.21491525423728813
0 0.5360555555555555 0.16165254237288135 0.16004166666666667 0.16786016949152543
0 0.4782222222222222 0.27228813559322035 0.14695833333333333 0.14279661016949155
0 0.5754027777777778 0.498728813559322 0.11222222222222222 0.19002118644067797
0 0.6749444444444445 0.6 0.09304166666666666 0.13016949152542373
0 0.4434722222222222 0.8546822033898306 0.1446527777777778 0.23809322033898303
0 0.41415277777777776 0.6534745762711864 0.13231944444444443 0.2735381355932204
0 0.31077777777777776 0.649385593220339 0.13852777777777778 0.17351694915254237
0 0.148 0.7358686440677966 0.1092777777777778 0.1275635593220339