0 0.31507999999999997 0.18275862068965518 0.06986 0.0352023988005997
0 0.81356 0.43626686656671665 0.064 0.03821589205397301
0 0.32789999999999997 0.2721289355322339 0.07840000000000001 0.03883058470764617
0 0.47886 0.14038980509745128 0.08404 0.031619190404797604
0 0.71102 0.3394302848575712 0.07542 0.058095952023988005
0 0.8411000000000001 0.541664167916042 0.062079999999999996 0.06961019490254873
0 0.30510000000000004 0.387136431784108 0.06702 0.05100449775112444
0 0.39388 0.5918590704647676 0.05654 0.046146926536731636
0 0.36872000000000005 0.6887106446776612 0.08028 0.034812593703148424
0 0.43662 0.8352173913043479 0.05084 0.09718140929535231
0 0.33406 0.7775412293853073 0.062259999999999996 0.02449775112443778
0 0.2866 0.8555172413793103 0.09265999999999999 0.04805097451274362
0 0.52966 0.6308545727136431 0.08878 0.08992503748125937
0 0.60276 0.8473313343328335 0.14382 0.04448275862068966
0 0.7864800000000001 0.6187556221889056 0.1409 0.099880059970015
0 0.88286 0.7487106446776611 0.14562 0.08215892053973013
0 0.7024600000000001 0.4051124437781109 0.06972 0.04848575712143929
0 0.9507599999999999 0.6141229385307346 0.09337999999999999 0.060719640179910044
0 0.39152 0.8516041979010495 0.0575 0.03593703148425787
0 0.38724000000000003 0.9228035982008995 0.04326 0.041679160419790105
0 0.55434 0.7084707646176912 0.09256 0.05721139430284857