0 0.2847222222222222 0.08204166666666667 0.10416666666666667 0.11197916666666667
0 0.40625 0.165375 0.08680555555555555 0.10677083333333333
0 0.2013888888888889 0.3151041666666667 0.1597222222222222 0.13541666666666666
0 0.4574722222222222 0.7760416666666666 0.10590277777777778 0.13020833333333334
0 0.6362916666666667 0.5026041666666666 0.078125 0.19791666666666666
0 0.734375 0.5260416666666666 0.10069444444444445 0.3020833333333333
0 0.500875 0.9257916666666667 0.11631944444444445 0.1171875
0 0.07031944444444445 0.8971458333333333 0.1232638888888889 0.20572916666666666
0 0.23872222222222222 0.7395833333333334 0.11631944444444445 0.09375
0 0.34983333333333333 0.6705833333333333 0.11284722222222222 0.1015625
0 0.921875 0.08072916666666667 0.1111111111111111 0.10416666666666667
0 0.063375 0.6575624999999999 0.1267361111111111 0.22135416666666666
0 0.5269166666666667 0.09635416666666667 0.09895833333333333 0.11979166666666667