0 0.1875569358178054 0.4139635093167701 0.08582298136645963 0.026727484472049687
0 0.10924948240165631 0.45498835403726706 0.06468426501035196 0.03575310559006211
0 0.02001552795031056 0.5134860248447205 0.034384057971014494 0.0543167701863354
0 0.3833281573498965 0.49495729813664596 0.06670807453416149 0.04265916149068323
0 0.35828157349896483 0.3930551242236025 0.06318840579710144 0.045240683229813665
0 0.5402898550724637 0.42587344720496895 0.07158902691511387 0.028322981366459624
0 0.6312991718426502 0.7135791925465839 0.06732401656314699 0.029029503105590063
0 0.20096273291925465 0.6037422360248447 0.04490165631469979 0.04748835403726708
0 0.33711697722567285 0.6193555900621118 0.09705486542443063 0.05014751552795031
0 0.3205383022774327 0.7109316770186335 0.05120600414078675 0.030089285714285718
0 0.19814182194616978 0.3554697204968944 0.04772256728778468 0.02722049689440994
0 0.45211180124223604 0.5269798136645962 0.056097308488612836 0.03368012422360249
0 0.33711697722567285 0.7733967391304348 0.05473084886128364 0.04071428571428571
0 0.5565165631469979 0.2091032608695652 0.06170807453416149 0.03612965838509317
0 0.21789337474120085 0.496013198757764 0.08722049689440993 0.025718167701863356
0 0.4577536231884058 0.6034704968944099 0.07584886128364389 0.024728260869565217
0 0.454223602484472 0.7366071428571429 0.0687991718426501 0.040163043478260864
0 0.38085921325051764 0.7305201863354037 0.04906832298136646 0.03751164596273292
0 0.6358850931677018 0.8215295031055901 0.06379399585921325 0.054421583850931675
0 0.787360248447205 0.7216032608695652 0.05050207039337474 0.03545419254658385
0 0.8156262939958592 0.48195652173913045 0.05953933747412008 0.039545807453416154
0 0.17913561076604553 0.5445186335403727 0.04845755693581781 0.029829192546583852
0 0.20570393374741203 0.6921273291925466 0.06087991718426501 0.04519021739130435
0 0.2969927536231884 0.3807958074534161 0.0568944099378882 0.028031832298136643
0 0.3690631469979296 0.43084627329192543 0.06195652173913044 0.026366459627329194