0 0.6658496732026143 0.6754807692307693 0.22058823529411764 0.10576923076923077
0 0.494281045751634 0.6394230769230769 0.25326797385620914 0.08653846153846154
0 0.3860457516339869 0.7247692307692307 0.18382352941176472 0.18509615384615385
0 0.6985294117647058 0.35938461538461536 0.13071895424836602 0.04567307692307692
0 0.6985294117647058 0.43871153846153843 0.09803921568627451 0.07451923076923077
0 0.8578431372549019 0.8028846153846154 0.17973856209150327 0.10096153846153846
0 0.8149673202614379 0.7007307692307693 0.20833333333333334 0.07451923076923077
0 0.4616013071895425 0.9339038461538461 0.21241830065359477 0.12259615384615384
0 0.6352287581699346 0.5360576923076923 0.27369281045751637 0.15384615384615385
0 0.8313071895424836 0.3798076923076923 0.09395424836601307 0.08653846153846154
0 0.9109477124183006 0.3004807692307692 0.1388888888888889 0.04807692307692308