0 0.5897683397683398 0.10824742268041238 0.1640926640926641 0.12371134020618557
0 0.3735521235521235 0.5180412371134021 0.13706563706563707 0.18041237113402062
0 0.3783783783783784 0.22422680412371135 0.09652509652509653 0.12886597938144329
0 0.5038610038610039 0.5927835051546392 0.09652509652509653 0.10824742268041238
0 0.7036679536679536 0.9072164948453608 0.09845559845559845 0.17010309278350516
0 0.5936293436293436 0.23324742268041238 0.13706563706563707 0.13144329896907217
0 0.23745173745173745 0.23067010309278352 0.08494208494208494 0.10051546391752578
0 0.22683397683397682 0.4097938144329897 0.12934362934362933 0.21649484536082475
0 0.3967181467181467 0.8350515463917526 0.1138996138996139 0.13402061855670103
0 0.3465250965250965 0.6481958762886598 0.10617760617760617 0.11597938144329897
0 0.5376447876447876 0.37242268041237114 0.12162162162162163 0.25
0 0.4768339768339768 0.2190721649484536 0.14671814671814673 0.3402061855670103
0 0.831081081081081 0.47680412371134023 0.10617760617760617 0.15463917525773196
0 0.7326254826254827 0.4484536082474227 0.08301158301158301 0.13402061855670103
0 0.6245173745173745 0.5038659793814433 0.0945945945945946 0.06958762886597938
0 0.8291505791505791 0.9291237113402062 0.12548262548262548 0.14175257731958762
0 0.5588803088803089 0.7190721649484536 0.12548262548262548 0.13917525773195877
0 0.943050193050193 0.5128865979381443 0.04054054054054054 0.14432989690721648