0 0.515 0.03694267515923567 0.08 0.07388535031847134
0 0.44 0.1643312101910828 0.06666666666666667 0.06878980891719745
0 0.5266666666666667 0.20382165605095542 0.056666666666666664 0.07643312101910828
0 0.5291666666666667 0.33121019108280253 0.09166666666666666 0.15796178343949044
0 0.37916666666666665 0.37834394904458596 0.115 0.14522292993630573
0 0.26666666666666666 0.5019108280254777 0.06666666666666667 0.1070063694267516
0 0.26833333333333337 0.37834394904458596 0.07 0.0535031847133758
0 0.3433333333333334 0.2700636942675159 0.043333333333333335 0.05605095541401274
0 0.42250000000000004 0.25477707006369427 0.055 0.08152866242038218
0 0.4608333333333333 0.5834394904458599 0.125 0.050955414012738856
0 0.5083333333333333 0.47770700636942676 0.08 0.10445859872611464
0 0.6666666666666666 0.38726114649681526 0.03666666666666667 0.07133757961783439