0 0.37087499999999995 0.5593501048218029 0.08963888888888889 0.15232704402515723
0 0.21615277777777778 0.7136268343815513 0.042083333333333334 0.15540880503144652
0 0.17515277777777777 0.5728301886792453 0.10294444444444445 0.14932914046121595
0 0.26243055555555556 0.5528511530398322 0.07116666666666667 0.19327044025157233
0 0.29681944444444447 0.7570649895178198 0.07644444444444444 0.10450733752620546
0 0.20159722222222223 0.8938784067085954 0.09234722222222222 0.17450733752620545
0 0.3844444444444445 0.8469392033542977 0.06518055555555556 0.12853249475890985
0 0.30012500000000003 0.9362683438155137 0.08305555555555555 0.12748427672955975
0 0.6330694444444445 0.3406498951781971 0.08625000000000001 0.1342138364779874
0 0.4069166666666667 0.42253668763102725 0.14980555555555555 0.17819706498951782
0 0.18109722222222221 0.38857442348008386 0.10690277777777778 0.17018867924528303