0 0.46609722222222216 0.23109913793103448 0.08168055555555556 0.08452586206896552
0 0.31301388888888887 0.5637284482758621 0.089 0.14633620689655175
0 0.2915277777777778 0.3435129310344827 0.07380555555555555 0.11846982758620689
0 0.6585277777777777 0.26601293103448276 0.06177777777777777 0.11739224137931034
0 0.36856944444444445 0.38715517241379305 0.06518055555555556 0.13799568965517242
0 0.45287499999999997 0.36866379310344827 0.05523611111111112 0.051767241379310346
0 0.43766666666666665 0.45592672413793106 0.048624999999999995 0.06618534482758621
0 0.5242916666666667 0.3240086206896552 0.07108333333333333 0.09176724137931035
0 0.47602777777777777 0.7669827586206897 0.06183333333333334 0.10950431034482759
0 0.5540555555555555 0.7402801724137931 0.043291666666666666 0.08073275862068965
0 0.5014861111111111 0.4785129310344828 0.04529166666666667 0.06209051724137931
0 0.24525000000000002 0.15769396551724138 0.03679166666666667 0.04239224137931035
0 0.24391666666666667 0.7423491379310344 0.050013888888888886 0.08484913793103448
0 0.35336111111111107 0.7125646551724137 0.06651388888888889 0.09920258620689655
0 0.1295277777777778 0.2916594827586207 0.051375000000000004 0.07019396551724139
0 0.5682638888888889 0.21775862068965518 0.06775 0.08245689655172414
0 0.5434722222222222 0.8378017241379311 0.04594444444444444 0.0540948275862069
0 0.3345138888888889 0.9669612068965517 0.05659722222222222 0.06609913793103449
0 0.38147222222222227 0.1828448275862069 0.03938888888888889 0.07422413793103448
0 0.6294444444444445 0.40971982758620695 0.043263888888888886 0.04767241379310345
0 0.6251388888888889 0.9476508620689654 0.09418055555555556 0.07676724137931033
0 0.6026527777777778 0.5339439655172413 0.025416666666666667 0.06213362068965517
0 0.40097222222222223 0.5370258620689655 0.07443055555555556 0.10525862068965518
0 0.4198194444444444 0.7166810344827587 0.04466666666666666 0.0827801724137931
0 0.3497222222222222 0.8645043103448276 0.03940277777777778 0.058232758620689655