15 0.19597883597883597 0.11482300884955753 0.08994708994708994 0.18462389380530975
15 0.31582010582010583 0.2311504424778761 0.11477954144620811 0.24028761061946902
15 0.1465432098765432 0.3736283185840708 0.2155379188712522 0.1632079646017699
15 0.09350970017636685 0.6771902654867256 0.11587301587301588 0.22329646017699117
15 0.2262962962962963 0.5746017699115045 0.11211640211640211 0.1065929203539823
15 0.2403174603174603 0.8597345132743364 0.25239858906525575 0.14991150442477877
15 0.704726631393298 0.7182743362831859 0.28012345679012346 0.44623893805309733
15 0.9075308641975309 0.8739823008849558 0.08289241622574955 0.1381637168141593
15 0.9166137566137567 0.5585176991150442 0.1074779541446208 0.13878318584070795
15 0.6654497354497354 0.2363495575221239 0.35869488536155203 0.4276991150442478
15 0.9148853615520283 0.2891371681415929 0.11363315696649032 0.19134955752212388