8 0.40970769230769233 0.365712 0.11481538461538461 0.326608
8 0.5085538461538461 0.478496 0.04326153846153846 0.056208
8 0.4891384615384615 0.23307199999999997 0.023646153846153845 0.057328
8 0.5739384615384615 0.402704 0.11247692307692307 0.220608
8 0.6998769230769231 0.450912 0.13746153846153844 0.21702399999999997
8 0.6941076923076923 0.30288000000000004 0.2259076923076923 0.09696
8 0.17107692307692307 0.291072 0.07216923076923076 0.069344
8 0.31569230769230766 0.501504 0.05367692307692308 0.058208
8 0.26107692307692304 0.644928 0.06753846153846153 0.08505599999999999
8 0.5218153846153847 0.843952 0.11210769230769231 0.08712
8 0.7041076923076923 0.621328 0.10746153846153846 0.06184
8 0.5139384615384616 0.067648 0.2078615384615385 0.135296