3 0.5427173913043478 0.3113285024154589 0.07095108695652173 0.12881642512077293
3 0.32005434782608694 0.8615217391304348 0.11171195652173913 0.14492753623188406
3 0.2709782608695652 0.11673913043478261 0.07699728260869565 0.09929951690821257
3 0.6280163043478261 0.43342995169082127 0.06038043478260869 0.17444444444444443
3 0.5049864130434782 0.8064975845410628 0.06793478260869565 0.17444444444444443
3 0.6763315217391304 0.2388647342995169 0.09661684782608695 0.18787439613526571
3 0.1351086956521739 0.2724154589371981 0.04377717391304348 0.20666666666666667
3 0.5132880434782608 0.09526570048309178 0.06341032608695653 0.11541062801932367
3 0.4370516304347826 0.7957487922705314 0.04982336956521739 0.20666666666666667
3 0.5872554347826088 0.6776811594202898 0.06642663043478261 0.15835748792270532
3 0.6884103260869565 0.5877536231884058 0.051331521739130435 0.11272946859903382