3 0.10810344827586207 0.5223217550274223 0.10126436781609195 0.0783546617915905
3 0.2599808429118774 0.8422486288848263 0.09852490421455938 0.060073126142595974
3 0.43651340996168586 0.5549725776965265 0.08484674329501915 0.07051188299817185
3 0.2572605363984674 0.16844606946983548 0.09304597701149425 0.12274223034734918
3 0.40503831417624525 0.15409506398537479 0.060210727969348656 0.08356489945155393
3 0.25314176245210723 0.6920840950639854 0.1231609195402299 0.03656307129798903
3 0.3653448275862069 0.5053564899451554 0.046532567049808425 0.06528336380255942
3 0.25588122605363983 0.5171115173674589 0.07936781609195402 0.0626873857404022
3 0.09988505747126437 0.6215722120658135 0.06840996168582375 0.05223034734917733
3 0.11768199233716475 0.7808775137111517 0.04379310344827586 0.0783546617915905
3 0.3749233716475096 0.7926325411334552 0.04379310344827586 0.054844606946983544
3 0.13136015325670497 0.46226691042047535 0.060210727969348656 0.0470018281535649