3 0.7247875816993464 0.37133574007220216 0.05602941176470588 0.2784837545126354
3 0.3197875816993464 0.2810830324909747 0.11905228758169935 0.31974729241877253
3 0.5263725490196078 0.4087003610108303 0.13305555555555557 0.39967509025270753
3 0.5129575163398693 0.8006859205776173 0.16455882352941176 0.23465703971119134
3 0.8175816993464052 0.3597111913357401 0.1155392156862745 0.22433212996389892
3 0.7090359477124183 0.7516606498194947 0.05718954248366013 0.12119133574007221
3 0.6588398692810458 0.177942238267148 0.10854575163398694 0.24238267148014442
3 0.47560457516339866 0.20501805054151626 0.15990196078431373 0.25527075812274364
3 0.3618137254901961 0.6446570397111913 0.11671568627450982 0.1959927797833935
3 0.3367156862745098 0.6485198555956678 0.16923202614379085 0.15729241877256317
3 0.369983660130719 0.6356317689530686 0.22642156862745097 0.28624548736462097