3 0.5260816326530613 0.4782988165680473 0.1814013605442177 0.22189349112426035
3 0.7188163265306123 0.34393491124260356 0.17234013605442178 0.21449704142011836
3 0.2845850340136054 0.3143491124260355 0.1111156462585034 0.3772189349112426
3 0.36507482993197277 0.7174556213017751 0.004530612244897959 0.014792899408284023
3 0.7199591836734693 0.09985207100591716 0.002272108843537415 0.0024704142011834317
3 0.7539727891156462 0.1343639053254438 0.17006802721088435 0.1306656804733728
3 0.5238095238095238 0.20340236686390534 0.1360544217687075 0.20463017751479293
3 0.46145578231292517 0.7421153846153846 0.19727891156462585 0.18244082840236686
3 0.8526122448979592 0.32791420118343195 0.07710204081632653 0.271198224852071
3 0.44785034013605446 0.7038905325443787 0.4421768707482993 0.3624260355029586
3 0.549891156462585 0.9524112426035504 0.2653061224489796 0.09516272189349112