3 0.2891156462585034 0.8084311632870864 0.1564625850340136 0.256136606189968
3 0.08843537414965986 0.384204909284952 0.061224489795918366 0.240128068303095
3 0.42517006802721086 0.3188367129135539 0.10884353741496598 0.1840981856990395
3 0.26360544217687076 0.5256136606189968 0.15306122448979592 0.10138740661686232
3 0.6394557823129252 0.7030416221985059 0.1292517006802721 0.11472785485592316
3 0.7482993197278912 0.933564567769477 0.19727891156462585 0.1328708644610459
3 0.9081632653061225 0.6990394877267876 0.1360544217687075 0.11205976520811099
3 0.7704081632653061 0.41088580576307365 0.1870748299319728 0.17609391675560299
3 0.8520408163265306 0.35218783351120597 0.22108843537414966 0.19743863393810032
3 0.15476190476190477 0.7897545357524013 0.13945578231292516 0.17075773745997866
3 0.5901360544217688 0.8284418356456777 0.08503401360544217 0.16275346851654215