3 0.6012681159420289 0.14961748633879782 0.08108695652173913 0.09628415300546449
3 0.7496376811594203 0.3304918032786885 0.07764492753623188 0.13530054644808745
3 0.7556884057971014 0.3565027322404371 0.02068840579710145 0.09366120218579235
3 0.8272826086956522 0.3044262295081967 0.0880072463768116 0.3695081967213115
3 0.8497101449275363 0.43065573770491805 0.13974637681159421 0.10147540983606558
3 0.846268115942029 0.47098360655737703 0.05692028985507247 0.2914207650273224
3 0.7927898550724638 0.7246994535519126 0.060398550724637685 0.14830601092896176
3 0.4106159420289855 0.5945901639344262 0.15873188405797103 0.13792349726775954
3 0.7134057971014492 0.14180327868852458 0.07420289855072464 0.14830601092896176
3 0.4908695652173913 0.10540983606557376 0.05692028985507247 0.18994535519125683
3 0.6530434782608696 0.8027322404371585 0.09144927536231884 0.17431693989071037
3 0.3761231884057971 0.09234972677595628 0.07934782608695652 0.17956284153005464