3 0.443525390625 0.3440702781844802 0.1220703125 0.24890190336749635
3 0.448408203125 0.6979062957540264 0.1318359375 0.22938506588579793
3 0.625 0.3086822840409956 0.17578125 0.24645680819912155
3 0.294599609375 0.4563250366032211 0.113935546875 0.2147437774524158
3 0.333662109375 0.12566617862371887 0.084638671875 0.16349926793557834
3 0.240068359375 0.7796486090775988 0.128583984375 0.21717423133235728
3 0.847978515625 0.47339677891654464 0.068359375 0.21961932650073207
3 0.63720703125 0.9224011713030746 0.109052734375 0.14153733528550513
3 0.418291015625 0.9209370424597365 0.100908203125 0.1581259150805271
3 0.263671875 0.8577306002928258 0.081376953125 0.1683748169838946
3 0.0634765625 0.7894143484626647 0.09765625 0.15373352855051245
3 0.668134765625 0.551493411420205 0.167646484375 0.1366471449487555
3 0.63232421875 0.12932650073206442 0.177412109375 0.14641288433382138
3 0.225419921875 0.16471449487554904 0.109052734375 0.236705710102489