3 0.46205882352941174 0.36492647058823524 0.2777777777777778 0.1525
3 0.6227287581699347 0.744828431372549 0.17065359477124184 0.11166666666666668
3 0.7162254901960784 0.7175980392156862 0.12890522875816993 0.05174019607843137
3 0.8605718954248366 0.2900245098039216 0.21060457516339867 0.08441176470588235
3 0.5274183006535947 0.0857843137254902 0.17248366013071895 0.1715686274509804
3 0.44480392156862747 0.6454166666666666 0.1561437908496732 0.2505392156862745
3 0.3068300653594771 0 0.003627450980392157 0
3 0.28594771241830064 0 0.005441176470588236 0
3 0.14887254901960784 0.2982107843137255 0.007254901960784314 0.002720588235294118
3 0.17248366013071895 0.25735294117647056 0.010898692810457517 0.029950980392156865
3 0.28776143790849673 0 0.0018137254901960786 0