3 0.1503267973856209 0.3719676549865229 0.16013071895424835 0.21024258760107817
3 0.4338235294117647 0.4797843665768194 0.2369281045751634 0.3504043126684636
3 0.7303921568627451 0.5336927223719676 0.2581699346405229 0.30727762803234504
3 0.9191176470588235 0.5296495956873315 0.16176470588235295 0.2183288409703504
3 0.8178104575163399 0.24258760107816713 0.15522875816993464 0.14016172506738545
3 0.136437908496732 0.7277628032345014 0.23366013071895425 0.15633423180592992
3 0.37663398692810457 0.8652291105121294 0.12581699346405228 0.18867924528301888
3 0.5424836601307189 0.944743935309973 0.10784313725490197 0.1105121293800539
3 0.3700980392156863 0.12398921832884097 0.11601307189542484 0.1940700808625337
3 0.6535947712418301 0.29649595687331537 0.21895424836601307 0.1347708894878706
3 0.7867647058823529 0.7911051212938005 0.11274509803921569 0.13746630727762804