3 0.1875 0.08024691358024691 0.1527777777777778 0.08148148148148149
3 0.18333333333333332 0.3345679012345679 0.18888888888888888 0.07654320987654321
3 0.4166666666666667 0.5506172839506173 0.1388888888888889 0.12345679012345678
3 0.6638888888888889 0.6370370370370371 0.17222222222222222 0.1382716049382716
3 0.8972222222222223 0.6432098765432098 0.1388888888888889 0.07654320987654321
3 0.6013888888888889 0.1469135802469136 0.19166666666666668 0.037037037037037035
3 0.7166666666666667 0.21604938271604937 0.08333333333333333 0.0024691358024691358
3 0.8875 0.14814814814814814 0.04722222222222222 0.019753086419753086
3 0.45416666666666666 0.05185185185185185 0.11944444444444445 0.06419753086419754
3 0.15694444444444444 0.22839506172839505 0.15833333333333333 0.05185185185185185
3 0.26805555555555555 0.5111111111111111 0.09722222222222222 0.08888888888888889
3 0.14166666666666666 0.4888888888888889 0.09444444444444444 0.07407407407407407
3 0.3763888888888889 0.6864197530864198 0.11944444444444445 0.07407407407407407
3 0.5652777777777778 0.7296296296296296 0.125 0.10617283950617284
3 0.65 0.7864197530864198 0.044444444444444446 0.007407407407407408
3 0.7194444444444444 0.7666666666666667 0.06666666666666667 0.027160493827160494
3 0.3875 0.24567901234567902 0.075 0.007407407407407408
3 0.35694444444444445 0.11604938271604938 0.08055555555555556 0.009876543209876543
3 0.3416666666666667 0.05308641975308642 0.06111111111111111 0.03209876543209877
3 0.05555555555555555 0.10617283950617284 0.08333333333333333 0.1037037037037037
3 0.07777777777777778 0.24320987654320989 0.022222222222222223 0.17037037037037037
3 0.018055555555555554 0.23950617283950618 0.013888888888888888 0.16790123456790124
3 0.8527777777777777 0.07777777777777778 0.18888888888888888 0.0962962962962963
3 0.9208333333333333 0.2518518518518518 0.058333333333333334 0.08395061728395062
3 0.35555555555555557 0.19382716049382717 0.1388888888888889 0.056790123456790124
3 0.9583333333333334 0.508641975308642 0.06666666666666667 0.0049382716049382715