3 0.5021818181818182 0.3252459016393443 0.12119999999999999 0.18213114754098358
3 0.7316 0.703879781420765 0.09523636363636365 0.13792349726775954
3 0.2346181818181818 0.2758469945355191 0.04676363636363636 0.13010928961748633
3 0.7679636363636364 0.17431693989071037 0.09178181818181817 0.062459016393442625
3 0.36363636363636365 0.6960655737704918 0.06581818181818182 0.13273224043715848
3 0.9255272727272728 0.6778688524590164 0.10909090909090909 0.08065573770491803
3 0.5852727272727273 0.815792349726776 0.10043636363636364 0.2003825136612022
3 0.6813818181818182 0.3721311475409836 0.09523636363636365 0.13010928961748633
3 0.8554181818181819 0.38120218579234977 0.06232727272727273 0.15355191256830603
3 0.5895999999999999 0.08715846994535519 0.09869090909090909 0.10666666666666666
3 0.896109090909091 0.11191256830601093 0.07792727272727272 0.10409836065573772