3 0.1992798913043478 0.41515398550724636 0.09058423913043478 0.14191123188405796
3 0.29891304347826086 0.5948097826086957 0.16304347826086957 0.030190217391304345
3 0.6114130434782609 0.6476449275362319 0.1268070652173913 0.11171195652173913
3 0.7789809782608696 0.37892210144927535 0.11775815217391304 0.09963768115942029
3 0.3849592391304348 0.17058876811594204 0.18115489130434784 0.021132246376811593
3 0.49819293478260873 0.06944746376811595 0.11775815217391304 0.030190217391304345
3 0.18115489130434784 0.23249094202898551 0.15398097826086957 0.04830615942028985
3 0.8990081521739129 0.2717391304347826 0.10417119565217392 0.07246376811594203
3 0.16304347826086957 0.35778985507246375 0.19021739130434784 0.12982789855072466
3 0.3827038043478261 0.3653351449275362 0.1675679347826087 0.06642210144927536
3 0.6748233695652174 0.24305253623188405 0.07245923913043478 0.04528985507246377
3 0.49139945652173916 0.650661231884058 0.09510869565217392 0.08152173913043478