3 0.4956896551724138 0.5 0.11974137931034483 0.06324137931034483
3 0.30770114942528737 0.1853103448275862 0.09100574712643679 0.11206896551724138
3 0.3609770114942529 0.010068965517241379 0.13051724137931034 0.020137931034482758
3 0.6764942528735631 0.09482758620689655 0.10295977011494252 0.15517241379310345
3 0.7656896551724137 0.149448275862069 0.08741379310344828 0.16089655172413792
3 0.7016379310344827 0.4684137931034483 0.06945402298850575 0.15517241379310345
3 0.5064655172413793 0.7384827586206897 0.06465517241379311 0.1666896551724138
3 0.31669540229885057 0.47268965517241385 0.06586206896551725 0.14655172413793102
3 0.28376436781609193 0.2902068965517241 0.07183908045977011 0.15517241379310345
3 0.25801724137931037 0.1580689655172414 0.10416666666666667 0.149448275862069
3 0.51066091954023 0.07758620689655173 0.08499999999999999 0.10344827586206896
3 0.46456896551724136 0.6422758620689655 0.062270114942528744 0.12358620689655174
3 0.6764942528735631 0.6997241379310344 0.038304597701149426 0.1580689655172414
3 0.7010344827586207 0.24427586206896554 0.06586206896551725 0.1724137931034483
3 0.5842816091954023 0.6824827586206896 0.052672413793103445 0.19827586206896552
3 0.6543390804597702 0.43675862068965515 0.029942528735632183 0.149448275862069
3 0.7656896551724137 0.3778620689655172 0.051494252873563226 0.08910344827586207
3 0.25982758620689655 0.4784137931034483 0.045488505747126436 0.14655172413793102
3 0.30770114942528737 0.6135172413793103 0.04790229885057472 0.12358620689655174
3 0.39511494252873564 0.43103448275862066 0.05508620689655173 0.13220689655172416
3 0.3645977011494253 0.10344827586206896 0.04669540229885057 0.11496551724137932
3 0.6297988505747126 0.08765517241379311 0.05747126436781609 0.14082758620689656
3 0.4298275862068966 0.6580689655172414 0.06945402298850575 0.25862068965517243
3 0.610632183908046 0.5416551724137931 0.06704022988505746 0.054620689655172416
3 0.3424425287356322 0.7026206896551724 0.07663793103448277 0.020137931034482758
3 0.6357758620689655 0.6896551724137931 0.01675287356321839 0.149448275862069
3 0.1017816091954023 0.011517241379310345 0.02635057471264368 0.011517241379310345
3 0.22928160919540233 0.4281379310344827 0.11373563218390804 0.31606896551724134
3 0.45436781609195404 0.8664137931034482 0.058678160919540236 0.07758620689655173
3 0.5064655172413793 0.8864827586206896 0.04310344827586207 0.03737931034482759