3 0.39215686274509803 0.315906862745098 0.2505392156862745 0.2342156862745098
3 0.6054901960784314 0.32406862745098036 0.14705882352941177 0.18519607843137256
3 0.8569281045751634 0.29549019607843136 0.15977124183006536 0.04085784313725491
3 0.574624183006536 0.6740196078431373 0.21604575163398693 0.28049019607843134
3 0.348578431372549 0.7638970588235294 0.3195424836601307 0.22602941176470587
3 0.7906699346405228 0.825171568627451 0.22331699346405226 0.2886764705882353
3 0.8051960784313725 0.4970098039215686 0.15068627450980393 0.35129901960784315
3 0.6136601307189542 0.1742892156862745 0.2505392156862745 0.2505392156862745
3 0.8587581699346404 0.1525 0.20697712418300654 0.25598039215686275
3 0.36673202614379086 0.08987745098039217 0.24691176470588239 0.17973039215686273
3 0.2541830065359477 0.4793137254901961 0.20333333333333334 0.3703676470588236