3 0.187177734375 0.3067008797653959 0.2734375 0.30058651026392963
3 0.6103515625 0.49486803519061584 0.345048828125 0.46187683284457476
3 0.877275390625 0.4264369501466275 0.074873046875 0.43743401759530787
3 0.2587890625 0.7453519061583578 0.159501953125 0.25414956011730205
3 0.188798828125 0.8101173020527859 0.335283203125 0.3152492668621701
3 0.603837890625 0.904442815249267 0.319013671875 0.19109970674486806
3 0.66650390625 0.1282991202346041 0.216474609375 0.2565982404692082
3 0.423994140625 0.1148533724340176 0.187177734375 0.22972140762463342
3 0.928544921875 0.21872434017595305 0.118818359375 0.27126099706744866
3 0.88134765625 0.8592375366568915 0.0634765625 0.28152492668621704
3 0.15869140625 0.1380791788856305 0.109052734375 0.19794721407624633