11 0.921875 0.38822115384615385 0.021634615384615384 0.03125
11 0.5408653846153846 0.43149038461538464 0.019230769230769232 0.021634615384615384
9 0.8689903846153846 0.47716346153846156 0.04567307692307692 0.05048076923076923
11 0.9399038461538461 0.5144230769230769 0.028846153846153848 0.028846153846153848
11 0.8858173076923077 0.5168269230769231 0.021634615384615384 0.028846153846153848
9 0.7439903846153846 0.5192307692307693 0.03125 0.03365384615384615
11 0.84375 0.5252403846153846 0.019230769230769232 0.026442307692307692
11 0.8064903846153846 0.5540865384615384 0.03125 0.026442307692307692
11 0.8521634615384616 0.5540865384615384 0.026442307692307692 0.021634615384615384
11 0.7860576923076923 0.6033653846153846 0.028846153846153848 0.02403846153846154
11 0.7704326923076923 0.6298076923076923 0.03125 0.02403846153846154
11 0.7584134615384616 0.6478365384615384 0.026442307692307692 0.021634615384615384
11 0.7980769230769231 0.6742788461538461 0.028846153846153848 0.026442307692307692
11 0.8185096153846154 0.6959134615384616 0.026442307692307692 0.021634615384615384
11 0.4831730769230769 0.7019230769230769 0.028846153846153848 0.03365384615384615
11 0.7800480769230769 0.7439903846153846 0.03125 0.03125
11 0.8185096153846154 0.7788461538461539 0.03125 0.02403846153846154
11 0.7776442307692307 0.7872596153846154 0.026442307692307692 0.026442307692307692
11 0.7091346153846154 0.7932692307692307 0.028846153846153848 0.019230769230769232
11 0.8028846153846154 0.8076923076923077 0.02403846153846154 0.02403846153846154
11 0.7403846153846154 0.8125 0.02403846153846154 0.02403846153846154
11 0.6610576923076923 0.8725961538461539 0.02403846153846154 0.028846153846153848
11 0.7211298076923077 0.9099038461538461 0.026442307692307692 0.03125