6 0.7630451127819549 0.2800480769230769 0.19030075187969925 0.06490384615384616
6 0.38432330827067673 0.3161057692307692 0.09703007518796992 0.06971153846153846
11 0.4906766917293233 0.3641826923076923 0.08582706766917293 0.04567307692307692
6 0.8376691729323308 0.3918269230769231 0.1380451127819549 0.08653846153846154
9 0.4589473684210526 0.42427884615384615 0.08954887218045113 0.07932692307692307
6 0.3712781954887218 0.4338942307692308 0.09327067669172932 0.07451923076923077
6 0.6268796992481203 0.44711538461538464 0.13432330827067668 0.0625
9 0.5242481203007519 0.46634615384615385 0.10075187969924812 0.052884615384615384
9 0.31902255639097743 0.4807692307692308 0.07090225563909774 0.04326923076923077
9 0.6081954887218045 0.5024038461538461 0.05969924812030075 0.04326923076923077
9 0.6828195488721804 0.5024038461538461 0.09703007518796992 0.052884615384615384
6 0.6418045112781955 0.5625 0.10447368421052632 0.057692307692307696
9 0.539172932330827 0.5793269230769231 0.10819548872180451 0.057692307692307696
9 0.3227443609022556 0.5901442307692307 0.07834586466165414 0.06490384615384616
9 0.5839473684210527 0.6346153846153846 0.09327067669172932 0.057692307692307696
16 0.4664285714285714 0.6564423076923076 0.13432330827067668 0.053293269230769234
11 0.8742481203007519 0.7475961538461539 0.07270676691729323 0.03685096153846154
9 0.6604511278195488 0.7596153846153846 0.08210526315789474 0.0673076923076923
6 0.7798496240601503 0.8185096153846154 0.09703007518796992 0.07451923076923077
11 0.4925187969924812 0.08413461538461539 0.07462406015037594 0.03365384615384615
6 0.664172932330827 0.8701923076923077 0.15672932330827066 0.07211538461538461
11 0.45150375939849624 0.15264423076923078 0.08210526315789474 0.055288461538461536
11 0.36195488721804514 0.16466346153846154 0.06718045112781955 0.036057692307692304
11 0.6809774436090225 0.20192307692307693 0.07090225563909774 0.052884615384615384
11 0.7862406015037593 0.2173076923076923 0.07462406015037594 0.040865384615384616
11 0.4197744360902256 0.22596153846153846 0.06342105263157895 0.03365384615384615