1 0.31971153846153844 0.34134615384615385 0.04326923076923077 0.0673076923076923
1 0.25961538461538464 0.34615384615384615 0.04326923076923077 0.057692307692307696
16 0.4014423076923077 0.3541666666666667 0.019230769230769232 0.022435897435897436
1 0.5552884615384616 0.4791666666666667 0.052884615384615384 0.060897435897435896
6 0.6418269230769231 0.5112179487179487 0.10576923076923077 0.125
1 0.34615384615384615 0.5256410256410257 0.052884615384615384 0.05128205128205128
1 0.47596153846153844 0.5833333333333334 0.0625 0.04487179487179487
16 0.4723557692307692 0.6185897435897436 0.026442307692307692 0.02564102564102564
16 0.34975961538461536 0.655448717948718 0.03125 0.035256410256410256
9 0.31971153846153844 0.6591987179487179 0.028846153846153848 0.038461538461538464
16 0.38461538461538464 0.6987179487179487 0.019230769230769232 0.02564102564102564
16 0.29086538461538464 0.7035256410256411 0.04326923076923077 0.04807692307692308
16 0.31850961538461536 0.7051282051282052 0.016826923076923076 0.02564102564102564
16 0.5372596153846154 0.7147435897435898 0.026442307692307692 0.04487179487179487
16 0.6538461538461539 0.7147435897435898 0.03365384615384615 0.03205128205128205
16 0.3425480769230769 0.7227564102564102 0.03125 0.028846153846153848
16 0.49278846153846156 0.782051282051282 0.019230769230769232 0.02564102564102564
16 0.47757211538461536 0.7986217948717949 0.014423076923076924 0.022435897435897436
9 0.46875 0.16987179487179488 0.07211538461538461 0.08974358974358974
1 0.5084134615384616 0.22916666666666666 0.036057692307692304 0.041666666666666664