11 0.5811497326203209 0.24338942307692307 0.037245989304812835 0.040865384615384616
9 0.28652406417112297 0.24478365384615383 0.050534759358288765 0.03365384615384615
9 0.3691711229946524 0.2901682692307692 0.05144385026737967 0.033701923076923074
6 0.8869786096256685 0.5299759615384615 0.04021390374331551 0.03507211538461538
14 0.409572192513369 0.5961538461538461 0.04254010695187166 0.04326923076923077
9 0.8701604278074866 0.6458173076923077 0.030962566844919787 0.040817307692307694
2 0.5431550802139037 0.6656249999999999 0.039411764705882354 0.03201923076923077
11 0.6524064171122995 0.6823557692307692 0.030187165775401068 0.030192307692307692
14 0.7593048128342247 0.7355769230769231 0.03989304812834225 0.038461538461538464
1 0.6968181818181819 0.75 0.04254010695187166 0.04807692307692308
9 0.7725935828877005 0.7788461538461539 0.03989304812834225 0.038461538461538464
1 0.2792513368983957 0.19591346153846154 0.02660427807486631 0.036057692307692304