6 0.6617647058823529 0.6610576923076923 0.034759358288770054 0.02403846153846154
6 0.7072192513368984 0.6899038461538461 0.05080213903743316 0.038461538461538464
14 0.6377005347593583 0.6923076923076923 0.034759358288770054 0.028846153846153848
14 0.6149732620320856 0.7175480769230769 0.0374331550802139 0.03125
6 0.7299465240641712 0.7175480769230769 0.0427807486631016 0.03125
14 0.6617647058823529 0.7415865384615384 0.05080213903743316 0.036057692307692304
6 0.7393048128342246 0.75 0.040106951871657755 0.02403846153846154
6 0.6951871657754011 0.7572115384615384 0.026737967914438502 0.028846153846153848
14 0.6216577540106952 0.7776442307692307 0.034759358288770054 0.03125
14 0.6911764705882353 0.8028846153846154 0.029411764705882353 0.02403846153846154
14 0.6644385026737968 0.8269230769230769 0.05080213903743316 0.052884615384615384