6 0.33909090909090905 0.6610576923076923 0.03457219251336898 0.02403846153846154
6 0.2938770053475936 0.6899038461538461 0.050534759358288765 0.038461538461538464
14 0.36302139037433157 0.6923076923076923 0.03457219251336898 0.028846153846153848
14 0.2686096256684492 0.7175480769230769 0.04254010695187166 0.03125
14 0.38296791443850264 0.7175480769230769 0.037245989304812835 0.03125
14 0.33909090909090905 0.7415865384615384 0.050534759358288765 0.036057692307692304
14 0.26197860962566843 0.75 0.03989304812834225 0.02403846153846154
1 0.30318181818181816 0.7572115384615384 0.02660427807486631 0.028846153846153848
14 0.3789839572192514 0.7776442307692307 0.03457219251336898 0.03125
14 0.30983957219251335 0.8028846153846154 0.02925133689839572 0.02403846153846154
14 0.33754010695187164 0.8138942307692307 0.04385026737967914 0.03485576923076923