14 0.48663101604278075 0.27403846153846156 0.058823529411764705 0.04567307692307692
11 0.2768716577540107 0.39252403846153844 0.04029411764705883 0.032427884615384615
9 0.2132085561497326 0.49531250000000004 0.04898395721925134 0.035
6 0.15641711229946523 0.5348557692307693 0.05080213903743316 0.06009615384615385
11 0.26601604278074864 0.5395432692307692 0.0417379679144385 0.032379807692307694
9 0.32620320855614976 0.5516826923076923 0.058823529411764705 0.036057692307692304
11 0.25879679144385026 0.5688221153846154 0.042192513368983955 0.026177884615384617
9 0.32609625668449194 0.5850961538461539 0.04315508021390375 0.02978365384615385
9 0.4281016042780749 0.6247836538461539 0.04457219251336899 0.02846153846153846
9 0.3181818181818182 0.6826923076923077 0.0481283422459893 0.038461538461538464
16 0.4383957219251337 0.7340144230769231 0.04879679144385027 0.03795673076923077
9 0.6328877005347593 0.8394951923076923 0.04304812834224599 0.025889423076923077