11 0.6141826923076923 0.4675480769230769 0.03125 0.036057692307692304
11 0.33413461538461536 0.4735576923076923 0.04807692307692308 0.04326923076923077
11 0.4362980769230769 0.5612980769230769 0.04567307692307692 0.04567307692307692
1 0.18629807692307693 0.5901442307692307 0.04567307692307692 0.04567307692307692
1 0.06490384615384616 0.6394230769230769 0.038461538461538464 0.04326923076923077
1 0.15144230769230768 0.7211538461538461 0.04326923076923077 0.052884615384615384
1 0.4182692307692308 0.7319711538461539 0.04807692307692308 0.055288461538461536
1 0.3870192307692308 0.9086538461538461 0.04326923076923077 0.04807692307692308
11 0.3173076923076923 0.18629807692307693 0.038461538461538464 0.040865384615384616
11 0.2848557692307692 0.22115384615384615 0.04567307692307692 0.03365384615384615
11 0.33533653846153844 0.23798076923076922 0.040865384615384616 0.038461538461538464