6 0.2286096256684492 0.5204326923076923 0.040106951871657755 0.03125
6 0.29812834224598933 0.5492788461538461 0.040106951871657755 0.03125
6 0.4148930481283422 0.5600961538461539 0.0481283422459893 0.052884615384615384
6 0.5414438502673797 0.5697115384615384 0.034759358288770054 0.03365384615384615
6 0.2446524064171123 0.5697115384615384 0.045454545454545456 0.0625
6 0.2874331550802139 0.5841346153846154 0.045454545454545456 0.03365384615384615
6 0.43192513368983954 0.5944230769230769 0.040106951871657755 0.03125
6 0.3302139037433155 0.5985576923076923 0.05080213903743316 0.04326923076923077
14 0.5548128342245989 0.6418269230769231 0.029411764705882353 0.038461538461538464
14 0.4050802139037433 0.6478365384615384 0.034759358288770054 0.03125
6 0.32620320855614976 0.6526442307692307 0.053475935828877004 0.05048076923076923
6 0.4612299465240642 0.6538461538461539 0.05080213903743316 0.03365384615384615
14 0.5213903743315508 0.6550480769230769 0.03208556149732621 0.03125
6 0.37566844919786097 0.6622596153846154 0.040106951871657755 0.036057692307692304
14 0.5213903743315508 0.6887019230769231 0.0427807486631016 0.03125
6 0.393048128342246 0.7055288461538461 0.03208556149732621 0.03125
14 0.45454545454545453 0.7223557692307693 0.03208556149732621 0.03125
14 0.41310160427807485 0.7355769230769231 0.040106951871657755 0.038461538461538464
14 0.3770053475935829 0.7367788461538461 0.0374331550802139 0.03125
14 0.37032085561497324 0.8016826923076923 0.034759358288770054 0.040865384615384616
14 0.4411764705882353 0.8209134615384616 0.0427807486631016 0.040865384615384616
14 0.37032085561497324 0.8389423076923077 0.034759358288770054 0.02403846153846154
14 0.686711229946524 0.1630769230769231 0.0481283422459893 0.05048076923076923
2 0.32080213903743315 0.3663461538461539 0.023636363636363636 0.022379807692307692
2 0.11922459893048129 0.5792067307692308 0.02377005347593583 0.024302884615384615