14 0.3045187165775401 0.5841346153846154 0.03457219251336898 0.028846153846153848
14 0.4667647058823529 0.6021634615384616 0.06649732620320856 0.05048076923076923
1 0.17173796791443852 0.6199038461538462 0.03989304812834225 0.03125
14 0.3656951871657754 0.6213942307692307 0.045213903743315506 0.03125
14 0.2952139037433155 0.625 0.04254010695187166 0.038461538461538464
14 0.5784491978609626 0.6394230769230769 0.03989304812834225 0.028846153846153848
14 0.2792513368983957 0.6454326923076923 0.03192513368983957 0.021634615384615384
14 0.2539839572192513 0.6514423076923077 0.02925133689839572 0.03365384615384615
14 0.38165775401069524 0.6670673076923077 0.02925133689839572 0.03125
14 0.30195187165775406 0.6699519230769231 0.034144385026737965 0.042451923076923075
14 0.5279144385026738 0.6911057692307693 0.03457219251336898 0.036057692307692304
14 0.3896256684491979 0.7163461538461539 0.045213903743315506 0.028846153846153848
14 0.42553475935828877 0.7271634615384616 0.03192513368983957 0.04567307692307692
14 0.5625133689839572 0.7379807692307693 0.045213903743315506 0.03365384615384615
14 0.31780748663101605 0.7475961538461539 0.045213903743315506 0.04807692307692308
14 0.3577005347593583 0.7536057692307693 0.02925133689839572 0.03125
14 0.38296791443850264 0.7548076923076923 0.04786096256684492 0.028846153846153848
14 0.45344919786096255 0.7680288461538461 0.02925133689839572 0.021634615384615384
14 0.34973262032085567 0.7728365384615384 0.03457219251336898 0.03125
14 0.5225935828877005 0.7728365384615384 0.03989304812834225 0.040865384615384616
14 0.4720855614973262 0.8076923076923077 0.03989304812834225 0.04326923076923077
14 0.5997326203208556 0.8076923076923077 0.03989304812834225 0.04326923076923077
14 0.4335026737967914 0.8125 0.037245989304812835 0.03365384615384615
14 0.49334224598930476 0.8365384615384616 0.03989304812834225 0.038461538461538464
14 0.4561229946524064 0.8449519230769231 0.045213903743315506 0.03125
14 0.4494919786096257 0.9050480769230769 0.02925133689839572 0.036057692307692304
14 0.6409625668449198 0.9831730769230769 0.04786096256684492 0.028846153846153848