1 0.4639423076923077 0.6431159420289855 0.028846153846153848 0.03985507246376811
1 0.49399038461538464 0.7536231884057971 0.03125 0.057971014492753624
9 0.5300480769230769 0.8369565217391305 0.03125 0.043478260869565216
14 0.5540865384615384 0.16666666666666666 0.03125 0.043478260869565216
2 0.6342788461538462 0.26681159420289857 0.01858173076923077 0.026340579710144925
14 0.4616586538461539 0.5978260869565217 0.02076923076923077 0.03293478260869565
14 0.40538461538461534 0.5978260869565217 0.02403846153846154 0.03952898550724638
14 0.4168509615384615 0.6513405797101449 0.027307692307692307 0.044456521739130436
14 0.5266586538461538 0.591231884057971 0.017475961538461537 0.02963768115942029
14 0.5179086538461538 0.5698188405797102 0.015288461538461539 0.023043478260869565
14 0.44526442307692304 0.6999275362318841 0.027307692307692307 0.02963768115942029