14 0.3382352941176471 0.2548076923076923 0.029411764705882353 0.038461538461538464
14 0.8101604278074866 0.3317307692307692 0.0427807486631016 0.057692307692307696
14 0.8221925133689839 0.44350961538461536 0.029411764705882353 0.040865384615384616
14 0.6189839572192514 0.5340625 0.03208556149732621 0.028846153846153848
14 0.38235294117647056 0.5841346153846154 0.0374331550802139 0.052884615384615384
14 0.8302139037433155 0.5865384615384616 0.045454545454545456 0.04807692307692308
14 0.8168449197860963 0.6286057692307693 0.05080213903743316 0.05048076923076923
14 0.5454545454545454 0.6514423076923077 0.0427807486631016 0.04326923076923077
14 0.6737967914438503 0.6754807692307693 0.053475935828877004 0.07211538461538461
14 0.8181818181818182 0.6778846153846154 0.06417112299465241 0.052884615384615384
14 0.7687165775401069 0.6899038461538461 0.045454545454545456 0.057692307692307696
14 0.6256684491978609 0.6947115384615384 0.0374331550802139 0.038461538461538464
14 0.6082887700534759 0.7680288461538461 0.034759358288770054 0.04567307692307692
14 0.3235294117647059 0.11778846153846154 0.0427807486631016 0.04326923076923077
11 0.643048128342246 0.11778846153846154 0.034759358288770054 0.03365384615384615
9 0.4585561497326203 0.125 0.034759358288770054 0.03365384615384615
9 0.40240641711229946 0.13581730769230768 0.034759358288770054 0.026442307692307692
14 0.30080213903743314 0.15625 0.034759358288770054 0.038461538461538464
14 0.42379679144385024 0.16947115384615385 0.034759358288770054 0.036057692307692304
14 0.4732620320855615 0.18629807692307693 0.026737967914438502 0.036057692307692304
14 0.5401069518716578 0.19230769230769232 0.026737967914438502 0.038461538461538464
14 0.4090909090909091 0.2127403846153846 0.0481283422459893 0.036057692307692304
11 0.660427807486631 0.23117788461538463 0.0427807486631016 0.036057692307692304