11 0.7836538461538461 0.32211538461538464 0.03365384615384615 0.03365384615384615
11 0.8052884615384616 0.3389423076923077 0.028846153846153848 0.03365384615384615
11 0.7439903846153846 0.3485576923076923 0.03125 0.028846153846153848
11 0.8016826923076923 0.3737980769230769 0.040865384615384616 0.026442307692307692
11 0.7235576923076923 0.37740384615384615 0.03365384615384615 0.028846153846153848
11 0.765625 0.38221153846153844 0.036057692307692304 0.03365384615384615
11 0.4699519230769231 0.5036057692307693 0.03125 0.036057692307692304
11 0.7872596153846154 0.5757211538461539 0.040865384615384616 0.03125
11 0.6598557692307693 0.5841346153846154 0.05048076923076923 0.04326923076923077
11 0.8209134615384616 0.6045673076923077 0.036057692307692304 0.036057692307692304
1 0.5865384615384616 0.6394230769230769 0.03365384615384615 0.04326923076923077
11 0.5925480769230769 0.7139423076923077 0.040865384615384616 0.038461538461538464
11 0.7247596153846154 0.21514423076923078 0.04567307692307692 0.040865384615384616