1 0.5846524064171122 0.3298317307692308 0.04705882352941177 0.03492788461538461
11 0.5287700534759358 0.36560096153846156 0.04032085561497326 0.027307692307692307
9 0.42780748663101603 0.6237980769230769 0.0374331550802139 0.03125
9 0.3984224598930481 0.6586057692307693 0.03358288770053476 0.03483173076923077
9 0.5947860962566844 0.6913221153846153 0.04705882352941177 0.03329326923076923
14 0.5355347593582888 0.6966586538461539 0.0470855614973262 0.04091346153846154
9 0.44919786096256686 0.7223557692307693 0.0374331550802139 0.040865384615384616
11 0.6599732620320856 0.7750240384615386 0.02842245989304813 0.0271875
1 0.41112299465240637 0.7788461538461539 0.03526737967914438 0.04088942307692308
14 0.46443850267379677 0.8001442307692308 0.0403475935828877 0.034783653846153846
14 0.5186096256684493 0.8009134615384615 0.0470855614973262 0.04545673076923077