9 0.7455528846153846 0.2510096153846154 0.03754807692307692 0.03665865384615385
16 0.6704807692307693 0.2882692307692308 0.03201923076923077 0.03331730769230769
11 0.6793750000000001 0.5446634615384616 0.034254807692307696 0.036634615384615384
1 0.765625 0.5889423076923077 0.03125 0.03365384615384615
14 0.6860336538461538 0.6197355769230769 0.02978365384615385 0.03550480769230769
14 0.7127403846153846 0.6258653846153847 0.03201923076923077 0.027716346153846154
9 0.6637980769230769 0.6836778846153847 0.04091346153846154 0.034375
14 0.5475961538461539 0.6998076923076924 0.028725961538461537 0.033269230769230766
14 0.6076442307692308 0.7148317307692308 0.04651442307692308 0.03658653846153846
9 0.653798076923077 0.7303846153846153 0.034254807692307696 0.034375
14 0.36853365384615383 0.7420673076923077 0.03545673076923077 0.03769230769230769
14 0.5414663461538461 0.7543028846153846 0.04319711538461538 0.04213942307692308
9 0.689375 0.7810096153846153 0.03423076923076923 0.03545673076923077
9 0.5837259615384616 0.7854567307692307 0.038725961538461535 0.028798076923076923
16 0.59875 0.8026923076923077 0.037620192307692306 0.02545673076923077
9 0.5776201923076922 0.8215865384615384 0.028725961538461537 0.02766826923076923
14 0.47473557692307694 0.9205769230769231 0.04098557692307692 0.036538461538461534