11 0.6176470588235294 0.2439903846153846 0.016042780748663103 0.016826923076923076
11 0.5213903743315508 0.24959134615384615 0.029411764705882353 0.026442307692307692
11 0.5501336898395722 0.29221153846153847 0.01871657754010695 0.014423076923076924
9 0.4117647058823529 0.30649038461538464 0.0374331550802139 0.03125
11 0.5454545454545454 0.3161057692307692 0.03208556149732621 0.026442307692307692
16 0.49064171122994654 0.3173076923076923 0.040106951871657755 0.03365384615384615
9 0.6818181818181818 0.5865384615384616 0.058823529411764705 0.038461538461538464
9 0.37566844919786097 0.6502403846153846 0.05080213903743316 0.040865384615384616
16 0.35427807486631013 0.71875 0.040106951871657755 0.038461538461538464
16 0.6644385026737968 0.7355769230769231 0.029411764705882353 0.028846153846153848
9 0.5280748663101604 0.7776442307692307 0.034759358288770054 0.03125
16 0.6377005347593583 0.7872596153846154 0.05080213903743316 0.036057692307692304
9 0.6189839572192514 0.0829326923076923 0.034759358288770054 0.026442307692307692
9 0.43983957219251335 0.84375 0.040106951871657755 0.04326923076923077
16 0.6310160427807486 0.8713942307692307 0.03208556149732621 0.026442307692307692
16 0.6671122994652406 0.8713942307692307 0.029411764705882353 0.026442307692307692
16 0.6764705882352942 0.9086538461538461 0.058823529411764705 0.028846153846153848
6 0.47459893048128343 0.9122596153846154 0.09358288770053476 0.06009615384615385
16 0.6577540106951871 0.9495192307692307 0.0374331550802139 0.028846153846153848
11 0.6684491978609626 0.12259615384615384 0.016042780748663103 0.014423076923076924
11 0.5975935828877005 0.16105769230769232 0.01871657754010695 0.014423076923076924
11 0.6109625668449198 0.16466346153846154 0.013368983957219251 0.016826923076923076
11 0.5550267379679145 0.17177884615384614 0.016042780748663103 0.016826923076923076
9 0.4625668449197861 0.17548076923076922 0.0427807486631016 0.03365384615384615
11 0.5133689839572193 0.1778846153846154 0.0213903743315508 0.014423076923076924
11 0.48262032085561496 0.17908653846153846 0.02406417112299465 0.021634615384615384
11 0.56951871657754 0.19110576923076922 0.016042780748663103 0.016826923076923076
11 0.5413903743315508 0.20625 0.016042780748663103 0.014423076923076924
11 0.4959893048128342 0.21033653846153846 0.02406417112299465 0.021634615384615384
11 0.5742780748663102 0.2168028846153846 0.016042780748663103 0.016826923076923076
11 0.5721925133689839 0.23076923076923078 0.0213903743315508 0.014423076923076924