9 0.44917112299465245 0.2716826923076923 0.034759358288770054 0.038461538461538464
11 0.7446524064171123 0.38822115384615385 0.034759358288770054 0.021634615384615384
11 0.775855614973262 0.39742788461538464 0.03208556149732621 0.021634615384615384
11 0.7914438502673797 0.44711538461538464 0.03208556149732621 0.02403846153846154
16 0.7299465240641712 0.4639423076923077 0.0427807486631016 0.038461538461538464
9 0.37032085561497324 0.4675480769230769 0.034759358288770054 0.040865384615384616
11 0.7152406417112299 0.6213942307692307 0.029411764705882353 0.021634615384615384
1 0.48983957219251334 0.6269711538461539 0.034759358288770054 0.03125
11 0.6443850267379679 0.7103365384615384 0.03208556149732621 0.03125
14 0.6871657754010695 0.7379807692307693 0.058823529411764705 0.0625
16 0.56951871657754 0.7548076923076923 0.0427807486631016 0.03365384615384615
9 0.7620320855614974 0.7584134615384616 0.0481283422459893 0.04567307692307692
14 0.6778074866310161 0.7848557692307693 0.034759358288770054 0.03125
14 0.6301604278074866 0.7852163461538461 0.03208556149732621 0.036057692307692304