9 0.6502403846153846 0.2707253886010363 0.08413461538461539 0.08031088082901554
16 0.5408653846153846 0.29015544041450775 0.052884615384615384 0.05181347150259067
9 0.3858173076923077 0.3121761658031088 0.06971153846153846 0.06994818652849741
6 0.8209134615384616 0.3756476683937824 0.07932692307692307 0.07253886010362694
9 0.6586538461538461 0.40803108808290156 0.07211538461538461 0.09067357512953368
9 0.5216346153846154 0.5 0.08173076923076923 0.06217616580310881
11 0.6610576923076923 0.5116580310880829 0.04326923076923077 0.05958549222797927
9 0.8004807692307693 0.533678756476684 0.0673076923076923 0.06217616580310881
11 0.5685096153846154 0.5686528497409327 0.04567307692307692 0.05958549222797927
11 0.5336538461538461 0.6437823834196891 0.04326923076923077 0.038860103626943004
11 0.53125 0.677461139896373 0.04326923076923077 0.03367875647668394
14 0.7548076923076923 0.7746113989637305 0.052884615384615384 0.06217616580310881
14 0.19471153846153846 0.8095854922279793 0.057692307692307696 0.06994818652849741
9 0.8425480769230769 0.08937823834196891 0.0889423076923077 0.08549222797927461
9 0.8966346153846154 0.23186528497409326 0.07692307692307693 0.08549222797927461