16 0.1751336898395722 0.2932692307692308 0.034759358288770054 0.03365384615384615
9 0.5588235294117647 0.30528846153846156 0.03208556149732621 0.04807692307692308
1 0.16443850267379678 0.3137019230769231 0.02406417112299465 0.021634615384615384
11 0.232620320855615 0.3269230769230769 0.03208556149732621 0.028846153846153848
11 0.19786096256684493 0.45072115384615385 0.0374331550802139 0.03125
16 0.4184491978609626 0.5853365384615384 0.05080213903743316 0.04567307692307692
1 0.08021390374331551 0.6225961538461539 0.0374331550802139 0.038461538461538464
16 0.5628342245989305 0.6430288461538461 0.06149732620320856 0.040865384615384616
9 0.23663101604278075 0.7211538461538461 0.045454545454545456 0.03365384615384615
1 0.19385026737967914 0.7716346153846154 0.045454545454545456 0.028846153846153848
16 0.40641711229946526 0.10576923076923077 0.053475935828877004 0.04807692307692308
11 0.24331550802139038 0.109375 0.0374331550802139 0.03365384615384615
9 0.196524064171123 0.16947115384615385 0.05080213903743316 0.036057692307692304
1 0.3074866310160428 0.20072115384615385 0.0427807486631016 0.026442307692307692