9 0.6210427807486631 0.5796394230769231 0.03791443850267379 0.029423076923076923
9 0.6717914438502673 0.6032451923076922 0.043529411764705886 0.028846153846153848
9 0.6112299465240641 0.6067307692307693 0.040962566844919786 0.028846153846153848
9 0.8280748663101604 0.6067788461538461 0.047379679144385026 0.03418269230769231
9 0.6885561497326202 0.6495913461538462 0.04093582887700535 0.03346153846153846
9 0.7190106951871659 0.6515384615384616 0.03729946524064171 0.03629807692307692
9 0.8042513368983958 0.6558173076923077 0.029385026737967914 0.03129807692307692
9 0.614144385026738 0.6720192307692308 0.07286096256684492 0.05420673076923077
9 0.51524064171123 0.6936057692307693 0.03457219251336898 0.0334375
9 0.6988502673796791 0.6993990384615384 0.035775401069518716 0.03576923076923077
9 0.5874064171122995 0.7272115384615384 0.03967914438502674 0.035745192307692304
9 0.6671122994652406 0.8348557692307692 0.03256684491978609 0.0275
9 0.4379144385026738 0.9160336538461539 0.03459893048128342 0.040336538461538465