9 0.5735294117647058 0.33052884615384615 0.040106951871657755 0.03125
16 0.37433155080213903 0.35336538461538464 0.03208556149732621 0.038461538461538464
11 0.7713903743315508 0.3894230769230769 0.029411764705882353 0.028846153846153848
11 0.7446524064171123 0.44591346153846156 0.029411764705882353 0.026442307692307692
11 0.7152406417112299 0.4675480769230769 0.02406417112299465 0.026442307692307692
11 0.6363636363636364 0.6634615384615384 0.0213903743315508 0.014423076923076924
11 0.6470588235294118 0.6814903846153846 0.026737967914438502 0.021634615384615384
11 0.5962566844919787 0.703125 0.026737967914438502 0.021634615384615384
11 0.6724598930481284 0.7199519230769231 0.02406417112299465 0.026442307692307692
16 0.5040106951871658 0.7211538461538461 0.029411764705882353 0.03365384615384615
11 0.6082887700534759 0.7331730769230769 0.029411764705882353 0.019230769230769232
9 0.45454545454545453 0.890625 0.03208556149732621 0.026442307692307692
9 0.5013368983957219 0.9194711538461539 0.045454545454545456 0.040865384615384616