11 0.39742788461538464 0.4679567307692307 0.03365384615384615 0.038461538461538464
1 0.5384615384615384 0.4963942307692308 0.04807692307692308 0.040865384615384616
11 0.43149038461538464 0.546875 0.040865384615384616 0.04567307692307692
1 0.5588942307692307 0.05889423076923077 0.05048076923076923 0.04567307692307692
9 0.5528846153846154 0.609375 0.0673076923076923 0.04567307692307692
6 0.42908653846153844 0.6237980769230769 0.04567307692307692 0.055288461538461536
9 0.7668269230769231 0.640625 0.0673076923076923 0.05048076923076923
6 0.4210817307692307 0.07050480769230769 0.08173076923076923 0.07692307692307693
6 0.6538461538461539 0.8088942307692307 0.08173076923076923 0.08413461538461539
1 0.9122596153846154 0.8882211538461539 0.040865384615384616 0.04567307692307692
1 0.6802884615384616 0.8966346153846154 0.038461538461538464 0.04326923076923077
6 0.4326923076923077 0.14423076923076922 0.0673076923076923 0.0625