9 0.31283422459893045 0.3545673076923077 0.0481283422459893 0.03125
11 0.1925133689839572 0.3737980769230769 0.03208556149732621 0.03125
11 0.21256684491978609 0.4110576923076923 0.034759358288770054 0.028846153846153848
11 0.29010695187165775 0.44350961538461536 0.034759358288770054 0.03125
11 0.31016042780748665 0.45834134615384614 0.03208556149732621 0.028846153846153848
11 0.2393048128342246 0.49278846153846156 0.040106951871657755 0.03365384615384615
11 0.22994652406417113 0.5540865384615384 0.03208556149732621 0.021634615384615384
9 0.16176470588235295 0.5649038461538461 0.034759358288770054 0.03365384615384615
11 0.35294117647058826 0.5925480769230769 0.03208556149732621 0.021634615384615384
11 0.2967914438502674 0.6117788461538461 0.0427807486631016 0.03125
9 0.3850267379679144 0.6490384615384616 0.06951871657754011 0.04326923076923077
9 0.3195187165775401 0.8028846153846154 0.034759358288770054 0.038461538461538464
9 0.4144385026737968 0.9002403846153846 0.053475935828877004 0.05048076923076923
11 0.41622994652406414 0.09228365384615385 0.0427807486631016 0.03365384615384615