16 0.49759615384615385 0.296875 0.038461538461538464 0.036057692307692304
9 0.41586538461538464 0.4110576923076923 0.052884615384615384 0.04326923076923077
16 0.8617788461538461 0.4254807692307692 0.040865384615384616 0.038461538461538464
11 0.4483173076923077 0.43028846153846156 0.03125 0.02403846153846154
11 0.453125 0.5456730769230769 0.036057692307692304 0.028846153846153848
11 0.44350961538461536 0.5673076923076923 0.036057692307692304 0.028846153846153848
9 0.8004807692307693 0.6382211538461539 0.04326923076923077 0.05048076923076923
9 0.8509615384615384 0.6466346153846154 0.04326923076923077 0.057692307692307696
9 0.6410336538461539 0.8834134615384616 0.0625 0.057692307692307696
9 0.5865384615384616 0.890625 0.04326923076923077 0.036057692307692304
16 0.6658653846153846 0.9278846153846154 0.038461538461538464 0.03365384615384615
16 0.6021634615384616 0.9471153846153846 0.040865384615384616 0.038461538461538464
9 0.5805288461538461 0.9807692307692307 0.06009615384615385 0.038461538461538464