1 0.5470053475935829 0.2865144230769231 0.041176470588235294 0.03838942307692308
1 0.22254010695187168 0.374375 0.03459893048128342 0.028822115384615384
6 0.48612299465240644 0.4339182692307692 0.07465240641711231 0.078125
9 0.563048128342246 0.4591826923076923 0.038502673796791446 0.03721153846153846
14 0.40050802139037434 0.6913221153846153 0.05058823529411765 0.041971153846153846
6 0.13425133689839572 0.692548076923077 0.05871657754010695 0.04677884615384616
9 0.2078342245989305 0.7099759615384615 0.039946524064171124 0.02632211538461538
9 0.19914438502673798 0.7268269230769231 0.03860962566844919 0.021514423076923077
9 0.3784224598930481 0.7376442307692308 0.03588235294117647 0.033533653846153845
14 0.5503475935828878 0.740048076923077 0.03449197860962567 0.03834134615384615
9 0.14494652406417113 0.7436538461538462 0.05601604278074866 0.047956730769230765
14 0.3436363636363637 0.7442548076923077 0.05195187165775401 0.03713942307692308
14 0.5784491978609626 0.747860576923077 0.03713903743315508 0.044350961538461534
9 0.15366310160427807 0.7779567307692308 0.04700534759358288 0.030240384615384617