14 0.9331550802139037 0.5949519230769231 0.0481283422459893 0.05048076923076923
14 0.7152406417112299 0.6310096153846154 0.10962566844919786 0.06490384615384616
14 0.9050802139037433 0.6394230769230769 0.040106951871657755 0.057692307692307696
14 0.7302673796791443 0.6703846153846154 0.06350267379679145 0.03466346153846154
2 0.9440641711229946 0.7074038461538461 0.034385026737967915 0.032379807692307694
9 0.6083155080213903 0.7100000000000001 0.04895721925133689 0.04016826923076923
9 0.8863636363636364 0.7223557692307693 0.06149732620320856 0.05048076923076923
9 0.7179144385026738 0.7422836538461539 0.05080213903743316 0.042283653846153846
1 0.5489839572192513 0.7679086538461538 0.037406417112299466 0.031057692307692307
9 0.6126737967914438 0.8180048076923078 0.04895721925133689 0.047956730769230765
1 0.7400267379679144 0.8375240384615386 0.03735294117647059 0.02973557692307692
14 0.7259358288770054 0.8701923076923077 0.045454545454545456 0.052884615384615384