9 0.2962566844919786 0.33653846153846156 0.043422459893048125 0.03918269230769231
14 0.2556149732620321 0.5537019230769231 0.08858288770053477 0.07024038461538461
11 0.5686631016042781 0.6267788461538462 0.034304812834224596 0.02420673076923077
11 0.5317914438502673 0.6484134615384616 0.04486631016042781 0.032331730769230765
11 0.3052941176470588 0.6978125000000001 0.02537433155080214 0.025552884615384616
11 0.2495989304812834 0.701875 0.028395721925133687 0.025528846153846152
11 0.44224598930481285 0.7499038461538461 0.025320855614973263 0.024182692307692308
14 0.2781818181818182 0.7566586538461538 0.0645187165775401 0.06475961538461539
14 0.38957219251336894 0.8276923076923077 0.049411764705882356 0.06067307692307692
6 0.6684491978609626 0.08533653846153846 0.11229946524064172 0.06009615384615385
6 0.7687165775401069 0.16466346153846154 0.06684491978609626 0.08413461538461539