11 0.2247596153846154 0.3894230769230769 0.040865384615384616 0.028846153846153848
9 0.2704326923076923 0.4543269230769231 0.055288461538461536 0.0625
9 0.6334134615384616 0.4639423076923077 0.040865384615384616 0.052884615384615384
11 0.3629807692307692 0.6370192307692307 0.028846153846153848 0.03365384615384615
11 0.296875 0.6706730769230769 0.021634615384615384 0.028846153846153848
11 0.3581730769230769 0.7307692307692307 0.03365384615384615 0.03365384615384615
11 0.3786057692307692 0.7608173076923077 0.03125 0.03125
9 0.23918269230769232 0.7776442307692307 0.05048076923076923 0.06009615384615385
9 0.43028846153846156 0.78125 0.052884615384615384 0.052884615384615384
11 0.32091346153846156 0.8153125 0.040865384615384616 0.03365384615384615
11 0.5276442307692307 0.19230769230769232 0.040865384615384616 0.038461538461538464