14 0.5651604278074867 0.2536057692307692 0.06117647058823529 0.05048076923076923
11 0.5320855614973262 0.45834134615384614 0.05355614973262032 0.04646634615384615
14 0.11435828877005348 0.49158653846153844 0.05850267379679144 0.036057692307692304
14 0.11171122994652406 0.5420673076923077 0.05850267379679144 0.03125
14 0.1702139037433155 0.6165865384615384 0.06914438502673796 0.040865384615384616
14 0.10770053475935829 0.6622596153846154 0.050534759358288765 0.036057692307692304
14 0.14893048128342246 0.7091346153846154 0.04254010695187166 0.0625
11 0.4930748663101604 0.8976682692307693 0.03967914438502674 0.035745192307692304
11 0.5591711229946524 0.9272836538461539 0.04917112299465241 0.040456730769230766
11 0.5146256684491979 0.9326923076923077 0.03457219251336898 0.028846153846153848
2 0.248048128342246 0.8001923076923076 0.02911764705882353 0.024134615384615383
2 0.3866042780748663 0.744326923076923 0.030374331550802137 0.02625
2 0.39176470588235296 0.8495432692307693 0.02943850267379679 0.026658653846153846
14 0.22975935828877006 0.7086057692307691 0.037566844919786097 0.03581730769230769
14 0.4256951871657754 0.958125 0.02411764705882353 0.028774038461538462
14 0.38058823529411767 0.9493509615384615 0.02679144385026738 0.023846153846153847
11 0.25181818181818183 0.40475961538461536 0.030989304812834226 0.0278125
11 0.2214705882352941 0.400625 0.03224598930481284 0.02204326923076923
11 0.16893048128342245 0.42872596153846154 0.03411764705882353 0.02766826923076923