9 0.31490384615384615 0.39492753623188404 0.04807692307692308 0.07971014492753623
9 0.3858173076923077 0.39492753623188404 0.036057692307692304 0.06521739130434782
16 0.421875 0.5090579710144928 0.040865384615384616 0.06884057971014493
9 0.38100961538461536 0.5271739130434783 0.06009615384615385 0.08333333333333333
9 0.53125 0.6195652173913043 0.07211538461538461 0.07246376811594203
9 0.3317307692307692 0.06884057971014493 0.0673076923076923 0.08695652173913043
1 0.23557692307692307 0.7844202898550725 0.0625 0.08333333333333333
9 0.375 0.8170289855072463 0.04807692307692308 0.06159420289855073
9 0.2644230769230769 0.8659420289855072 0.04326923076923077 0.07971014492753623
9 0.546875 0.18478260869565216 0.055288461538461536 0.08695652173913043
9 0.38461538461538464 0.30434782608695654 0.057692307692307696 0.07971014492753623
9 0.6009615384615384 0.31521739130434784 0.0673076923076923 0.09420289855072464
9 0.7235576923076923 0.3188405797101449 0.0673076923076923 0.10144927536231885