14 0.516042780748663 0.5721153846153846 0.058823529411764705 0.0673076923076923
6 0.4184491978609626 0.6069711538461539 0.09893048128342247 0.07932692307692307
14 0.5828877005347594 0.6129807692307693 0.0374331550802139 0.04807692307692308
14 0.3141711229946524 0.6153846153846154 0.09358288770053476 0.10096153846153846
14 0.5347593582887701 0.6742788461538461 0.06417112299465241 0.055288461538461536
14 0.4197860962566845 0.6754807692307693 0.0374331550802139 0.04326923076923077
14 0.3836898395721925 0.7103365384615384 0.05080213903743316 0.040865384615384616
14 0.4077540106951872 0.7427884615384616 0.029411764705882353 0.057692307692307696
14 0.4572192513368984 0.7475961538461539 0.06951871657754011 0.08653846153846154
14 0.3783422459893048 0.7908653846153846 0.05614973262032086 0.04807692307692308
14 0.4425133689839572 0.8317307692307693 0.05080213903743316 0.0625