11 0.4583333333333333 0.28125 0.0641025641025641 0.052884615384615384
11 0.3942307692307692 0.28846153846153844 0.07051282051282051 0.052884615384615384
11 0.4310897435897436 0.35096153846153844 0.060897435897435896 0.038461538461538464
11 0.38621794871794873 0.3545673076923077 0.060897435897435896 0.04567307692307692
11 0.3092948717948718 0.38221153846153844 0.060897435897435896 0.04326923076923077
9 0.5224358974358975 0.4026442307692308 0.12179487179487179 0.08413461538461539
9 0.453525641025641 0.44471153846153844 0.07371794871794872 0.0673076923076923
11 0.5464743589743589 0.5132211538461539 0.05448717948717949 0.040865384615384616
11 0.40544871794871795 0.056490384615384616 0.05448717948717949 0.04567307692307692
11 0.5288461538461539 0.5552884615384616 0.07051282051282051 0.04326923076923077
9 0.23557692307692307 0.6189903846153846 0.16987179487179488 0.11778846153846154
9 0.5048076923076923 0.06490384615384616 0.09294871794871795 0.057692307692307696
9 0.34935897435897434 0.7055288461538461 0.12179487179487179 0.07932692307692307
11 0.21314102564102563 0.7067307692307693 0.0673076923076923 0.04326923076923077
11 0.3685897435897436 0.8425480769230769 0.07692307692307693 0.04567307692307692
9 0.5432692307692307 0.12980769230769232 0.08653846153846154 0.057692307692307696
11 0.46153846153846156 0.14783653846153846 0.07692307692307693 0.036057692307692304
11 0.6538461538461539 0.1814903846153846 0.057692307692307696 0.04567307692307692
11 0.46634615384615385 0.19230769230769232 0.060897435897435896 0.04326923076923077
9 0.5544871794871795 0.20793269230769232 0.10256410256410256 0.08413461538461539