14 0.8328877005347594 0.5504807692307693 0.029411764705882353 0.019230769230769232
14 0.7205882352941176 0.5637019230769231 0.034759358288770054 0.03125
14 0.8489304812834224 0.5649038461538461 0.029411764705882353 0.02403846153846154
14 0.7994652406417112 0.5925480769230769 0.0374331550802139 0.026442307692307692
14 0.8517112299465242 0.5992307692307692 0.052887700534759365 0.031802884615384615
14 0.5828877005347594 0.6141826923076923 0.03208556149732621 0.03125
14 0.8638502673796791 0.6239903846153846 0.03609625668449198 0.027644230769230768
14 0.8890374331550802 0.6346153846153846 0.02406417112299465 0.02403846153846154
14 0.8270855614973261 0.6430288461538461 0.0427807486631016 0.03365384615384615
14 0.7727272727272727 0.6502403846153846 0.0427807486631016 0.04567307692307692
14 0.6403743315508021 0.6598557692307693 0.029411764705882353 0.03125
14 0.7299465240641712 0.6923076923076923 0.0374331550802139 0.04807692307692308
14 0.8221925133689839 0.7175480769230769 0.05080213903743316 0.036057692307692304
14 0.589572192513369 0.7199519230769231 0.040106951871657755 0.03125
14 0.7754010695187166 0.7295673076923077 0.0427807486631016 0.03125
14 0.6991978609625669 0.7403846153846154 0.029411764705882353 0.02403846153846154
6 0.7941176470588235 0.7487980769230769 0.0374331550802139 0.03125
14 0.7112299465240641 0.78125 0.03208556149732621 0.02403846153846154
14 0.6456417112299465 0.8161298076923077 0.07040106951871657 0.04526442307692307
6 0.6858288770053476 0.8185096153846154 0.034759358288770054 0.036057692307692304
6 0.6844919786096256 0.8798076923076923 0.03208556149732621 0.02403846153846154
11 0.4451871657754011 0.9236778846153846 0.04366310160427807 0.030048076923076924
6 0.46521390374331556 0.9547596153846154 0.04192513368983957 0.02971153846153846
14 0.6351336898395722 0.8742788461538461 0.03211229946524064 0.03060096153846154
14 0.668288770053476 0.8487740384615384 0.031069518716577538 0.028004807692307693
14 0.5315508021390375 0.7909855769230769 0.036016042780748665 0.028485576923076922
14 0.8220053475935829 0.4442548076923077 0.04449197860962567 0.03995192307692308
14 0.6274064171122995 0.7488221153846154 0.036844919786096254 0.04536057692307693
14 0.6196524064171123 0.9160336538461539 0.03387700534759358 0.024783653846153848
14 0.6869786096256685 0.9241826923076922 0.031657754010695184 0.02918269230769231
14 0.7623529411764706 0.6903365384615385 0.031524064171122995 0.026033653846153845
14 0.8520320855614973 0.6674278846153846 0.029491978609625668 0.03644230769230769