1 0.6033653846153846 0.3804347826086957 0.03365384615384615 0.036231884057971016
14 0.6911057692307693 0.47282608695652173 0.021634615384615384 0.05434782608695652
14 0.6983173076923077 0.5416666666666666 0.05048076923076923 0.06884057971014493
14 0.5949519230769231 0.572463768115942 0.026442307692307692 0.043478260869565216
6 0.6177884615384616 0.5960144927536232 0.019230769230769232 0.03985507246376811
14 0.7680288461538461 0.6304347826086957 0.021634615384615384 0.036231884057971016
14 0.5841346153846154 0.6322463768115942 0.014423076923076924 0.03985507246376811
6 0.6213942307692307 0.6340579710144928 0.026442307692307692 0.028985507246376812
14 0.6442307692307693 0.6992753623188406 0.04326923076923077 0.06521739130434782
14 0.6766826923076923 0.7065217391304348 0.021634615384615384 0.036231884057971016
6 0.5985576923076923 0.7336956521739131 0.028846153846153848 0.04710144927536232
6 0.6887019230769231 0.7644927536231884 0.021634615384615384 0.028985507246376812
14 0.6382211538461539 0.7898550724637681 0.026442307692307692 0.028985507246376812
9 0.5444711538461539 0.26119565217391305 0.016826923076923076 0.03985507246376811
14 0.7019230769230769 0.3496376811594203 0.02403846153846154 0.04710144927536232